addr,status,reason,circ,guard_fp,middle_fp,exit_fp,hsdir_fp,start,end
cflareki4v3lh674hq55k3n7xd4ibkwx3pnw67rr3gkpsonjmxbktxyd,received,,5,3CFAD0798FF5D3B994F40B8971D4A79D84165A0D,901CBA6FF3B90618D3FFEFF040353C267F690DF8,CD5316A75554C2DADB87EF3624E95D848C309CE8,35513B1D2EA70649346C3C6D34F63D6982E3948A,2020-10-14 03:56:25.225000,2020-10-14 03:56:25.590000
acozp32kzezd5slu,failed,not_found,7,3CFAD0798FF5D3B994F40B8971D4A79D84165A0D,303509AB910EF207B7438C27435C4A2FD579F1B1,8AA959D8DE3A4840E155FCFEDD12A98AC47B615D,0F3B1BCB42C0E688D4A45887EFDD762B8D2F08F9,2020-10-14 03:56:26.385000,2020-10-14 03:56:26.959000
acozp32kzezd5slu,failed,not_found,9,3CFAD0798FF5D3B994F40B8971D4A79D84165A0D,35513B1D2EA70649346C3C6D34F63D6982E3948A,8FA200E9EA2E4E07DA67F2FFD8789104F6A06512,0EFEAA8E74F9D9024A019702D31380C7B5CBDEEA,2020-10-14 03:56:26.960000,2020-10-14 03:56:27.308000
acozp32kzezd5slu,failed,not_found,13,3CFAD0798FF5D3B994F40B8971D4A79D84165A0D,CDAF0B74C45FD5B1955198A8D92C8A518A53D07B,24A17A4C1FA8C2108ACDE3BE681B0731384BF3A5,0F59911D698D3FFE2433B7AB31362FB1EA10237F,2020-10-14 03:56:27.309000,2020-10-14 03:56:27.766000
acozp32kzezd5slu,failed,not_found,16,3CFAD0798FF5D3B994F40B8971D4A79D84165A0D,0C6D3655763B1A3A60FC42135CD60765AFE953BA,F836446663F1EB816F13708955F105D0B2F5C8E0,76AB50C3EC0472A63AFB9A833A535FA6BD691478,2020-10-14 03:56:27.767000,2020-10-14 03:56:28.247000
acozp32kzezd5slu,failed,not_found,17,3CFAD0798FF5D3B994F40B8971D4A79D84165A0D,4E5C4ED5CC70E5A32B48392FF72CC4BE24937EDA,5B1F0DAF378A1FAFCFD5FA9CDC66D1023DC0276E,76D2EBA82BBCCA3DF9F254A9A8372A10A26F3D14,2020-10-14 03:56:28.249000,2020-10-14 03:56:28.542000
acozp32kzezd5slu,failed,not_found,21,3CFAD0798FF5D3B994F40B8971D4A79D84165A0D,EEDC92C8E4F14EFB6200FB4C92D4F957B98652B4,12D552E8AF7AA2B71B218B5BBF6A5FEFA6F26BA0,76B4FEDD0696D924A407CFAB50B6E574B28CCDCA,2020-10-14 03:56:28.542000,2020-10-14 03:56:29.135000
6lf6wj5lu55ptdpg,failed,not_found,8,3CFAD0798FF5D3B994F40B8971D4A79D84165A0D,ED3ACBBB89C5F1597A44A65D2FA203BDB8E208F2,4825FABA5D4A44E6DFC307544EF15F15FB37FA49,B6320E44A230302C7BF9319E67597A9B87882241,2020-10-14 03:56:26.390000,2020-10-14 03:56:27.044000
6lf6wj5lu55ptdpg,failed,not_found,12,3CFAD0798FF5D3B994F40B8971D4A79D84165A0D,014E24C0CD21D2B9829E841D5EC1D3C415F866BF,5047962E97AFDC89C9B9EE98322F3E4CB7BEB639,B63410CD48185ED34E9C6AE62D048D8A6854A5CA,2020-10-14 03:56:27.045000,2020-10-14 03:56:27.473000
6lf6wj5lu55ptdpg,failed,not_found,15,3CFAD0798FF5D3B994F40B8971D4A79D84165A0D,AFF320BA96E4338B61A008D2CA250FFE0E23B09C,40A60D1F1E8AFBED22FCB30B3FBE2E275A14CF99,B6352D774A912764B0B0FE6297666CF09DFE3007,2020-10-14 03:56:27.474000,2020-10-14 03:56:28.415000
6lf6wj5lu55ptdpg,failed,not_found,20,3CFAD0798FF5D3B994F40B8971D4A79D84165A0D,FB691D6E3FEE35C6979EE72AF03A53DD861B4CBB,C303038FDCC72805A160FF64E994333A49ECDA71,242BBC022D6BCDE6B7CD5EFC665B0A83B8E57608,2020-10-14 03:56:28.415000,2020-10-14 03:56:28.827000
6lf6wj5lu55ptdpg,failed,not_found,24,3CFAD0798FF5D3B994F40B8971D4A79D84165A0D,AC990FD1FF5058EFA43A809E948B23EF998D021B,039003C320D9980E0A740F107A1A9C13C99C5FE3,24352D30196BEFE5BB29A50923F79A2804527611,2020-10-14 03:56:28.828000,2020-10-14 03:56:29.642000
6lf6wj5lu55ptdpg,failed,not_found,31,3CFAD0798FF5D3B994F40B8971D4A79D84165A0D,9781B0EE81E95941073AFA37542B36ED71018D49,D08660B6D70B6249A57D89BB7A8F2EA2C952BD35,24592DB1CDA066CDCA41F6403CED661839CDE223,2020-10-14 03:56:29.642000,2020-10-14 03:56:30.869000
pcjawbvlzl5sqwrl,failed,not_found,10,3CFAD0798FF5D3B994F40B8971D4A79D84165A0D,E1D17BDC053225FB0AF1FD07A3DBDACD7412D6CD,FC294B234345C437B781D24E6C0710C89FF2D9B6,4DB0490A0420809A8149E778BBAC8F1E9349D9EC,2020-10-14 03:56:26.912000,2020-10-14 03:56:30.052000
pcjawbvlzl5sqwrl,failed,not_found,34,3CFAD0798FF5D3B994F40B8971D4A79D84165A0D,64E257D94E739278D5954CC820C9D7EAC4E7A7B7,AB10D5040BCBBA912FA448B8CF2A653DC8ACDC2C,71C7D2AC5C0346AE3757FE3CDB3836976B85E96C,2020-10-14 03:56:30.053000,2020-10-14 03:56:30.648000
pcjawbvlzl5sqwrl,failed,not_found,45,3CFAD0798FF5D3B994F40B8971D4A79D84165A0D,503FCA0040D4701CED8078F0A38C3BFD4DB33CCE,E00DFD54DC165D5452FBD3530D30186DAD016A0C,4DE4F06C019EC4814D486524C2A282C1DC7653DE,2020-10-14 03:56:30.649000,2020-10-14 03:56:31.730000
pcjawbvlzl5sqwrl,failed,not_found,55,3CFAD0798FF5D3B994F40B8971D4A79D84165A0D,8EA58F28DCA60F56C6F2131BDFE9BF5FAF2233CE,3239007CE1FB2ECDFDF2067DF23B949295DC5EF6,71CFDEB4D9E00CCC3E31EC4E8A29E109BBC1FB36,2020-10-14 03:56:31.731000,2020-10-14 03:56:32.296000
pcjawbvlzl5sqwrl,failed,not_found,65,3CFAD0798FF5D3B994F40B8971D4A79D84165A0D,DD0C8EEC5CA402A9FA4478F10C31A440F71F6885,005079A42356183CEA5A3ADD239303F44F12E7EA,4DD11C3F11F5E2891D57EF9F7DF43BEE1B514FCE,2020-10-14 03:56:32.296000,2020-10-14 03:56:33.247000
pcjawbvlzl5sqwrl,failed,not_found,79,3CFAD0798FF5D3B994F40B8971D4A79D84165A0D,932A9461D9FD45C5B791B64A7930956949A5C158,F39D6C623821F1BACECF281093F140586BBE3707,71BBBC406506ACB5AFCF9BE4476283363EEC1B66,2020-10-14 03:56:33.248000,2020-10-14 03:56:33.869000
fna25vlar6zsbzv6,failed,not_found,11,3CFAD0798FF5D3B994F40B8971D4A79D84165A0D,8D6E3670C920AF6859CE78447EC7B1FE95590288,06E93D74423FE856DE1EE6478F93BF2860BA6D2D,8B1263563B5E0FB7CBFEACFD504B0BC79759CABE,2020-10-14 03:56:26.926000,2020-10-14 03:56:29.073000
fna25vlar6zsbzv6,failed,not_found,27,3CFAD0798FF5D3B994F40B8971D4A79D84165A0D,F58DB7D175AE3192411CBE3EA9E92632ECEFBC85,EBE718E1A49EE229071702964F8DB1F318075FF8,8AFFEAE2A917D35C4E98395F5F3BDC3A55472632,2020-10-14 03:56:29.073000,2020-10-14 03:56:29.716000
fna25vlar6zsbzv6,failed,not_found,32,3CFAD0798FF5D3B994F40B8971D4A79D84165A0D,F6740DEABFD5F62612FA025A5079EA72846B1F67,66BD39FE805AED414ADE400CAAD862C9CC3AC34E,6222334659111D99DE9D26970ACC4022B290DFD0,2020-10-14 03:56:29.717000,2020-10-14 03:56:30.201000
fna25vlar6zsbzv6,failed,not_found,39,3CFAD0798FF5D3B994F40B8971D4A79D84165A0D,ED664A0DB3B686FAAFEBD905DFFCE0E1981F3F1A,91799AD097018FD5F83B70B978068FB83F72934F,8B0D8D35EC9BE90675E1D054DD7F52F555C80085,2020-10-14 03:56:30.203000,2020-10-14 03:56:31.841000
fna25vlar6zsbzv6,failed,not_found,57,3CFAD0798FF5D3B994F40B8971D4A79D84165A0D,44FE825405384A8CE396D3369F45A4D62ECDAF66,66BD39FE805AED414ADE400CAAD862C9CC3AC34E,621EA822CEAC095845A0CFFFA503D2993AB10FF3,2020-10-14 03:56:31.842000,2020-10-14 03:56:32.529000
fna25vlar6zsbzv6,failed,not_found,71,3CFAD0798FF5D3B994F40B8971D4A79D84165A0D,CF6A6080091BB210AA3892FEFE2F6A396DA08DF3,014E24C0CD21D2B9829E841D5EC1D3C415F866BF,62274AC17DCCF4030A6AD8CEBED0C36E7B8592D8,2020-10-14 03:56:32.530000,2020-10-14 03:56:32.891000
c6xehougrrjmc2lu,failed,not_found,18,3CFAD0798FF5D3B994F40B8971D4A79D84165A0D,584C0B77BDB81DE767DA5BE396DA09C162F32223,CB92FA4D7D71F134CE1F1FFF2BFF53E88DD4A1DB,4A411DD8EBBD539AA0090A305856B9C838F7F2D6,2020-10-14 03:56:27.894000,2020-10-14 03:56:29.508000
c6xehougrrjmc2lu,failed,not_found,30,3CFAD0798FF5D3B994F40B8971D4A79D84165A0D,87D28EE0C993B250EF93DBE4D2CB0E30244D757C,F62200459CB10450C6F1870851774874F18FCA63,B1E43B11A955CBA31F5261A22CBFCE204C95D5DE,2020-10-14 03:56:29.508000,2020-10-14 03:56:30.430000
c6xehougrrjmc2lu,failed,not_found,42,3CFAD0798FF5D3B994F40B8971D4A79D84165A0D,55804F9D37F7B27BD0426B3CB06C64B4D0F95546,2564E23A8053281DF683AD3D77AE28F11C420E9A,4A3EA0E1E4381199A9D80D88AF7D334644DF082B,2020-10-14 03:56:30.431000,2020-10-14 03:56:31.524000
c6xehougrrjmc2lu,failed,not_found,54,3CFAD0798FF5D3B994F40B8971D4A79D84165A0D,2FFE5FAF70D20E76B0474AE9E40C2A0B53F8D9F0,12D9DA539F47A5591FD53D92BA9BDDF8889689EC,4A3B874F0187F2CF0DA3C8F76063B070F9F7A14F,2020-10-14 03:56:31.525000,2020-10-14 03:56:32.053000
c6xehougrrjmc2lu,failed,not_found,63,3CFAD0798FF5D3B994F40B8971D4A79D84165A0D,1079E628FC6B0025656AC024F2D9975C441498CD,00C22D3BC1822EB8EA380AF04245337399E796E2,B2002D5C75A0FAD8F33962614718F35CB672CC57,2020-10-14 03:56:32.054000,2020-10-14 03:56:32.507000
c6xehougrrjmc2lu,failed,not_found,70,3CFAD0798FF5D3B994F40B8971D4A79D84165A0D,8358BDDA9C9A680B4E3A2809E5C24F5B3624D5C2,71539D1911ECB826069A4D156771AC4F9F4632A7,B1F09810C4F7B9D30F483DCE389180335D40968C,2020-10-14 03:56:32.509000,2020-10-14 03:56:32.995000
dx237juipolagv3j,failed,not_found,19,3CFAD0798FF5D3B994F40B8971D4A79D84165A0D,B0335F7872A698A86E5E9AC3CF323B50AEF9C081,0C41DC37946901C297626C0D1ABF68423947DDE5,2AB9FFCC6618FBBC973C457FC6BE5E8620A60FDC,2020-10-14 03:56:27.894000,2020-10-14 03:56:28.779000
dx237juipolagv3j,failed,not_found,22,3CFAD0798FF5D3B994F40B8971D4A79D84165A0D,B4A96C0852DD0841579D33E09A98D641EACCD73E,E8BAE7393740A700D50B010DED9D9EC9A66B390D,2AA5F598F9A1812F01CD99E3B59BB87362ED7438,2020-10-14 03:56:28.781000,2020-10-14 03:56:29.159000
dx237juipolagv3j,failed,not_found,23,3CFAD0798FF5D3B994F40B8971D4A79D84165A0D,2BAF092E8667C00CA3D9686C76D8EC3CC6BC7C5B,C3E0E9EA1FF3FCFC27E856BFE61533020DD7F090,FA8138622F8EBE01091BEE60810AB2F0DD6E4D21,2020-10-14 03:56:29.159000,2020-10-14 03:56:29.496000
dx237juipolagv3j,failed,not_found,29,3CFAD0798FF5D3B994F40B8971D4A79D84165A0D,FD79B7F9230858B48E75F389661840C702511078,24F97F98C45E4754655BE66799049763DAEE99CE,FAA935B0BC3B4348CCBD3EBA95681AB51730977D,2020-10-14 03:56:29.496000,2020-10-14 03:56:29.907000
dx237juipolagv3j,failed,not_found,37,3CFAD0798FF5D3B994F40B8971D4A79D84165A0D,A2F7674E837C4131D70A840262AFC269801F14BA,68F175CCABE727AA2D2309BCD8789499CEE36ED7,FA69F7C51067D9A84168962C46ACA480A90CD354,2020-10-14 03:56:29.907000,2020-10-14 03:56:30.823000
dx237juipolagv3j,failed,not_found,47,3CFAD0798FF5D3B994F40B8971D4A79D84165A0D,A9F5135AE18C7E25C7C79117CD8C7619BFEB85ED,38F21DEE29E40DCDF9460A80662B7723562CA008,2A8A5DCE8D109EBB2738A4EA18889C2D7B485F53,2020-10-14 03:56:30.824000,2020-10-14 03:56:31.186000
iwzskcuplkredwdc,failed,not_found,25,3CFAD0798FF5D3B994F40B8971D4A79D84165A0D,7B57933E29D520471D7E67AB48B06B62832828F9,1B90395827F7499A37C73F09BC5AA0225808F6FC,C2A3F4315DEC7F4E31D18818E1002B0C6A2E5535,2020-10-14 03:56:28.914000,2020-10-14 03:56:29.309000
iwzskcuplkredwdc,failed,not_found,28,3CFAD0798FF5D3B994F40B8971D4A79D84165A0D,7ED3D8AFAC750F8CC0BDF8C87FE3BCBA2BBE2209,288C100FFA656938C23F32207CAF0DA932ECD247,8737CA0A57A1548B0F6177A9DADAB4583A3C2C86,2020-10-14 03:56:29.310000,2020-10-14 03:56:29.732000
iwzskcuplkredwdc,failed,not_found,33,3CFAD0798FF5D3B994F40B8971D4A79D84165A0D,05499507DA8B381370E0858A784C3AFE13DC927F,3FFBA34E170D3377500E3E21BB3429345967532F,87357FCC2BF2C21F069714381BCA6C3E7EFCBD5D,2020-10-14 03:56:29.732000,2020-10-14 03:56:30.344000
iwzskcuplkredwdc,failed,not_found,40,3CFAD0798FF5D3B994F40B8971D4A79D84165A0D,980B28A19B0A66948035A3FE143E5CF613C84122,945AA2F6C2EC644B533D048C79E035A6CF092C4F,8737307DE84C2621E6399E99123967A9590297F2,2020-10-14 03:56:30.346000,2020-10-14 03:56:30.995000
iwzskcuplkredwdc,failed,not_found,50,3CFAD0798FF5D3B994F40B8971D4A79D84165A0D,B143D439B72D239A419F8DCE07B8A8EB1B486FA7,61B2102DB3D97F16FBB359EFE86EC6887A1B3B5A,C2A58E55765E41061FDC6E10721D8328B2FDD52B,2020-10-14 03:56:30.997000,2020-10-14 03:56:31.871000
iwzskcuplkredwdc,failed,not_found,59,3CFAD0798FF5D3B994F40B8971D4A79D84165A0D,09A70E396DE93F54D4541BBB0EC8E2B23761F34F,768B488AE2C61B6FA837E3AB8DB7601E1A0B8492,C2B1BF766B95CF7B8B381357F6C376461B58DEB8,2020-10-14 03:56:31.871000,2020-10-14 03:56:32.427000
o3oj6o4b6uqqb2u6,failed,not_found,26,3CFAD0798FF5D3B994F40B8971D4A79D84165A0D,863CD660DE6A4F72D014011BCC66E4A6A195B66F,2FFE5FAF70D20E76B0474AE9E40C2A0B53F8D9F0,46BC57CFDC91DE75CBDA7D264A1FD4684A048B5C,2020-10-14 03:56:28.929000,2020-10-14 03:56:30.141000
o3oj6o4b6uqqb2u6,failed,not_found,38,3CFAD0798FF5D3B994F40B8971D4A79D84165A0D,6CD171AD2C407711CBFD5BFDA79CB7F6A74C3252,0ED0EA324C931CF41CB5272BFB1D015B3D5772A9,46E0487EEEFD694CE625CC6E12D032395C01DB82,2020-10-14 03:56:30.141000,2020-10-14 03:56:30.571000
o3oj6o4b6uqqb2u6,failed,not_found,44,3CFAD0798FF5D3B994F40B8971D4A79D84165A0D,B872BA6804C8C6E140AE1897B44CF32B42FD2397,44DC23661E05DEFD94398936D9334987ABCB6E5E,46EC7BB31BFEC251B89E0C0715DEC4AA8208A1BA,2020-10-14 03:56:30.572000,2020-10-14 03:56:31.131000
o3oj6o4b6uqqb2u6,failed,not_found,46,3CFAD0798FF5D3B994F40B8971D4A79D84165A0D,BD4C647508162F59CB44E4DFC1C2B2B8A9387CCA,33B36B7CD097F0BE1EE51E739DDA8F1B2E80B0F2,AA7630738F82C4DF26BB8EFF131564DACDEAC64C,2020-10-14 03:56:31.131000,2020-10-14 03:56:31.491000
o3oj6o4b6uqqb2u6,failed,not_found,53,3CFAD0798FF5D3B994F40B8971D4A79D84165A0D,F5F9B6B40E4D7AFCECDFB1F4503D56D522C7EFAA,1188DC549FDF5E8054E1FE8C789A632CD1872F7E,AA8B7237B4D2C76ED4AF24B3B47B375812AACC83,2020-10-14 03:56:31.492000,2020-10-14 03:56:32.072000
o3oj6o4b6uqqb2u6,failed,not_found,56,3CFAD0798FF5D3B994F40B8971D4A79D84165A0D,595E9FA86E06021D53465FF0365C7FF92A4A115D,A4771CB90024F1870D622960519945A3E49B40FE,AA4AF27D6A573B0EEB234AEF89750CA6E6141C0E,2020-10-14 03:56:32.074000,2020-10-14 03:56:32.398000
wvznupux2d5wft42,failed,not_found,35,3CFAD0798FF5D3B994F40B8971D4A79D84165A0D,EE010EF80A27AC0B02CDC2B8B214A6201BB02D2B,E0B3B10226F067A1B215178D19A19EF311E7FDC3,F9E97AAC7ACB6B48CA17FA55554FD6CB1651ED33,2020-10-14 03:56:29.900000,2020-10-14 03:56:30.534000
wvznupux2d5wft42,failed,not_found,43,3CFAD0798FF5D3B994F40B8971D4A79D84165A0D,A99B0D9E5FD5BC3C8F2D006EC91F8C7F40E09CB8,88A18960AF7735FD4489374AC411FBBFE9743A20,F9E32D4058F7F35E9BC4F1D8C3B2DAA0C4466660,2020-10-14 03:56:30.535000,2020-10-14 03:56:31.214000
wvznupux2d5wft42,failed,not_found,51,3CFAD0798FF5D3B994F40B8971D4A79D84165A0D,2EB3C230180694A1E848001E20F36F76A2287039,1CB6DB698C49965D3C75A09B8D9EBFDD0E3B5603,FCC392FC20A5C1C5B5E95AB6E24735E493E3AEB7,2020-10-14 03:56:31.214000,2020-10-14 03:56:32.165000
wvznupux2d5wft42,failed,not_found,64,3CFAD0798FF5D3B994F40B8971D4A79D84165A0D,7CA5DD27BAA6DCDDD537CE8CB5E11E63642F48F1,D7DB8E82604F806766FC3F80213CF719A0481D0B,FA150B9FEBD863358C53C4A16E35A051411763A6,2020-10-14 03:56:32.166000,2020-10-14 03:56:33.199000
wvznupux2d5wft42,failed,not_found,73,3CFAD0798FF5D3B994F40B8971D4A79D84165A0D,75F4BE85F5DC623BDAF65CB269CD6E4E3F14FE38,BF0FB582E37F738CD33C3651125F2772705BB8E8,FCC70D3F500C2EA62004137B0137201A93A2B57E,2020-10-14 03:56:33.200000,2020-10-14 03:56:33.866000
wvznupux2d5wft42,failed,not_found,86,3CFAD0798FF5D3B994F40B8971D4A79D84165A0D,D9F061CC5EE68CC916586CF8522E73FFB8848C3F,B1080EA61CAF5763139E7B596F37FE9830311C8F,FCE1FA95BC61BC2FF9752EE9BB5651805A30FD99,2020-10-14 03:56:33.867000,2020-10-14 03:56:34.401000
kchdk57regr7qhmy,failed,not_found,36,3CFAD0798FF5D3B994F40B8971D4A79D84165A0D,5F9141428BF5EAE485F0E2F7912DEDED4F4D17A7,41145C3169D810DB360FF2FCA232093B02C0B262,F4F605AA21C4633CCB5B8DBBC1CEEE5C590C6DCE,2020-10-14 03:56:29.901000,2020-10-14 03:56:30.374000
kchdk57regr7qhmy,failed,not_found,41,3CFAD0798FF5D3B994F40B8971D4A79D84165A0D,16AE2704B794C6C0013C7E47AF11DCABA808A0B9,8554E174D5CDB3E5E194E4A8F8378509255E8243,F4ED55A7A14B648FB54C902165F801E4937B5698,2020-10-14 03:56:30.375000,2020-10-14 03:56:31.850000
kchdk57regr7qhmy,failed,not_found,58,3CFAD0798FF5D3B994F40B8971D4A79D84165A0D,B56B9FE93F83B4FA69234B17A060E8A8E7446D19,7F302F0AACC76835768AF068849CA07D1CC38C5E,F4D3FBD1E4918978D1D13604798CECB5EE5C9188,2020-10-14 03:56:31.851000,2020-10-14 03:56:32.334000
kchdk57regr7qhmy,failed,not_found,66,3CFAD0798FF5D3B994F40B8971D4A79D84165A0D,6DFEB41C04CCE846871338E85DD5ACF5CFB6C1DD,7B700C0C207EBD0002E00F499BE265519AC3C25A,2F64EA527C4AA6F99E261318DD1FF127828E2525,2020-10-14 03:56:32.335000,2020-10-14 03:56:32.840000
kchdk57regr7qhmy,failed,not_found,75,3CFAD0798FF5D3B994F40B8971D4A79D84165A0D,FDCCAF8E5F3F8D33B633238CFCB7113FB9B7AA78,3239007CE1FB2ECDFDF2067DF23B949295DC5EF6,2F644DDEF8BAA31BA0240E6C6D36665D90DA57C9,2020-10-14 03:56:32.841000,2020-10-14 03:56:33.308000
kchdk57regr7qhmy,failed,not_found,122,3CFAD0798FF5D3B994F40B8971D4A79D84165A0D,837D5EA513DF7FDDA36BE569C646151CDA4B9935,ACC874AD6D4D3AC308CB6C044620A159A1123196,2F67A940520D1C9E66497D3847F0FDEE545AE7C0,2020-10-14 03:56:33.308000,2020-10-14 03:56:37.604000
zid7hobnvky5ut23,failed,not_found,48,3CFAD0798FF5D3B994F40B8971D4A79D84165A0D,F0F5074A6DADD3DC22E1FAA18FD6D89CBC52771A,0E300A0942899B995AE08CEF58062BCFEB51EEDF,D74C47EA991FAE041C2CBB233493C6780B197A14,2020-10-14 03:56:30.916000,2020-10-14 03:56:31.478000
zid7hobnvky5ut23,failed,not_found,52,3CFAD0798FF5D3B994F40B8971D4A79D84165A0D,10A1E225A56E02F66011BEA3CD51D9F694D22913,5C9CA36D31340CA64BE095CF50ED71A50085A470,D74F619C74C2E601A39EBE58C8E34DFEB3BADE99,2020-10-14 03:56:31.478000,2020-10-14 03:56:33.308000
zid7hobnvky5ut23,failed,not_found,80,3CFAD0798FF5D3B994F40B8971D4A79D84165A0D,2CF2DFBA221B77E96E9FE69725AE82F4E101BE4A,8AE7DE9B3E76B5C2298A89604ED75E3B9EBAC031,D738B161E0C217DA15C6C94C183D78AB658EFC8A,2020-10-14 03:56:33.308000,2020-10-14 03:56:34.011000
zid7hobnvky5ut23,failed,not_found,90,3CFAD0798FF5D3B994F40B8971D4A79D84165A0D,55008A58196B5E9E769B53BA587E0F9E211A213D,E43B42C153E2F4215D581A121B7DAD568FE3DB15,DE5DB7401ACCF00A66E9BDFF76E4CA4A85CA2F95,2020-10-14 03:56:34.012000,2020-10-14 03:56:34.431000
zid7hobnvky5ut23,failed,not_found,93,3CFAD0798FF5D3B994F40B8971D4A79D84165A0D,30E899AAFEB7429FEA43A15F2B43759D965E289F,FA1845C313B88EF49E8BE1F23B02CD0AC702B636,DE72FEB474E8A3CC502CFC43621180EA9D462FE0,2020-10-14 03:56:34.432000,2020-10-14 03:56:35.611000
zid7hobnvky5ut23,failed,not_found,105,3CFAD0798FF5D3B994F40B8971D4A79D84165A0D,10A5EFCCD2FB9C1A4AC20FB779A5DB11B58957A7,6B9EA8927AB6E94E216067E65372182343A5AFA2,DE514E42528D4FB8B79804B561008B482B91D402,2020-10-14 03:56:35.613000,2020-10-14 03:56:36.168000
dr6ckbbi7abjlowd,failed,not_found,49,3CFAD0798FF5D3B994F40B8971D4A79D84165A0D,FAFF33D5273691F537E4657C91A8DF58182EB561,8F22AFDD06AA4238ADD93A8EA6FBC2BB9C652711,BCF55F865EE6EF17E25EFEAF851BC429F190B85D,2020-10-14 03:56:30.929000,2020-10-14 03:56:31.917000
dr6ckbbi7abjlowd,failed,not_found,62,3CFAD0798FF5D3B994F40B8971D4A79D84165A0D,56927E61B51E6F363FB55498150A6DDFCF7077F2,B1289B91C190A6803C1ADA6E381C0843CE039D70,A86EC24F5B8B964F67AC7C27CE92842025983274,2020-10-14 03:56:31.918000,2020-10-14 03:56:32.428000
dr6ckbbi7abjlowd,failed,not_found,68,3CFAD0798FF5D3B994F40B8971D4A79D84165A0D,CA4E9DFE87DE87E502F3B503D07EC8EFCAEE2549,2A5746BFF32A363CD3AAD05196C0F10E7143BBB6,BD439540C7B86367B7F279C9CDD4BD601A850787,2020-10-14 03:56:32.429000,2020-10-14 03:56:32.813000
dr6ckbbi7abjlowd,failed,not_found,72,3CFAD0798FF5D3B994F40B8971D4A79D84165A0D,BDDF8187EA4419951CFD0A54088B634564F63AF3,840ED78A802ED8C647F6CB5F2DE409FFCB36B7AC,BD3FBEC1D67C48A2583DB378B92A59C5E9AB4DA2,2020-10-14 03:56:32.814000,2020-10-14 03:56:33.342000
dr6ckbbi7abjlowd,failed,not_found,82,3CFAD0798FF5D3B994F40B8971D4A79D84165A0D,6962377722C4AA5E56540F4F9693DFA525449974,7C22E89AB620E77DF1B4A33787A5EC3F2AB4A8D1,A868303126987902D51F2B6F06DD90038C45B119,2020-10-14 03:56:33.342000,2020-10-14 03:56:34.025000
dr6ckbbi7abjlowd,failed,not_found,91,3CFAD0798FF5D3B994F40B8971D4A79D84165A0D,EC8D71DA87C4A98B910170E3C42A2CE329223398,8358BDDA9C9A680B4E3A2809E5C24F5B3624D5C2,A87D19DD1A89327B8DB878DC2793426752799B5C,2020-10-14 03:56:34.025000,2020-10-14 03:56:35.111000
5fhlaogzb6mcwgdk,failed,not_found,60,3CFAD0798FF5D3B994F40B8971D4A79D84165A0D,4B550F757A5904939280CB85DE61F125A08AE5DE,E3B0739EEFFF0DE4203BBE8563F2A1C89D410347,3F62F05E859D7F98B086F702A31F7714D566E49A,2020-10-14 03:56:31.892000,2020-10-14 03:56:32.449000
5fhlaogzb6mcwgdk,failed,not_found,69,3CFAD0798FF5D3B994F40B8971D4A79D84165A0D,509EAB4C5D10C9A9A24B4EA0CE402C047A2D64E6,CB4EBE9C475A60A5F2CDA92C83CE093BD945D940,1D361A2F1CAE4FDD5A85E13C168BE7075A100524,2020-10-14 03:56:32.450000,2020-10-14 03:56:32.828000
5fhlaogzb6mcwgdk,failed,not_found,74,3CFAD0798FF5D3B994F40B8971D4A79D84165A0D,FC4D03403ECD90463198B9F2F81E0B37ED7AFE1D,9B8D08275C852A677E8C65E1DDA74431BE509B4C,3F65766ADE067D9D08920E3B74DAB9040EDD26B2,2020-10-14 03:56:32.829000,2020-10-14 03:56:33.466000
5fhlaogzb6mcwgdk,failed,not_found,83,3CFAD0798FF5D3B994F40B8971D4A79D84165A0D,91517F219F7648E4B8BBF3C162C77DDC55315612,F73036C92CD94D5A16DEA9E50FE4BEC2AF3DE171,1D3174338A1131A53E098443E76E1103CDED00DC,2020-10-14 03:56:33.467000,2020-10-14 03:56:33.883000
5fhlaogzb6mcwgdk,failed,not_found,87,3CFAD0798FF5D3B994F40B8971D4A79D84165A0D,0B555940D37DC849728841C0B290074E1A1BDCA8,EAA088440B100FF8407266B5D4853FFB16A8CB67,1D4B555184EC12F758BC8BBB4C0983AFBC25D6F5,2020-10-14 03:56:33.883000,2020-10-14 03:56:34.453000
5fhlaogzb6mcwgdk,failed,not_found,95,3CFAD0798FF5D3B994F40B8971D4A79D84165A0D,5FB384605F53DCBF1CB02143D318DA3E8EE38A24,856B7EFB7E09D02A29DD2FF024B7E1EFE21FE9EB,3F4EC1D4ED5BD331E9695F49DC482150CF5DE8E3,2020-10-14 03:56:34.454000,2020-10-14 03:56:35.113000
kgnkuk6ggmnqlqso,failed,not_found,61,3CFAD0798FF5D3B994F40B8971D4A79D84165A0D,7EB91FDB68EAD3A13808D9356DA82605773215F5,ACA0B8702A6A0B890217A3D26B7220EB6E1CFFD1,FC629D4416C43468274FA21E4BE0609322E7B268,2020-10-14 03:56:31.898000,2020-10-14 03:56:32.349000
kgnkuk6ggmnqlqso,failed,not_found,67,3CFAD0798FF5D3B994F40B8971D4A79D84165A0D,0B555940D37DC849728841C0B290074E1A1BDCA8,8E7ACAD878BBD61097C0E0D557160F5D59BCE5CA,EAEFC00FDF96D24F75FC007A5623BD6A3A737423,2020-10-14 03:56:32.350000,2020-10-14 03:56:32.915000
kgnkuk6ggmnqlqso,failed,not_found,78,3CFAD0798FF5D3B994F40B8971D4A79D84165A0D,AA7630738F82C4DF26BB8EFF131564DACDEAC64C,1E1A7C9134637383BE653C41973995A229D81595,FC627D21D5AFB33C146F77474ACC33CF119A60FB,2020-10-14 03:56:32.915000,2020-10-14 03:56:34.117000
kgnkuk6ggmnqlqso,failed,not_found,85,3CFAD0798FF5D3B994F40B8971D4A79D84165A0D,855BC2DABE24C861CD887DB9B2E950424B49FC34,DD0C8EEC5CA402A9FA4478F10C31A440F71F6885,EAF639CC9B126F1775F9D66FCC46DBCAF2485BFB,2020-10-14 03:56:34.118000,2020-10-14 03:56:35.536000
kgnkuk6ggmnqlqso,failed,not_found,104,3CFAD0798FF5D3B994F40B8971D4A79D84165A0D,1CDCB48F64E21D5ACAFE2471912E2E76F600EDFA,13F24D5FC60E99D3535A68761C2D622303484F93,EAD250EE6D1BDB1BBACFFD1C3C262D59FD55A41A,2020-10-14 03:56:35.537000,2020-10-14 03:56:35.940000
kgnkuk6ggmnqlqso,failed,not_found,110,3CFAD0798FF5D3B994F40B8971D4A79D84165A0D,00C22D3BC1822EB8EA380AF04245337399E796E2,CE1FD7659F2DFE92B883083C0C6C974616D17F3D,FC773D88785CF34CF0028BA13C5CBD32CAB27AE2,2020-10-14 03:56:35.940000,2020-10-14 03:56:38.880000
46zmfjplay37yziz,failed,not_found,121,3CFAD0798FF5D3B994F40B8971D4A79D84165A0D,EE3015A8920F6CA1D3CE48BE88C2864B28017FA8,5C5D61F279AA0816F506FD5CE86C30F256291DDE,B7E2EBFBE4462FC908E48007517C53ED0FF752B2,2020-10-14 03:56:32.901000,2020-10-14 03:56:38.298000
46zmfjplay37yziz,failed,not_found,135,3CFAD0798FF5D3B994F40B8971D4A79D84165A0D,C5D91B75D9B991FB53C41AB694D97C961D37B5AB,88D5F0BD87F9BC1A96FCBFDCEDB1C0E6BAB1D14E,C02DEF705C3DC2155BCB0E24DFD1B9D0ED0FF507,2020-10-14 03:56:38.298000,2020-10-14 03:56:38.960000
46zmfjplay37yziz,failed,not_found,697,3CFAD0798FF5D3B994F40B8971D4A79D84165A0D,18747512B2DD1AE88C4CA9F6EAEB687A96389666,C7B06598721344ECA8F31BE89CAFB642FEA57548,C04850673F655A91F5AD3C06E1E5B9056C5FA2E0,2020-10-14 03:56:38.961000,2020-10-14 03:57:21.633000
46zmfjplay37yziz,failed,not_found,706,3CFAD0798FF5D3B994F40B8971D4A79D84165A0D,61FA7E7C766577D76EBABF19330993DEFA8AF3C3,56781CCC9F6D29FEA148799AB588429C893A473C,C03209F54BC299927CA7581147434F439F37CACB,2020-10-14 03:57:21.633000,2020-10-14 03:57:22.216000
46zmfjplay37yziz,failed,not_found,717,3CFAD0798FF5D3B994F40B8971D4A79D84165A0D,484A10BA2B8D48A5F0216674C8DD50EF27BC32F3,F07671D992DA28551DF18C6CA616007208D5D078,B7D773E2196DB5B4129D3C050C063DB0F8DF91A5,2020-10-14 03:57:22.217000,2020-10-14 03:57:22.686000
46zmfjplay37yziz,failed,not_found,713,3CFAD0798FF5D3B994F40B8971D4A79D84165A0D,478B0E18930CA4117369679AF329FC49D9110966,56781CCC9F6D29FEA148799AB588429C893A473C,B7ECD9C6A910A170B55165742049CBCC777494F2,2020-10-14 03:57:22.686000,2020-10-14 03:57:23.579000
qjbs5qn2bsdzugsa,failed,not_found,77,3CFAD0798FF5D3B994F40B8971D4A79D84165A0D,562434D987CF49D45649B76ADCA993BEA8F78471,43C83536DACCD110FF11E049A890064F6F87BEB2,3539F96FCCDC645C7801006F92864CBAFD4A8EB2,2020-10-14 03:56:32.905000,2020-10-14 03:56:33.573000
qjbs5qn2bsdzugsa,failed,not_found,84,3CFAD0798FF5D3B994F40B8971D4A79D84165A0D,4DB0490A0420809A8149E778BBAC8F1E9349D9EC,215616527FB97ED5BE0BF8D2166BDB44EEB6A840,FE9CB0E0629636EBD8D0C71F46E387B944C01BCF,2020-10-14 03:56:33.574000,2020-10-14 03:56:34.445000
qjbs5qn2bsdzugsa,failed,not_found,94,3CFAD0798FF5D3B994F40B8971D4A79D84165A0D,0BCD2A99AA76C0985FC28140CE710549C70AC0FD,3C79702BCC4AA498CB8E9FEC8A51A72AE89169EA,35513B1D2EA70649346C3C6D34F63D6982E3948A,2020-10-14 03:56:34.445000,2020-10-14 03:56:35.072000
qjbs5qn2bsdzugsa,failed,not_found,100,3CFAD0798FF5D3B994F40B8971D4A79D84165A0D,38DC78302D5CB107B6D5CCC02EE4D8773AA910DE,587B1EAF1E22E148EFB010DAA337ACDCD4DB5CBA,FE9313D50FB0E68F674812BF7CED0D8F2C2B65E6,2020-10-14 03:56:35.073000,2020-10-14 03:56:35.941000
qjbs5qn2bsdzugsa,failed,not_found,111,3CFAD0798FF5D3B994F40B8971D4A79D84165A0D,03910F285A33F365838EC66EF2C2EF754D046760,63B32F7E5389E8DBC5E1BCEFE48312DA7CCEF5D6,3547FAF7D6526BBE81CC07FACAD612A99BDD9876,2020-10-14 03:56:35.942000,2020-10-14 03:56:36.435000
qjbs5qn2bsdzugsa,failed,not_found,118,3CFAD0798FF5D3B994F40B8971D4A79D84165A0D,6ED6758622A73F54F0EF59A9D31D71AABD7A70DA,A5F835A8438D84C146DD540502AFF27F96E8F72E,FE857C3043412FD5454ED5FEF55C4C572E5B70CF,2020-10-14 03:56:36.436000,2020-10-14 03:56:37.050000
xliu4sr2dwjftbiv,failed,not_found,88,3CFAD0798FF5D3B994F40B8971D4A79D84165A0D,69BE1831EC63C751D241E5E962DA4793355A6253,6DFEB41C04CCE846871338E85DD5ACF5CFB6C1DD,605EE4375EE4C38215C8949F5808863749FD4F4A,2020-10-14 03:56:33.896000,2020-10-14 03:56:34.369000
xliu4sr2dwjftbiv,failed,not_found,92,3CFAD0798FF5D3B994F40B8971D4A79D84165A0D,7DAC367AF33DBEFEDC684789490E213FD348BE36,E5CC91BAFE7CCD68003E873D32E38027638D49D7,CF4DB0E0480FEB1E8F59C3D774EB9275283D579D,2020-10-14 03:56:34.370000,2020-10-14 03:56:35.199000
xliu4sr2dwjftbiv,failed,not_found,97,3CFAD0798FF5D3B994F40B8971D4A79D84165A0D,2B24C281AD12EA96F72C2808E1AF041CEBE345D0,9EB3FD84065E5622A57EFEF14E41A01B5B99A022,CF6A6080091BB210AA3892FEFE2F6A396DA08DF3,2020-10-14 03:56:35.200000,2020-10-14 03:56:35.529000
xliu4sr2dwjftbiv,failed,not_found,103,3CFAD0798FF5D3B994F40B8971D4A79D84165A0D,FA32998AF5628483D8E7B7BB0A4641D33A206A28,F5F4019509109A07E90C45A022CEED9ECA1643C8,60769652C04712912E6E21CED1F08DC797789A75,2020-10-14 03:56:35.529000,2020-10-14 03:56:35.939000
xliu4sr2dwjftbiv,failed,not_found,109,3CFAD0798FF5D3B994F40B8971D4A79D84165A0D,0122A605B7C170D6086143448273D9A9844B69E2,50E43E33EBAB7EB9EAB6B352F3685229DAB25A84,CF556653E704F7B619E1BBC0AE86A8E2E185A17F,2020-10-14 03:56:35.939000,2020-10-14 03:56:36.373000
xliu4sr2dwjftbiv,failed,not_found,116,3CFAD0798FF5D3B994F40B8971D4A79D84165A0D,F17B5CE022C164202A00B3669EFCAB72CF80B93C,06B308F54B4A779D74B30536964182A09C08AB8F,60685893A57D66562A0754BEE3B6A6E68082C8BE,2020-10-14 03:56:36.373000,2020-10-14 03:56:37.142000
kp6o3dqnjhg6eym3,failed,not_found,89,3CFAD0798FF5D3B994F40B8971D4A79D84165A0D,4CFE65E16DBE9D9ED0CFFBD9BEEEE4EAE50CD33F,0E2EEC125A6AC8D5EBF5DB36B776A3DA5510E7A0,01F73DBD9B56C31E3D3AAEB95F8CF1DEB7D9A72F,2020-10-14 03:56:33.901000,2020-10-14 03:56:34.622000
kp6o3dqnjhg6eym3,failed,not_found,96,3CFAD0798FF5D3B994F40B8971D4A79D84165A0D,44496B18C68356AF3A58ACAD835429C37B9432ED,310723122778237508274A36E9557B060A531BDD,D2F4DAC5918BB082A5CFAC5275B29FAC9B399B2B,2020-10-14 03:56:34.623000,2020-10-14 03:56:35.300000
kp6o3dqnjhg6eym3,failed,not_found,101,3CFAD0798FF5D3B994F40B8971D4A79D84165A0D,EEFFC0D532AB63BB3E9CAEADA822971F6D3AE8D6,3DF6C3587C2B25D738F6913F81AFC690B854BEE2,D2F16CBF1BD891968D65D44CD21507E3371279F3,2020-10-14 03:56:35.301000,2020-10-14 03:56:36.342000
kp6o3dqnjhg6eym3,failed,not_found,160,3CFAD0798FF5D3B994F40B8971D4A79D84165A0D,3239007CE1FB2ECDFDF2067DF23B949295DC5EF6,8B73A0FE9754E7CE3BE74F8571B1FE07A9B333E6,01FE2137C42E4802507A1FD97B0158116FD78A8C,2020-10-14 03:56:36.343000,2020-10-14 03:56:41.375000
kp6o3dqnjhg6eym3,failed,not_found,167,3CFAD0798FF5D3B994F40B8971D4A79D84165A0D,DD7BD3E5BD0BA48A8C70B0CDF017FA5988B87E27,43E187B8C7361F47EA968ED5389435865D7F4FE7,01FDC8E92D3280847D856DA1F9BFC2B4CD2C2EE8,2020-10-14 03:56:41.375000,2020-10-14 03:56:41.887000
kp6o3dqnjhg6eym3,failed,not_found,172,3CFAD0798FF5D3B994F40B8971D4A79D84165A0D,DD0C8EEC5CA402A9FA4478F10C31A440F71F6885,E00DFD54DC165D5452FBD3530D30186DAD016A0C,D30E9D4D639068611D6D96861C95C2099140B805,2020-10-14 03:56:41.888000,2020-10-14 03:56:42.334000
ngrlnrejhkme2akf,failed,not_found,98,3CFAD0798FF5D3B994F40B8971D4A79D84165A0D,D5A2B3AE1E8047017A0BBC7209FD624DB84D47CE,ACBF3D504CFF3D74D1991AFDF6AC070606232B10,23A022058948867659E69A5282AC4E367B2ACFBD,2020-10-14 03:56:34.928000,2020-10-14 03:56:35.528000
ngrlnrejhkme2akf,failed,not_found,102,3CFAD0798FF5D3B994F40B8971D4A79D84165A0D,7E47D28F07443B57F8262E1412936B3E258694A3,F38FB55A8CCA6A00CDD024A5EA2CFECB38A48E15,0DD55CF27BBA1F51131A46BC0A0EED68A177D1BB,2020-10-14 03:56:35.528000,2020-10-14 03:56:36.156000
ngrlnrejhkme2akf,failed,not_found,150,3CFAD0798FF5D3B994F40B8971D4A79D84165A0D,1C0736CF3744A3B87C2D2269B8BD3388C7E60552,2A0FAD3CA7A190C43D8ED7896727BD426E8C2EFA,0DDC190D45A6C452F6814408284DDF7DA8175006,2020-10-14 03:56:36.156000,2020-10-14 03:56:41.359000
ngrlnrejhkme2akf,failed,not_found,166,3CFAD0798FF5D3B994F40B8971D4A79D84165A0D,8E7ACAD878BBD61097C0E0D557160F5D59BCE5CA,E5507444DAC04539B8DC624299616141B0DB64D5,0DD04EF0B081BBFDE3082D4ECC8A63FD0022FCAF,2020-10-14 03:56:41.360000,2020-10-14 03:56:41.956000
ngrlnrejhkme2akf,failed,not_found,178,3CFAD0798FF5D3B994F40B8971D4A79D84165A0D,8404E8B8AAB98208FAEFB1727B637133AD9C6FAF,3B60E9CC7B4E5A18AA486224B3933C9828633E86,2398B7FD6C9C97A20FDD7E637CBDAD175D5B761F,2020-10-14 03:56:41.956000,2020-10-14 03:56:43.957000
ngrlnrejhkme2akf,failed,not_found,201,3CFAD0798FF5D3B994F40B8971D4A79D84165A0D,98E659B5B701076BE433B4723F20A1811739588A,EEFFC0D532AB63BB3E9CAEADA822971F6D3AE8D6,239A2E0F09B8FEA551727486519040598A022778,2020-10-14 03:56:43.958000,2020-10-14 03:56:44.311000
hylgvax5jxu27fyg,failed,not_found,99,3CFAD0798FF5D3B994F40B8971D4A79D84165A0D,13EE0E14C6A2751633138277C1443A4C37DD55D4,C0CBBD17F848C8F9A49104A96DB498013B30F14F,F2ED5032B52021E7BADBBB82E6594F1A872FFD09,2020-10-14 03:56:34.928000,2020-10-14 03:56:35.714000
hylgvax5jxu27fyg,failed,not_found,106,3CFAD0798FF5D3B994F40B8971D4A79D84165A0D,AEF0EADA8C92A4DF1500FAE303ECD8E1EBD56670,D847D0480D9C3D4A9E140F6ACFFCA01493A3E3F1,F31C03A766FAA33B62B12105D822FFE69A3BB0E5,2020-10-14 03:56:35.715000,2020-10-14 03:56:36.140000
hylgvax5jxu27fyg,failed,not_found,107,3CFAD0798FF5D3B994F40B8971D4A79D84165A0D,A09D20D85D0AA29C47C90ABEAFDB6B7A4BF7FD07,C5F214F7F9CCBF09324C9AA032760150243A196C,2A8A5DCE8D109EBB2738A4EA18889C2D7B485F53,2020-10-14 03:56:36.141000,2020-10-14 03:56:36.422000
hylgvax5jxu27fyg,failed,not_found,117,3CFAD0798FF5D3B994F40B8971D4A79D84165A0D,BF0FB582E37F738CD33C3651125F2772705BB8E8,CB92FA4D7D71F134CE1F1FFF2BFF53E88DD4A1DB,F2E60DE0F39BEA826B50EB619A014ADCE9619359,2020-10-14 03:56:36.423000,2020-10-14 03:56:36.815000
hylgvax5jxu27fyg,failed,not_found,120,3CFAD0798FF5D3B994F40B8971D4A79D84165A0D,B00B6BA943600447CF72D58DB7A35B16754E43C8,BA856D21B1A22CAE677A712DA4C9F0852D799DF8,2AA5F598F9A1812F01CD99E3B59BB87362ED7438,2020-10-14 03:56:36.816000,2020-10-14 03:56:37.342000
hylgvax5jxu27fyg,failed,not_found,127,3CFAD0798FF5D3B994F40B8971D4A79D84165A0D,622842AE5ECFF0809B4C986D52CA75C349ED11E8,335E993222204F6B4817134506494A6441DEFB6B,2A5746BFF32A363CD3AAD05196C0F10E7143BBB6,2020-10-14 03:56:37.342000,2020-10-14 03:56:38.397000
zjfwcrkd7eyvpj7o,failed,not_found,108,3CFAD0798FF5D3B994F40B8971D4A79D84165A0D,D56A98D38FC3C75E0347EEF3DD9C12749AF7C7C5,ED9A731373456FA071C12A3E63E2C8BEF0A6E721,0882440874034AFBE2FBF16463A290F3278E24F7,2020-10-14 03:56:35.921000,2020-10-14 03:56:36.312000
zjfwcrkd7eyvpj7o,failed,not_found,114,3CFAD0798FF5D3B994F40B8971D4A79D84165A0D,D60C2D85EAD93D23F1C00874D334BBF8A96CD529,08E9530B399F7A71936066586B31A66877066458,2802B96E4BE4FDBFB0F5D5DFBF7E5AB541A18DF0,2020-10-14 03:56:36.313000,2020-10-14 03:56:36.870000
zjfwcrkd7eyvpj7o,failed,not_found,124,3CFAD0798FF5D3B994F40B8971D4A79D84165A0D,64E257D94E739278D5954CC820C9D7EAC4E7A7B7,211310CD09EC290505C1F24018AE5330076412A0,28090710ABE433A47021F22208B3EC245A912900,2020-10-14 03:56:36.870000,2020-10-14 03:56:37.343000
zjfwcrkd7eyvpj7o,failed,not_found,128,3CFAD0798FF5D3B994F40B8971D4A79D84165A0D,CD052DE28C5C790D043C96571A5E66B3C2ACDBEF,12D552E8AF7AA2B71B218B5BBF6A5FEFA6F26BA0,085527CBD6485FD475AC983FA8683A2D9028BAA8,2020-10-14 03:56:37.343000,2020-10-14 03:56:38.079000
zjfwcrkd7eyvpj7o,failed,not_found,130,3CFAD0798FF5D3B994F40B8971D4A79D84165A0D,EA43347E0DA7CEDD595029B511066628C7C8A653,198F12E2DEFBE6BEEBC38B2FEDD615AECB38DA7A,27EE4854D03F81FAEA3884A44303BE00DEEEE555,2020-10-14 03:56:38.080000,2020-10-14 03:56:38.392000
zjfwcrkd7eyvpj7o,failed,not_found,136,3CFAD0798FF5D3B994F40B8971D4A79D84165A0D,083C52051140DB8AF770BD40C7C8883EFFF4CAF3,568DC66FB6A6E7BD462CEF97A333ECE3B97D074A,0861F4966E199C0BA9DB1D904DB4BC843508F12C,2020-10-14 03:56:38.395000,2020-10-14 03:56:39.036000
ft5fb67eeswst2vy,failed,not_found,112,3CFAD0798FF5D3B994F40B8971D4A79D84165A0D,FB016E16B8CD7A0E53DEEF31ED8754E4F6B8E837,E6D4332BF40FDEE7814F2DBC926650EF8032B643,3AFDAAD91A15B4C6A7686A53AA8627CA871FF491,2020-10-14 03:56:35.952000,2020-10-14 03:56:36.707000
ft5fb67eeswst2vy,failed,not_found,119,3CFAD0798FF5D3B994F40B8971D4A79D84165A0D,13F1229C41B8A67F4AB949A3AFA5E6F39EF68BFC,25990FC54D7268C914170A118EE4EE75025451DA,3AB1F18F079CEF1A00E37A4531676C4EB2F867A1,2020-10-14 03:56:36.707000,2020-10-14 03:56:37.274000
ft5fb67eeswst2vy,failed,not_found,123,3CFAD0798FF5D3B994F40B8971D4A79D84165A0D,B25427A8F4A485E03EDA31757AB1C33DBE587428,EFF32E0B2BA102251F3F717CB3988896EEB3A8AE,3AF69B3ECCB000879CA1BCD0B36B619DBF712291,2020-10-14 03:56:37.275000,2020-10-14 03:56:39.568000
ft5fb67eeswst2vy,failed,not_found,148,3CFAD0798FF5D3B994F40B8971D4A79D84165A0D,698A9079E5D8085FF60C4A5110A19BF57837058B,42D47C736518BFA495CA31AEE40AE468F0BDA2A6,05B451C0562FDE23307AFA84FD6A37652E615233,2020-10-14 03:56:39.569000,2020-10-14 03:56:40.778000
ft5fb67eeswst2vy,failed,not_found,158,3CFAD0798FF5D3B994F40B8971D4A79D84165A0D,EE58464CA9602C639C11CDF6615384B0BC121542,6BE5AA34A5C391724677A3FDC2AA77B3768F6E26,05976EAC91BC67A6C0628476EE24DAC1CC378A10,2020-10-14 03:56:40.779000,2020-10-14 03:56:43.880000
ft5fb67eeswst2vy,failed,not_found,202,3CFAD0798FF5D3B994F40B8971D4A79D84165A0D,E8466E02C893B9A6602A251CCEA100F252E25B4B,42949C1EC1FEC5E30197E269FE7850CCA2FD0C0D,05AD6F4906142276C606558C9C3B8876B43CD90F,2020-10-14 03:56:43.880000,2020-10-14 03:56:44.413000
qnolzmxq5a4ozkl4,failed,not_found,125,3CFAD0798FF5D3B994F40B8971D4A79D84165A0D,A171F8332AA037A2855C390488F8EFDFD438AAE6,66BD39FE805AED414ADE400CAAD862C9CC3AC34E,B840C7DE596E77A22187E638C5116DC5B3BBDDD1,2020-10-14 03:56:36.895000,2020-10-14 03:56:37.606000
qnolzmxq5a4ozkl4,failed,not_found,129,3CFAD0798FF5D3B994F40B8971D4A79D84165A0D,09C2AA312AE0DDDF4C5E57CB1BE24158A5408590,4CE6D83FFA8AD24767007E8C972F371F2468F09A,3AB1F18F079CEF1A00E37A4531676C4EB2F867A1,2020-10-14 03:56:37.607000,2020-10-14 03:56:38.057000
qnolzmxq5a4ozkl4,failed,not_found,133,3CFAD0798FF5D3B994F40B8971D4A79D84165A0D,FB691D6E3FEE35C6979EE72AF03A53DD861B4CBB,9BA9334DA769A7C96D464F9EA38A970088B6FECB,B83DC1558F0D34353BB992EF93AFEAFDB226A73E,2020-10-14 03:56:38.058000,2020-10-14 03:56:38.642000
qnolzmxq5a4ozkl4,failed,not_found,137,3CFAD0798FF5D3B994F40B8971D4A79D84165A0D,F73036C92CD94D5A16DEA9E50FE4BEC2AF3DE171,770F6F160A05369FF79FA0E8A8F3B2AF335EFFD2,B849824F8FCD7AEB130DF356F592BA40C686CA08,2020-10-14 03:56:38.642000,2020-10-14 03:56:39.436000
qnolzmxq5a4ozkl4,failed,not_found,145,3CFAD0798FF5D3B994F40B8971D4A79D84165A0D,DC9564AE8BC7BF5F722E3677C897ED1B578C8D81,FA85FE81093FE5D53DDCEA2DBA286E8CCC9C6DDD,3A992EE90A372FF4ED0DB1E26D9662E967C84A92,2020-10-14 03:56:39.438000,2020-10-14 03:56:40.047000
qnolzmxq5a4ozkl4,failed,not_found,151,3CFAD0798FF5D3B994F40B8971D4A79D84165A0D,929BF37C657D4F69C76324E5FEA760A62483813B,1188DC549FDF5E8054E1FE8C789A632CD1872F7E,3A94EFBF4A220B35A92D0A5B4A80D6324C3C306A,2020-10-14 03:56:40.047000,2020-10-14 03:56:40.430000
mlozbwxasgt2dfkq,failed,not_found,126,3CFAD0798FF5D3B994F40B8971D4A79D84165A0D,9127D95DAA81291F26BE45B1A73E2F1145887B94,D35682AB6E29D91AA030E03A9BEB42700D96A1EF,769A297017BB5E92A9A5A3D76725CA12D694AA30,2020-10-14 03:56:36.895000,2020-10-14 03:56:38.169000
mlozbwxasgt2dfkq,failed,not_found,134,3CFAD0798FF5D3B994F40B8971D4A79D84165A0D,9A48EC8AAFB2E8C9E20408596383DB74F1196747,520952098AEC08A9FAF2802482A61AB1BF2EAC2A,A123F404BD9A15D96CC7930C2BE28103341AC68B,2020-10-14 03:56:38.170000,2020-10-14 03:56:38.643000
mlozbwxasgt2dfkq,failed,not_found,138,3CFAD0798FF5D3B994F40B8971D4A79D84165A0D,8D41994D1D18E94403C3F67D0699E4C9D2248D4A,DE4EB74B8105751568A75649F6672A31F2A3DE20,768B488AE2C61B6FA837E3AB8DB7601E1A0B8492,2020-10-14 03:56:38.643000,2020-10-14 03:56:38.995000
mlozbwxasgt2dfkq,failed,not_found,143,3CFAD0798FF5D3B994F40B8971D4A79D84165A0D,DB2682153AC0CCAECD2BD1E9EBE99C6815807A1E,16FD7E5D67B7054EE4E7FDDF04AFB48216CA640A,A13281DBD8F8E484E95DD273B3EE7FC14C1B0A7A,2020-10-14 03:56:38.996000,2020-10-14 03:56:39.293000
mlozbwxasgt2dfkq,failed,not_found,144,3CFAD0798FF5D3B994F40B8971D4A79D84165A0D,FC30F566E7B50D9C6ED6BB86DA4BF4B07AD52DE5,2AA5F598F9A1812F01CD99E3B59BB87362ED7438,A14993020CC672AE519B1F1C9679CE0982C9733F,2020-10-14 03:56:39.295000,2020-10-14 03:56:39.990000
mlozbwxasgt2dfkq,failed,not_found,155,3CFAD0798FF5D3B994F40B8971D4A79D84165A0D,A09D20D85D0AA29C47C90ABEAFDB6B7A4BF7FD07,3BA07FCB32A0151EF9B76507213E43D8ABD3BE5F,767E444E1FA1DA75F3B77479DB5AE2FA3FFF75CC,2020-10-14 03:56:39.991000,2020-10-14 03:56:40.710000
bf2dokq2pjzcmjac,failed,not_found,131,3CFAD0798FF5D3B994F40B8971D4A79D84165A0D,64B43A6198B6C1F97D9ED8929F5A8913C3815935,9AFAFAF168741F001305BBD122B7A7DBA8665353,2E72CDAFA12AE1547795F9BAFF402FC16B653CE0,2020-10-14 03:56:37.922000,2020-10-14 03:56:41.051000
bf2dokq2pjzcmjac,failed,not_found,165,3CFAD0798FF5D3B994F40B8971D4A79D84165A0D,270934A4F7B669AA387F2D475FBE793D03694547,1E176936547346993584514EB52AE2CC2E1FF4FC,786ECA0A66DDC507672BF5987985D9F6E811E79E,2020-10-14 03:56:41.052000,2020-10-14 03:56:41.606000
bf2dokq2pjzcmjac,failed,not_found,170,3CFAD0798FF5D3B994F40B8971D4A79D84165A0D,720B000B01E00C15E1E2776C8E16FE1763A43CA4,0804955CBE470CC50ADBB6AF4D6DF80BB77A5E83,2E72EEABE4EE19183BEFAA10D88B3C16829C9F99,2020-10-14 03:56:41.606000,2020-10-14 03:56:42.370000
bf2dokq2pjzcmjac,failed,not_found,181,3CFAD0798FF5D3B994F40B8971D4A79D84165A0D,50ABA69AF252B16DE00093B478EC88E1A8C903BA,81E18725397D620DA548ABBE24D9CD263DEF2FDC,78B98D12997EDD630F6A674CBF42F20711DEAC11,2020-10-14 03:56:42.371000,2020-10-14 03:56:42.750000
bf2dokq2pjzcmjac,failed,not_found,188,3CFAD0798FF5D3B994F40B8971D4A79D84165A0D,F8DE8132E599A194E20DDB738AF64A7200CD5949,A541C211909264081DC3A4F8E105F06139DDCD8B,78BC2254D3B31CD865F7682633AA438212132532,2020-10-14 03:56:42.750000,2020-10-14 03:56:43.256000
bf2dokq2pjzcmjac,failed,not_found,192,3CFAD0798FF5D3B994F40B8971D4A79D84165A0D,EA032AFA2FE95A590759ED2CDD21BD4DA43EA259,66BD39FE805AED414ADE400CAAD862C9CC3AC34E,2E74F4A6EB5ED3C0182A54900E3A671C5C8DB2D8,2020-10-14 03:56:43.257000,2020-10-14 03:56:44.330000
xzlq4sao7dhf4lbb,failed,not_found,132,3CFAD0798FF5D3B994F40B8971D4A79D84165A0D,F6691E3EB7CAB3C876AAA885E6801B63DC998C39,44FE825405384A8CE396D3369F45A4D62ECDAF66,716EE92A2E93ED69113D8F81E98530BA9A30DC31,2020-10-14 03:56:37.937000,2020-10-14 03:56:39.598000
xzlq4sao7dhf4lbb,failed,not_found,149,3CFAD0798FF5D3B994F40B8971D4A79D84165A0D,42B4F52C5B11E4D39855F654955425B0D5A0598B,A9F7185499C5784E35B5C25744ED4AB75437CE5D,7158D1E0D9F90F7999ACB3B073DA762C9B2C3275,2020-10-14 03:56:39.599000,2020-10-14 03:56:40.236000
xzlq4sao7dhf4lbb,failed,not_found,156,3CFAD0798FF5D3B994F40B8971D4A79D84165A0D,188BE26E437D0B0BDD90E0717558CA686D288BAA,D56A98D38FC3C75E0347EEF3DD9C12749AF7C7C5,31C3153263B3F9322B582F4A06E9E515F0338C4F,2020-10-14 03:56:40.237000,2020-10-14 03:56:40.823000
xzlq4sao7dhf4lbb,failed,not_found,159,3CFAD0798FF5D3B994F40B8971D4A79D84165A0D,99339F3E68BCCC1391BF14C821D80766FE0C5956,F475E5987E44A2B7B143A2BEE3F8128EEFD7E5A3,71730F1BEB5372C9A6FF36704FF1A6A48AEE7813,2020-10-14 03:56:40.824000,2020-10-14 03:56:41.434000
xzlq4sao7dhf4lbb,failed,not_found,168,3CFAD0798FF5D3B994F40B8971D4A79D84165A0D,34DE7F9028A53D5238D779B00DAF7438FDE1D7A0,3586697291602DC8042EB152E60701FFFE8777BD,31D270A38505D4BFBBCABF717E9FB4BCA6DDF2FF,2020-10-14 03:56:41.435000,2020-10-14 03:56:41.924000
xzlq4sao7dhf4lbb,failed,not_found,176,3CFAD0798FF5D3B994F40B8971D4A79D84165A0D,A1B7C1F83E5DA4376FD2E1DBA7AC28A71AB332AD,76AD361FCE919199F4064A872B666A1FF19A1EA4,31A97198C6E2BEBF57EB8FC7DC55A208AD35038E,2020-10-14 03:56:41.924000,2020-10-14 03:56:42.751000
bf7ghwd2lktdkf7n,failed,not_found,140,3CFAD0798FF5D3B994F40B8971D4A79D84165A0D,7DAC367AF33DBEFEDC684789490E213FD348BE36,E459E02374D0385D2E2515CBBE707EA208966BCF,37F6C543A7944CC88B52971705FA5B69AFC7E552,2020-10-14 03:56:38.895000,2020-10-14 03:56:39.520000
bf7ghwd2lktdkf7n,failed,not_found,200,3CFAD0798FF5D3B994F40B8971D4A79D84165A0D,E00DFD54DC165D5452FBD3530D30186DAD016A0C,84F0FEBFDFA8FBC6A2EA27F87EBB31F050AFD04D,37F3B91330C07A8F22F8D31545503E52627002CB,2020-10-14 03:56:39.521000,2020-10-14 03:56:44.309000
bf7ghwd2lktdkf7n,failed,not_found,212,3CFAD0798FF5D3B994F40B8971D4A79D84165A0D,4EB55679FA91363B97372554F8DC7C63F4E5B101,7F745D212FD281756B1254B3B84A2E8A5FD89A94,380F79145FF9C2332CBF41313062C99DBA9B0E50,2020-10-14 03:56:44.309000,2020-10-14 03:56:45.543000
bf7ghwd2lktdkf7n,failed,not_found,229,3CFAD0798FF5D3B994F40B8971D4A79D84165A0D,E3D61BAEA0B7CB12CACEDC8821C520557BDFCEA3,A857DA8F3728DE4475BFCD86D91351F5E302B3DF,8A167971BAE692DB1CCABB92635169AE79C99753,2020-10-14 03:56:45.543000,2020-10-14 03:56:46.066000
bf7ghwd2lktdkf7n,failed,not_found,238,3CFAD0798FF5D3B994F40B8971D4A79D84165A0D,43DF5979E1FD37986EFAEB6B9DDCAE42D3FF81D7,DD0C8EEC5CA402A9FA4478F10C31A440F71F6885,89FF4A0818D8BE9F8B71338D96A6B854F77F9FEC,2020-10-14 03:56:46.067000,2020-10-14 03:56:46.666000
bf7ghwd2lktdkf7n,failed,not_found,296,3CFAD0798FF5D3B994F40B8971D4A79D84165A0D,F8DE8132E599A194E20DDB738AF64A7200CD5949,1C8B3C3D8BC705883B7799C915B2FE1E0FEB006F,89FD4FB2A5FD73B50F2E5D85C4707883F8CD5130,2020-10-14 03:56:46.666000,2020-10-14 03:56:51.382000
mn5n3kt3yrlpp2ph,failed,not_found,141,3CFAD0798FF5D3B994F40B8971D4A79D84165A0D,40CDE936B04B4573A47223396006443CA5EAC845,5FCBBEF37C1C629DBACFD4044F724740901CCBAA,13F1229C41B8A67F4AB949A3AFA5E6F39EF68BFC,2020-10-14 03:56:38.899000,2020-10-14 03:56:39.507000
mn5n3kt3yrlpp2ph,failed,not_found,146,3CFAD0798FF5D3B994F40B8971D4A79D84165A0D,9D1E4B6383D9398D1592C1D8087D6817278F9DBF,987D0706D42070F1E2142A9FCCB56B3887808D34,636794E0F8F1067E550FA51BF457163FFE2AC335,2020-10-14 03:56:39.508000,2020-10-14 03:56:42.385000
mn5n3kt3yrlpp2ph,failed,not_found,182,3CFAD0798FF5D3B994F40B8971D4A79D84165A0D,63540827C4832D214984EA47B7A68C593F9F862F,FAAAD4B55963937B4118860A61BC9426C105D2DF,13F24D5FC60E99D3535A68761C2D622303484F93,2020-10-14 03:56:42.386000,2020-10-14 03:56:44.025000
mn5n3kt3yrlpp2ph,failed,not_found,209,3CFAD0798FF5D3B994F40B8971D4A79D84165A0D,2D418A89F79DB4A8E658BA549FBB974D1D22DD1A,1A7A2516A961F2838F7F94786A8811BE82F9CFFE,6369A86CA70119F63EE9A303F65431062394F149,2020-10-14 03:56:44.026000,2020-10-14 03:56:45.721000
mn5n3kt3yrlpp2ph,failed,not_found,231,3CFAD0798FF5D3B994F40B8971D4A79D84165A0D,D8EA105E79803FB0040A8C2A676D93DAEA2CFFF0,E3D61BAEA0B7CB12CACEDC8821C520557BDFCEA3,13EE0E14C6A2751633138277C1443A4C37DD55D4,2020-10-14 03:56:45.723000,2020-10-14 03:56:46.303000
mn5n3kt3yrlpp2ph,failed,not_found,240,3CFAD0798FF5D3B994F40B8971D4A79D84165A0D,722BA3958D6F4B9A7CE927001CE7FED8625A749E,DB621E29A90544FF5AC75E5BD0FEE679A6812F44,63584BC1EF29E794A63C264136D7825C33F0889D,2020-10-14 03:56:46.303000,2020-10-14 03:56:46.804000
hhpmewxonrk6cctw,failed,not_found,152,3CFAD0798FF5D3B994F40B8971D4A79D84165A0D,3A9443710224E5182895C342D1D36C1D460A1206,EFC2A2A0C6EF7E594E26ABCE47D9D17E75C5AFE2,9492CC046A0BB01638C2332073AA0600B3F31252,2020-10-14 03:56:39.902000,2020-10-14 03:56:40.562000
hhpmewxonrk6cctw,failed,not_found,157,3CFAD0798FF5D3B994F40B8971D4A79D84165A0D,10231E08F19C03D5A2FE3AAD03D863ABDE2081BC,E3D72E974DE4C6EFA37656377BA7A4BFE9CF22B7,9492AA2A2AF773EE3C95C6ECC2526D822EBF4E37,2020-10-14 03:56:40.563000,2020-10-14 03:56:41.017000
hhpmewxonrk6cctw,failed,not_found,164,3CFAD0798FF5D3B994F40B8971D4A79D84165A0D,475B34D76756910C11EB7752EB8285F6BE00C1EE,B4A96C0852DD0841579D33E09A98D641EACCD73E,85BFDBFCF9E711CF0F1A22C115368724D7C101F7,2020-10-14 03:56:41.018000,2020-10-14 03:56:42.233000
hhpmewxonrk6cctw,failed,not_found,180,3CFAD0798FF5D3B994F40B8971D4A79D84165A0D,D65DB84BF1EB4DD225B9A1CD9CEFD87B595A30F5,02928855BFAD787F8B363F21860D1E7D156E0655,949545960655C17A26F6525F67C554233CFE163F,2020-10-14 03:56:42.234000,2020-10-14 03:56:43.461000
hhpmewxonrk6cctw,failed,not_found,195,3CFAD0798FF5D3B994F40B8971D4A79D84165A0D,7A2A6F39F485C4FC95FB885FFF37C436FD2BB7E5,968CB7DA0C56E66F22B78CBA0562FE132939D8BF,85A885433E50B1874F11CEC9BE98451E24660976,2020-10-14 03:56:43.461000,2020-10-14 03:56:43.842000
hhpmewxonrk6cctw,failed,not_found,199,3CFAD0798FF5D3B994F40B8971D4A79D84165A0D,221F035A330AC4231A2E3D901F1CB11483C19F66,104DC15ACFA69CF94F89E8ED0F6CDB2D298234D2,85A3AC041E3FCD796AF5D653953D5E27A56E3719,2020-10-14 03:56:43.843000,2020-10-14 03:56:44.363000
bcoob47jfkeruwvk,failed,not_found,153,3CFAD0798FF5D3B994F40B8971D4A79D84165A0D,D14EC16949648CEE84EA1664445029EA4B597074,24F97F98C45E4754655BE66799049763DAEE99CE,33B07D509C6D67006C9AE29ECD4F8EAD1B1112CB,2020-10-14 03:56:39.910000,2020-10-14 03:56:41.174000
bcoob47jfkeruwvk,failed,not_found,161,3CFAD0798FF5D3B994F40B8971D4A79D84165A0D,638D91FC9EF661348A6994D04C3499BC03F50BBE,ECB71AE4B08EAB517B9E16D28689974342EEFABB,D4825DF61F9C8FC64C57CFAE943BF1D705B06ACE,2020-10-14 03:56:41.175000,2020-10-14 03:56:41.572000
bcoob47jfkeruwvk,failed,not_found,169,3CFAD0798FF5D3B994F40B8971D4A79D84165A0D,22775B953E662151549C114CB8EE5FBDBCBDAD02,966D8F4B442C112BC6DCEFEAEB77EF76C1C957E6,33AA6CFE161A698169B548C9D973DAE6DED6BF0E,2020-10-14 03:56:41.573000,2020-10-14 03:56:42.088000
bcoob47jfkeruwvk,failed,not_found,179,3CFAD0798FF5D3B994F40B8971D4A79D84165A0D,100195E079A761751587E31A091D2E2206F35C3A,461D6EA15966C7F99B43D37ADC116B5B8E47D130,33925888F5DB4CD014E5718CB3B1FC82BFE1AD37,2020-10-14 03:56:42.089000,2020-10-14 03:56:42.580000
bcoob47jfkeruwvk,failed,not_found,186,3CFAD0798FF5D3B994F40B8971D4A79D84165A0D,69B53A5AE5025DA8947F7C32F69CA90375ED2A4E,FCD8B7FD7F044F0F32DC928FD77ED121D036F236,D49B7658B826E507CC138AEEFCD6135B321C096D,2020-10-14 03:56:42.581000,2020-10-14 03:56:43.155000
bcoob47jfkeruwvk,failed,not_found,191,3CFAD0798FF5D3B994F40B8971D4A79D84165A0D,8F8D793F4CA40CD0C2B2B9097B699D4037041F58,005ED97213F725867E422B8DC0443361BBB24E3C,D48DC22A810BF47E66C678A63AA54715DD3E9879,2020-10-14 03:56:43.156000,2020-10-14 03:56:43.650000
lwzzobtemxu7eto4,failed,not_found,162,3CFAD0798FF5D3B994F40B8971D4A79D84165A0D,12CF6DB4DAE106206D6C6B09988E865C0509843B,756A8DD40D4166E2863064C98069411559B16887,616081EC829593AF4232550DE6FFAA1D75B37A90,2020-10-14 03:56:40.904000,2020-10-14 03:56:41.939000
lwzzobtemxu7eto4,failed,not_found,177,3CFAD0798FF5D3B994F40B8971D4A79D84165A0D,8885EA6F74A694825B13B8A7080F6CF164DF74FB,76AD361FCE919199F4064A872B666A1FF19A1EA4,2096BCFEBB95A1134F39FCF8CEB076FF41A2B48B,2020-10-14 03:56:41.939000,2020-10-14 03:56:43.131000
lwzzobtemxu7eto4,failed,not_found,189,3CFAD0798FF5D3B994F40B8971D4A79D84165A0D,1079E628FC6B0025656AC024F2D9975C441498CD,3B953203AF332D8FE1452E1CE7CB50A3B5297DB2,614094CAF0701EB568106E60EC12A785E704AE0F,2020-10-14 03:56:43.132000,2020-10-14 03:56:43.461000
lwzzobtemxu7eto4,failed,not_found,196,3CFAD0798FF5D3B994F40B8971D4A79D84165A0D,A541C211909264081DC3A4F8E105F06139DDCD8B,EEDF0AF1F892C82F056063827B47283CC9AEAA41,208F39CCF602D9549E57D6A386259C1129B8D244,2020-10-14 03:56:43.462000,2020-10-14 03:56:43.978000
lwzzobtemxu7eto4,failed,not_found,208,3CFAD0798FF5D3B994F40B8971D4A79D84165A0D,DC2B1E4348AF306326FA63EEDB76EA6139133485,844AE9CAD04325E955E2BE1521563B79FE7094B7,20974D28EB668E689D4256046E0E32034375A0A2,2020-10-14 03:56:43.978000,2020-10-14 03:56:44.352000
lwzzobtemxu7eto4,failed,not_found,213,3CFAD0798FF5D3B994F40B8971D4A79D84165A0D,2AE2CA4BD2B7754F29432C25E03314D52AC4CAF1,9B24B2149631167704362E07356A9E9BFC1F0F05,615ABEA2DE76EB3760BC51E7306BAA59F15CD8F2,2020-10-14 03:56:44.352000,2020-10-14 03:56:44.845000
qeot7bxuvcf4w2ac,failed,not_found,163,3CFAD0798FF5D3B994F40B8971D4A79D84165A0D,90D43CF5541ECF57C1833FED33FFDFF239C4817C,1D4F3F077009207D5D41FD99F7638894ABC1AB93,4AC4F120C119C72356BC9C33BF14E26D2BF052D4,2020-10-14 03:56:40.916000,2020-10-14 03:56:41.896000
qeot7bxuvcf4w2ac,failed,not_found,173,3CFAD0798FF5D3B994F40B8971D4A79D84165A0D,52A022F16D8CDBF019E132F1538A1798F167973A,5DB9AE27A44EB7B476CC04A66C67A71C97A001E6,B890CB3C5A05ED29625F872A1EE462788C7DFACB,2020-10-14 03:56:41.897000,2020-10-14 03:56:42.442000
qeot7bxuvcf4w2ac,failed,not_found,183,3CFAD0798FF5D3B994F40B8971D4A79D84165A0D,1A43588BBE1239EA896DD06C22DAB20C0C5E68EF,EB5D14C266F491B4C5C93B7BC101C450A059D438,4AC424FBB4DAC4B028366C0C2EE9C9DD11A7BE2D,2020-10-14 03:56:42.443000,2020-10-14 03:56:43.297000
qeot7bxuvcf4w2ac,failed,not_found,194,3CFAD0798FF5D3B994F40B8971D4A79D84165A0D,56927E61B51E6F363FB55498150A6DDFCF7077F2,4856C97DC4F2271BC896DF9CABD217EE2D869D68,4AD0B40B0FC679CC300F398BCEBE9D000833F62C,2020-10-14 03:56:43.297000,2020-10-14 03:56:43.916000
qeot7bxuvcf4w2ac,failed,not_found,206,3CFAD0798FF5D3B994F40B8971D4A79D84165A0D,ADD35A22BF77D56AFC18CF58E5D8E2604B8985CF,A5F835A8438D84C146DD540502AFF27F96E8F72E,B872BA6804C8C6E140AE1897B44CF32B42FD2397,2020-10-14 03:56:43.917000,2020-10-14 03:56:44.548000
qeot7bxuvcf4w2ac,failed,not_found,217,3CFAD0798FF5D3B994F40B8971D4A79D84165A0D,9A7417BA401B8C7EFDE24945E18145A1EDA730E7,503FCA0040D4701CED8078F0A38C3BFD4DB33CCE,B87D46124FCB8BD887CC774349F335ED1F8419F6,2020-10-14 03:56:44.549000,2020-10-14 03:56:45.235000
s6y7wkphhosuwbbh,failed,not_found,174,3CFAD0798FF5D3B994F40B8971D4A79D84165A0D,0B25110BA3473A6DC04AB58A3A0D5E4D6922A0E0,D4DC70B25409B8E4B0FD482B8A70CA6A3F4A123C,DB7564CC6C0A38B40BAE93755884B9B01165BE06,2020-10-14 03:56:41.908000,2020-10-14 03:56:42.455000
s6y7wkphhosuwbbh,failed,not_found,187,3CFAD0798FF5D3B994F40B8971D4A79D84165A0D,77177B29BF57C8E3256298F9243E2CB317A9D5B5,DA4B488C2826DFBBD04D635DA1E71A2BA5B20747,DB7CCCF4C8FCAD445379523C8D3D4F50F4FCE57B,2020-10-14 03:56:42.455000,2020-10-14 03:56:44.547000
s6y7wkphhosuwbbh,failed,not_found,215,3CFAD0798FF5D3B994F40B8971D4A79D84165A0D,47A83EC4D144FB8094A57DC5AEB39E9F6F174036,21EB2176DFD7364A8E3705ABF518E880362425FC,51800AF38B30ED1454DD74CB412BADCED5F60593,2020-10-14 03:56:44.548000,2020-10-14 03:56:45.192000
s6y7wkphhosuwbbh,failed,not_found,223,3CFAD0798FF5D3B994F40B8971D4A79D84165A0D,33AA6CFE161A698169B548C9D973DAE6DED6BF0E,B058FBDEA69774C28EAC1111E167BC0AD4A904E0,DB739627A2E20DE302A0D25F21B8B372D4AC2963,2020-10-14 03:56:45.193000,2020-10-14 03:56:45.648000
s6y7wkphhosuwbbh,failed,not_found,232,3CFAD0798FF5D3B994F40B8971D4A79D84165A0D,890480E14E634C8B4467C475E355A6FBF3D99CD5,B96B5141004995295FE87DCCE1A54519BD0BB48A,51AE5656C81CD417479253A6363A123A007A2233,2020-10-14 03:56:45.649000,2020-10-14 03:56:46.263000
s6y7wkphhosuwbbh,failed,not_found,239,3CFAD0798FF5D3B994F40B8971D4A79D84165A0D,CB2DBDB2D9422D57AD85148EF9511AF4CE4D6052,BEA635C89C057DB8E879572C6A2C188239CFAD68,51A8A22944F228EA2D601434D127864B1B0B0F8C,2020-10-14 03:56:46.264000,2020-10-14 03:56:47.203000
m452oq6xayvaizna,failed,not_found,175,3CFAD0798FF5D3B994F40B8971D4A79D84165A0D,8B6B10A0AED89408E509D4422EC926C89C7933D0,43DF5979E1FD37986EFAEB6B9DDCAE42D3FF81D7,311A4533F7A2415F42346A6C8FA77E6FD279594C,2020-10-14 03:56:41.908000,2020-10-14 03:56:42.506000
m452oq6xayvaizna,failed,not_found,185,3CFAD0798FF5D3B994F40B8971D4A79D84165A0D,12CF6DB4DAE106206D6C6B09988E865C0509843B,6C333B5BDBA3DFE7A782E40CB970C271ABFED119,CDE4149F0DC65A7BE1AE440340BE1C7A18135E29,2020-10-14 03:56:42.507000,2020-10-14 03:56:43.285000
m452oq6xayvaizna,failed,not_found,193,3CFAD0798FF5D3B994F40B8971D4A79D84165A0D,7D928720EC0CB5C2AFE04DF0EBC37BD59B00EAB4,AAFFA68AB61238F9044B6ECBA62E25264113EB88,CDE4C5DC9D639E915B99B461EE243044FCA264B6,2020-10-14 03:56:43.286000,2020-10-14 03:56:43.891000
m452oq6xayvaizna,failed,not_found,203,3CFAD0798FF5D3B994F40B8971D4A79D84165A0D,104D9F6CE16EF525B994FA6595E0023F8C6A4E08,21E54A1CB86144A4CAF60C636227ABB3D23C30D0,CDDEC3CC4B0FD5054C99B2D2843DE8B609A4CABA,2020-10-14 03:56:43.891000,2020-10-14 03:56:45.161000
m452oq6xayvaizna,failed,not_found,218,3CFAD0798FF5D3B994F40B8971D4A79D84165A0D,DC9564AE8BC7BF5F722E3677C897ED1B578C8D81,F50CF02A0E6A9D9B25F7EB220FC26F7BD1B74999,30E747B3058994CCCBEAF8B5B4791A9F1628AB7D,2020-10-14 03:56:45.162000,2020-10-14 03:56:45.369000
m452oq6xayvaizna,failed,not_found,227,3CFAD0798FF5D3B994F40B8971D4A79D84165A0D,B058FBDEA69774C28EAC1111E167BC0AD4A904E0,B568135C5E345BAFB080C11FDDF348E545A722E5,30E899AAFEB7429FEA43A15F2B43759D965E289F,2020-10-14 03:56:45.369000,2020-10-14 03:56:45.913000
qzucbt5gtccmbs3t,failed,not_found,171,3CFAD0798FF5D3B994F40B8971D4A79D84165A0D,96347A46E5B5C6AD2DBF72BD5371F48F51F060E8,68773D3FF7B8CEFCEEFCA32AE72015E2D38C62C1,8B496F3EF3BF5CC32A4C20ECDBEC2A06E7EA4357,2020-10-14 03:56:42.902000,2020-10-14 03:56:44.086000
qzucbt5gtccmbs3t,failed,not_found,210,3CFAD0798FF5D3B994F40B8971D4A79D84165A0D,987D0706D42070F1E2142A9FCCB56B3887808D34,1C7D71A2581DE79C5CFC4ED1FF75D5BE30F01BB7,E6898F94A2CBF583B48FB16D2C37F9B55037E9F9,2020-10-14 03:56:44.086000,2020-10-14 03:56:45.040000
qzucbt5gtccmbs3t,failed,not_found,222,3CFAD0798FF5D3B994F40B8971D4A79D84165A0D,FD127D1014ED3D36AFE50558A88BD5E8DB34A645,10A5EFCCD2FB9C1A4AC20FB779A5DB11B58957A7,E6288334BC0F95345817811880DDEA184E63AE69,2020-10-14 03:56:45.041000,2020-10-14 03:56:45.484000
qzucbt5gtccmbs3t,failed,not_found,228,3CFAD0798FF5D3B994F40B8971D4A79D84165A0D,88748052843CC93A02BE1D9E9B5B358AB3A104AA,6287129CB9EC475E816A0D283FE4E45D632A4A4B,8B384367EE627FA63DEF1D3A184C0E39D2B66E9A,2020-10-14 03:56:45.485000,2020-10-14 03:56:46.081000
qzucbt5gtccmbs3t,failed,not_found,234,3CFAD0798FF5D3B994F40B8971D4A79D84165A0D,19D353B8AA0927DF82CB26E0396C57BE27C0ACC5,AC00AEBA1AE2A80CF4184C4362157BF91487B902,E64625ED5B01A1F0E97BCF0B5D431A432A24F408,2020-10-14 03:56:46.081000,2020-10-14 03:56:46.391000
qzucbt5gtccmbs3t,failed,not_found,241,3CFAD0798FF5D3B994F40B8971D4A79D84165A0D,0367E1FFAB716AC3F418CFB7CBB3BDB9403CD9CB,378E474A4805587228ED56900DC7D69B18259AAC,8B1CC76D6D1370A67263628D4CBC01B62903D0BF,2020-10-14 03:56:46.392000,2020-10-14 03:56:46.970000
yqxuaopey27roiag,failed,not_found,190,3CFAD0798FF5D3B994F40B8971D4A79D84165A0D,ACA0B8702A6A0B890217A3D26B7220EB6E1CFFD1,7B0D94D348D9F98C50B6674C5CB17AF35EA2605F,B3D56C1E0AD84BA93AF6DC533A8569C3D0E8A58B,2020-10-14 03:56:42.908000,2020-10-14 03:56:43.469000
yqxuaopey27roiag,failed,not_found,197,3CFAD0798FF5D3B994F40B8971D4A79D84165A0D,D87698D8E2276C7E93D531B7C2A1B27D58C71876,BF37445EA2A9F3D04F4B87DFAC624AEF21B559D5,A7C5B40EC0FB5175E884075DDC87531D353F679C,2020-10-14 03:56:43.470000,2020-10-14 03:56:43.826000
yqxuaopey27roiag,failed,not_found,198,3CFAD0798FF5D3B994F40B8971D4A79D84165A0D,F38FB55A8CCA6A00CDD024A5EA2CFECB38A48E15,813CA569316D7548AF02310BF3099F98D8A50488,B3C6B4D26A20151F568D39ACFA63E15DBC01CD5D,2020-10-14 03:56:43.827000,2020-10-14 03:56:44.308000
yqxuaopey27roiag,failed,not_found,211,3CFAD0798FF5D3B994F40B8971D4A79D84165A0D,70A4A557903C0D2EEA38E92AE3F60D61F898EB61,3D5D6178C44537E3692853B344385F6572A55767,A7C7EB2A0DFB2E3FFFC12B7756707433DD550F9E,2020-10-14 03:56:44.309000,2020-10-14 03:56:44.903000
yqxuaopey27roiag,failed,not_found,219,3CFAD0798FF5D3B994F40B8971D4A79D84165A0D,A6C983C2F7EEADD55CE9169E540EBD95423FC260,070229A4CC2CFFB24EB667298A7DB5E8D11EB701,A7A3D155579D8D5FBD28AB77B40F71037872F934,2020-10-14 03:56:44.903000,2020-10-14 03:56:45.331000
yqxuaopey27roiag,failed,not_found,225,3CFAD0798FF5D3B994F40B8971D4A79D84165A0D,503FCA0040D4701CED8078F0A38C3BFD4DB33CCE,1A7B6D86612CDE160E69215138F59E066BA552BF,B3AA9132A7D759863BFAB6CD12DA6646F2A5D1AD,2020-10-14 03:56:45.332000,2020-10-14 03:56:46.315000
fqnt4zioypura724,failed,not_found,204,3CFAD0798FF5D3B994F40B8971D4A79D84165A0D,21310F48066A4CAADEB2BFD324F0B38F8E1448D6,C3189F000C3A681CED1E892C71736F4A5DF55763,04DFE047ACDF7A6620ACA782FAFC5EF1AE7F4754,2020-10-14 03:56:43.900000,2020-10-14 03:56:44.414000
fqnt4zioypura724,failed,not_found,214,3CFAD0798FF5D3B994F40B8971D4A79D84165A0D,F2899981E3A601A7B2DDC7DDE02C248069704D9F,CE001E45872376CB49EEF2A78519DA1E141172B4,A8B887B3DC8B864E2F0B58F92B0C10D493B5AFFE,2020-10-14 03:56:44.415000,2020-10-14 03:56:45.327000
fqnt4zioypura724,failed,not_found,224,3CFAD0798FF5D3B994F40B8971D4A79D84165A0D,57F1B5F9ADF8E0B089246E27626A52F30DC310F8,D8A2D0080B0C73E1DC0EC9F33B497F64E5FB3F52,04EE5E1B23127D26A36F71C66810D88B0B80BB91,2020-10-14 03:56:45.327000,2020-10-14 03:56:45.908000
fqnt4zioypura724,failed,not_found,237,3CFAD0798FF5D3B994F40B8971D4A79D84165A0D,6C46064C50C9BB77BD9AA427B963316015A3F08B,F73036C92CD94D5A16DEA9E50FE4BEC2AF3DE171,A8BFE1E65C6DC3C7A50F8DFA0BF57F0A118144A5,2020-10-14 03:56:45.909000,2020-10-14 03:56:47.045000
fqnt4zioypura724,failed,not_found,250,3CFAD0798FF5D3B994F40B8971D4A79D84165A0D,3EE6BA5394B18AEF14E0D3B959D733B7A1EC3AD5,901CBA6FF3B90618D3FFEFF040353C267F690DF8,A8BEB150F4BAD51BC6309ED93BFD40022A72A618,2020-10-14 03:56:47.046000,2020-10-14 03:56:47.781000
fqnt4zioypura724,failed,not_found,255,3CFAD0798FF5D3B994F40B8971D4A79D84165A0D,E90F52D29788BD86B5C057EE23383467920FC175,21E54A1CB86144A4CAF60C636227ABB3D23C30D0,04D9CEA8D778ABA130B014F758C2BCADD31DA05E,2020-10-14 03:56:47.782000,2020-10-14 03:56:48.719000
2tvqibe7h5wscqbr,failed,not_found,205,3CFAD0798FF5D3B994F40B8971D4A79D84165A0D,5665A3904C89E22E971305EE8C1997BCA4123C69,64E257D94E739278D5954CC820C9D7EAC4E7A7B7,1C11D59B0144E9B33BB932A031BA8A3A5B81C65E,2020-10-14 03:56:43.900000,2020-10-14 03:56:44.548000
2tvqibe7h5wscqbr,failed,not_found,216,3CFAD0798FF5D3B994F40B8971D4A79D84165A0D,1CD48F4ED0F1821FFBF1940802A13EEFD4C27502,1AE180250D80A692077EDA35CC8E7387A9FDF220,02930FFEB87968D518101EB79202F1C3766078DA,2020-10-14 03:56:44.548000,2020-10-14 03:56:45.354000
2tvqibe7h5wscqbr,failed,not_found,267,3CFAD0798FF5D3B994F40B8971D4A79D84165A0D,2AE2CA4BD2B7754F29432C25E03314D52AC4CAF1,3BB035514F8246AC367B5370F4FE120BB11D8C6D,1C24A2669C7E0D62B2157B95F56ED00EE307C85C,2020-10-14 03:56:45.354000,2020-10-14 03:56:49.348000
2tvqibe7h5wscqbr,failed,not_found,277,3CFAD0798FF5D3B994F40B8971D4A79D84165A0D,A2F7674E837C4131D70A840262AFC269801F14BA,2BAF092E8667C00CA3D9686C76D8EC3CC6BC7C5B,1C265471CAAB20F1D3EFBBB6D6648E060E7F75C4,2020-10-14 03:56:49.348000,2020-10-14 03:56:50.581000
2tvqibe7h5wscqbr,failed,not_found,290,3CFAD0798FF5D3B994F40B8971D4A79D84165A0D,82DA9678A0BAE60087AA68A3E1D6E6A2C4246D6D,66BD39FE805AED414ADE400CAAD862C9CC3AC34E,029E107A59D2B4FEBD06A6115167BD6D048D9C0A,2020-10-14 03:56:50.583000,2020-10-14 03:56:51.218000
2tvqibe7h5wscqbr,failed,not_found,297,3CFAD0798FF5D3B994F40B8971D4A79D84165A0D,7DAC367AF33DBEFEDC684789490E213FD348BE36,B74DABBE248B935CDC1038CD5C9280878C8C94E7,02928855BFAD787F8B363F21860D1E7D156E0655,2020-10-14 03:56:51.220000,2020-10-14 03:56:51.493000
vtmmb4izi6vte6ot,failed,not_found,220,3CFAD0798FF5D3B994F40B8971D4A79D84165A0D,932A9461D9FD45C5B791B64A7930956949A5C158,636CA2469D3B461FC730BAB9F5AA94EA323FC332,A597AC866E40CAB5A67759ADE4942192E99DE684,2020-10-14 03:56:44.913000,2020-10-14 03:56:45.765000
vtmmb4izi6vte6ot,failed,not_found,233,3CFAD0798FF5D3B994F40B8971D4A79D84165A0D,A36D13036750E477E0C5628A5BE4FECB63286D80,FB13B3060516E4C50E5E178227A036977103E4AD,A5866E3505E93D2D0BF391D1FA28931527989827,2020-10-14 03:56:45.766000,2020-10-14 03:56:46.655000
vtmmb4izi6vte6ot,failed,not_found,244,3CFAD0798FF5D3B994F40B8971D4A79D84165A0D,53A2A51C378B4B849510C1A2A27AAB5E953027C9,3A8557B067FBE53F168BBEAA7D14D1298AE52A52,220E611F6D48A2103CF51CAB85DB1ED5431E4560,2020-10-14 03:56:46.655000,2020-10-14 03:56:47.975000
vtmmb4izi6vte6ot,failed,not_found,308,3CFAD0798FF5D3B994F40B8971D4A79D84165A0D,91517F219F7648E4B8BBF3C162C77DDC55315612,43C83536DACCD110FF11E049A890064F6F87BEB2,221546DAE86B003139B13BD6F6AE1B4B42B59DF8,2020-10-14 03:56:47.975000,2020-10-14 03:56:52.269000
vtmmb4izi6vte6ot,failed,not_found,309,3CFAD0798FF5D3B994F40B8971D4A79D84165A0D,42D47C736518BFA495CA31AEE40AE468F0BDA2A6,0B88C0F5B40BA3507AB8962478E1DA6704A09E83,A59AD84F92B2E5A76EBFE3BE62D3B28AF9BFD127,2020-10-14 03:56:52.270000,2020-10-14 03:56:52.996000
vtmmb4izi6vte6ot,failed,not_found,324,3CFAD0798FF5D3B994F40B8971D4A79D84165A0D,7FA3196223EF6DFE7B53EA85E3629239A0EE1CE9,881F09279F94E9AAD3DE30727DF3AD7C2CE900DF,221E976B546E60048A01950250399B8534D4E4B7,2020-10-14 03:56:52.997000,2020-10-14 03:56:53.962000
ewlevwxmo3pprjq3,failed,not_found,221,3CFAD0798FF5D3B994F40B8971D4A79D84165A0D,375DCBB2DBD94E5263BC0C015F0C9E756669617E,CB92FA4D7D71F134CE1F1FFF2BFF53E88DD4A1DB,8AA959D8DE3A4840E155FCFEDD12A98AC47B615D,2020-10-14 03:56:44.920000,2020-10-14 03:56:46.406000
ewlevwxmo3pprjq3,failed,not_found,242,3CFAD0798FF5D3B994F40B8971D4A79D84165A0D,0B85617241252517E8ECF2CFC7F4C1A32DCD153F,ED9A731373456FA071C12A3E63E2C8BEF0A6E721,EB556E9126600C24E0186280EF92D4F2B54EAF27,2020-10-14 03:56:46.407000,2020-10-14 03:56:47.073000
ewlevwxmo3pprjq3,failed,not_found,251,3CFAD0798FF5D3B994F40B8971D4A79D84165A0D,F6D600CF13B3BBE2A91A0653F1EC9D00E7CB3A6B,4856C97DC4F2271BC896DF9CABD217EE2D869D68,8AAD0B090311B7A43D44FD353F32D21628C85D52,2020-10-14 03:56:47.074000,2020-10-14 03:56:47.642000
ewlevwxmo3pprjq3,failed,not_found,253,3CFAD0798FF5D3B994F40B8971D4A79D84165A0D,8DD0956457CF75A49E79F8E434E2DC898182DE79,461453F94FA0E3CBB011685E22CDAFD2AF0DFDC3,8A91128C84415B64F3DB85B49EB88342EAE31249,2020-10-14 03:56:47.643000,2020-10-14 03:56:48.412000
ewlevwxmo3pprjq3,failed,not_found,263,3CFAD0798FF5D3B994F40B8971D4A79D84165A0D,CE47F0356D86CF0A1A2008D97623216D560FB0A8,C422F88699C18A4F299D834391B15F07DBE60625,EB44DEFA821E3672B955ED9B14E28C36F80C5FA8,2020-10-14 03:56:48.413000,2020-10-14 03:56:48.923000
ewlevwxmo3pprjq3,failed,not_found,269,3CFAD0798FF5D3B994F40B8971D4A79D84165A0D,6521A3AEF9AC4B83361411F769EEDCBAB124F162,7A2A6F39F485C4FC95FB885FFF37C436FD2BB7E5,EB5BCFB15ADA99B2C085E169DCC3C0B155C976A0,2020-10-14 03:56:48.924000,2020-10-14 03:56:49.636000
6wme2xcqmpzdqvrp,failed,not_found,235,3CFAD0798FF5D3B994F40B8971D4A79D84165A0D,0042B9F5B608D06DBFF5C075C84F2BBB9B294A5B,00C22D3BC1822EB8EA380AF04245337399E796E2,27EE4854D03F81FAEA3884A44303BE00DEEEE555,2020-10-14 03:56:45.894000,2020-10-14 03:56:46.875000
6wme2xcqmpzdqvrp,failed,not_found,246,3CFAD0798FF5D3B994F40B8971D4A79D84165A0D,B204DE75B37064EF6A4C6BAF955C5724578D0B32,0512FE6BE9CCA0ED133152E64010B2FBA141EB10,27D668BFB3839D8C6E36193FFC3DF4DD6D79B513,2020-10-14 03:56:46.875000,2020-10-14 03:56:47.558000
6wme2xcqmpzdqvrp,failed,not_found,252,3CFAD0798FF5D3B994F40B8971D4A79D84165A0D,B05B3AB0159238FB7AEB1BF08A406D6F31A45ADF,0B555940D37DC849728841C0B290074E1A1BDCA8,0804955CBE470CC50ADBB6AF4D6DF80BB77A5E83,2020-10-14 03:56:47.559000,2020-10-14 03:56:48.399000
6wme2xcqmpzdqvrp,failed,not_found,256,3CFAD0798FF5D3B994F40B8971D4A79D84165A0D,0409605E8343562A790FFE846CB3BD7C04429F70,E3D61BAEA0B7CB12CACEDC8821C520557BDFCEA3,2802B96E4BE4FDBFB0F5D5DFBF7E5AB541A18DF0,2020-10-14 03:56:48.400000,2020-10-14 03:56:49.106000
6wme2xcqmpzdqvrp,failed,not_found,273,3CFAD0798FF5D3B994F40B8971D4A79D84165A0D,EC4AD91674B5AFECCA117A396776F120651E55BF,0A843245862A05E6FFB1F416A6E96F6F12EE46AB,080BBF9B14454976FDEAD1AD620A04388F5A21F8,2020-10-14 03:56:49.107000,2020-10-14 03:56:49.690000
6wme2xcqmpzdqvrp,failed,not_found,279,3CFAD0798FF5D3B994F40B8971D4A79D84165A0D,DB5A100152FB7937F02F00B5DDFFFD012789C242,FC1E441E097BA36930AA2F615EFB325AF76D2595,07F9F13BCB3E1F6117FB211905127AF41E72E087,2020-10-14 03:56:49.690000,2020-10-14 03:56:50.421000
6b7yzzlczj333bhc,failed,not_found,236,3CFAD0798FF5D3B994F40B8971D4A79D84165A0D,BD3FBEC1D67C48A2583DB378B92A59C5E9AB4DA2,08F4692B60862640F688B86826B66F30DEA7AB73,F3BBC088F280FDCDA5C5BD206312FE2DFA7E2DB0,2020-10-14 03:56:45.899000,2020-10-14 03:56:46.465000
6b7yzzlczj333bhc,failed,not_found,243,3CFAD0798FF5D3B994F40B8971D4A79D84165A0D,5DE37A3371AAE7638748EB43C9F1CE66E09D4470,E4012D3B0DFB5CB743A21C2CA41231BBA29786BB,7D63D5D26F3764F93EBB737E7B94B0A77210521A,2020-10-14 03:56:46.466000,2020-10-14 03:56:47.780000
6b7yzzlczj333bhc,failed,not_found,254,3CFAD0798FF5D3B994F40B8971D4A79D84165A0D,9B2BC7EFD661072AFADC533BE8DCF1C19D8C2DCC,861BCFDD148973985E7FE97C7455C9E4AC4E13BE,F3CEC87ED91E0B0B1D86BE4D7DE90F00B607ECAF,2020-10-14 03:56:47.781000,2020-10-14 03:56:48.390000
6b7yzzlczj333bhc,failed,not_found,262,3CFAD0798FF5D3B994F40B8971D4A79D84165A0D,EFEACD781604EB80FBC025EDEDEA2D523AEAAA2F,6A35EE13D4354FF0A03374C063B10290614BB6A9,F3A3461889BF97250F50A7BAAAE4A2B92062F6D7,2020-10-14 03:56:48.391000,2020-10-14 03:56:48.991000
6b7yzzlczj333bhc,failed,not_found,272,3CFAD0798FF5D3B994F40B8971D4A79D84165A0D,C5F214F7F9CCBF09324C9AA032760150243A196C,96DCD1D17C1F0FA4DED207C148E54C0A55553076,7D8EBB86CF2EB560F938BEF018E1D8FD6B36B327,2020-10-14 03:56:48.991000,2020-10-14 03:56:49.947000
6b7yzzlczj333bhc,failed,not_found,287,3CFAD0798FF5D3B994F40B8971D4A79D84165A0D,A2C6C931D8627C6605288970889DDB88C7BA2142,6B7ABD237CF25E5F787F365AF5FC4C86F0213A9F,7D693C2A9C3B0B2D69F473AF1C0E1CBE05EAD412,2020-10-14 03:56:49.947000,2020-10-14 03:56:50.511000
ap6s7rzs7ipj7i7e,failed,not_found,248,3CFAD0798FF5D3B994F40B8971D4A79D84165A0D,2D418A89F79DB4A8E658BA549FBB974D1D22DD1A,1908598AF7BB0F75A94F20A757004F3623BB23A7,84D361B736A8CD1E8818D0FC186892E91AB76881,2020-10-14 03:56:46.903000,2020-10-14 03:56:48.024000
ap6s7rzs7ipj7i7e,failed,not_found,261,3CFAD0798FF5D3B994F40B8971D4A79D84165A0D,C253FDF3BD9CADFB6879CC8E395E4C332FF91D37,BD60B8F5EA0B8DF59A6B20B7CB3F28E5C2A1DD7A,2BA2C8E96B2590E1072AECE2BDB5C48921BF8510,2020-10-14 03:56:48.024000,2020-10-14 03:56:48.529000
ap6s7rzs7ipj7i7e,failed,not_found,264,3CFAD0798FF5D3B994F40B8971D4A79D84165A0D,64B43A6198B6C1F97D9ED8929F5A8913C3815935,E7723680EA1F78E015DF312411990D5F5E815C27,2B94FEF968C9949FD2F10EB154938494B2F50527,2020-10-14 03:56:48.530000,2020-10-14 03:56:49.330000
ap6s7rzs7ipj7i7e,failed,not_found,276,3CFAD0798FF5D3B994F40B8971D4A79D84165A0D,A3AFBDEE30238E44899C9F8B7666D12B09C8EE32,D000291816C0D9EE531FA4DD185EC1AD80386A5A,84D4A8CCE76EEAC3FC45ED7A78A05F7DCD68CE72,2020-10-14 03:56:49.331000,2020-10-14 03:56:49.922000
ap6s7rzs7ipj7i7e,failed,not_found,282,3CFAD0798FF5D3B994F40B8971D4A79D84165A0D,661E08534FABDBE09BA505F7A73848371C6EF732,0459DAA497FCB7A3BB62A6CC8A4D71964EB21842,2B88AAD2E601E56E5EAE82BEC38AAB0CA6EF2283,2020-10-14 03:56:49.922000,2020-10-14 03:56:51.664000
ap6s7rzs7ipj7i7e,failed,not_found,306,3CFAD0798FF5D3B994F40B8971D4A79D84165A0D,60B1681670B185813E762B71F3C3B129A981F37B,AEC8A42DE8F9CB115E2479D78AE1CA4BCCF54F4A,84CB0782C8CA81A7263EE86F321EDFECC611369A,2020-10-14 03:56:51.665000,2020-10-14 03:56:52.439000
z4b7q47tixk2zfoh,failed,not_found,249,3CFAD0798FF5D3B994F40B8971D4A79D84165A0D,50E43E33EBAB7EB9EAB6B352F3685229DAB25A84,D6C75D06698F08DBE77B56ECBD5216805B82068F,C33B36DBD576D4DE141443D28122575DA159D1B3,2020-10-14 03:56:46.911000,2020-10-14 03:56:47.493000
z4b7q47tixk2zfoh,failed,not_found,247,3CFAD0798FF5D3B994F40B8971D4A79D84165A0D,119E566B3D747658908EA00F336F4E158AE97AAD,987D0706D42070F1E2142A9FCCB56B3887808D34,C35C9FA3FC501BDC22A83FC05102733951E386D0,2020-10-14 03:56:47.494000,2020-10-14 03:56:47.914000
z4b7q47tixk2zfoh,failed,not_found,257,3CFAD0798FF5D3B994F40B8971D4A79D84165A0D,6D0324E48F435E19F077307BB686D118C6DAF124,53A330644A880DA01480614D32149401C9283DEE,12CF84D3D2E30BB9799BFC0E1DDDFDA8D35AF007,2020-10-14 03:56:47.915000,2020-10-14 03:56:48.843000
z4b7q47tixk2zfoh,failed,not_found,266,3CFAD0798FF5D3B994F40B8971D4A79D84165A0D,36045C1900EC3FDF1DDA9BEC72DDF7DE50DAF021,F6740DEABFD5F62612FA025A5079EA72846B1F67,12C2BA0404C86BB995BC9E72D7830343AAB9617C,2020-10-14 03:56:48.844000,2020-10-14 03:56:49.259000
z4b7q47tixk2zfoh,failed,not_found,268,3CFAD0798FF5D3B994F40B8971D4A79D84165A0D,32EB288C0EFB52964CCF8EF28BE6BC7FF592BB58,DEA84F08432800346BADB35F1EAC1B2A4D5B165D,C3443C3A0F6FE548262EA987A955D5BD4FD27C24,2020-10-14 03:56:49.260000,2020-10-14 03:56:49.947000
z4b7q47tixk2zfoh,failed,not_found,286,3CFAD0798FF5D3B994F40B8971D4A79D84165A0D,EB5D14C266F491B4C5C93B7BC101C450A059D438,AD4DCBA30D00ADD8C7EA047D1CE85A3F15FB6296,12CF6DB4DAE106206D6C6B09988E865C0509843B,2020-10-14 03:56:49.947000,2020-10-14 03:56:50.685000
efaipq27gjvpfs56,failed,not_found,258,3CFAD0798FF5D3B994F40B8971D4A79D84165A0D,B70BD334FFEE23E653B75219AE12CF0236BCFCBB,C333C56EAAD404ACDDE2FB3A675C5F5DA46A81E2,BD93BEE8C51C129235360A79D76CE6256FF99453,2020-10-14 03:56:47.924000,2020-10-14 03:56:49.119000
efaipq27gjvpfs56,failed,not_found,274,3CFAD0798FF5D3B994F40B8971D4A79D84165A0D,C5B622E52654B570ADFD656AC61B74CC84BBEE95,945AA2F6C2EC644B533D048C79E035A6CF092C4F,FCC70D3F500C2EA62004137B0137201A93A2B57E,2020-10-14 03:56:49.119000,2020-10-14 03:56:49.834000
efaipq27gjvpfs56,failed,not_found,281,3CFAD0798FF5D3B994F40B8971D4A79D84165A0D,06BBEAA6F73759A1795EB461D39D2AA168F305D1,14D57DEDF0A4554A2D21AD53CCCC43E31158C733,FCE1FA95BC61BC2FF9752EE9BB5651805A30FD99,2020-10-14 03:56:49.835000,2020-10-14 03:56:50.301000
efaipq27gjvpfs56,failed,not_found,283,3CFAD0798FF5D3B994F40B8971D4A79D84165A0D,C1B79C4CD9B713BBB6B0522155B46A7BFE3BFAAE,1E176936547346993584514EB52AE2CC2E1FF4FC,BD839A8E18E97E084430D9342B94B5676F81A373,2020-10-14 03:56:50.302000,2020-10-14 03:56:51.053000
efaipq27gjvpfs56,failed,not_found,300,3CFAD0798FF5D3B994F40B8971D4A79D84165A0D,A5F835A8438D84C146DD540502AFF27F96E8F72E,C3E0E9EA1FF3FCFC27E856BFE61533020DD7F090,FCC392FC20A5C1C5B5E95AB6E24735E493E3AEB7,2020-10-14 03:56:51.053000,2020-10-14 03:56:51.537000
efaipq27gjvpfs56,failed,not_found,304,3CFAD0798FF5D3B994F40B8971D4A79D84165A0D,38471394F06B2B86404768193C929313962FDC2F,BD2A34ADE4E603A272FAAD23AEF389801BB223BB,BD9E37F7FD8773AD0C07B22394F179288DC5E2CC,2020-10-14 03:56:51.538000,2020-10-14 03:56:52.267000
dwro3aywd5clyxaj,failed,not_found,259,3CFAD0798FF5D3B994F40B8971D4A79D84165A0D,00B57BF614F7ED3051073B5D4526FF0B23AF217B,A2E6BB5C391CD46B38C55B4329C35304540771F1,42949C1EC1FEC5E30197E269FE7850CCA2FD0C0D,2020-10-14 03:56:47.932000,2020-10-14 03:56:48.541000
dwro3aywd5clyxaj,failed,not_found,265,3CFAD0798FF5D3B994F40B8971D4A79D84165A0D,391D289DFAFB673B362646A51973447EB706DFC4,798A57B4E129699A521A03E7F72BC0FDEC31F4D6,428A661B415A055E27A769CC3EAD86DE384312CD,2020-10-14 03:56:48.541000,2020-10-14 03:56:49.151000
dwro3aywd5clyxaj,failed,not_found,275,3CFAD0798FF5D3B994F40B8971D4A79D84165A0D,EE76A07632C5081AC1F3BF7EA3B9D40C6F24E180,FC1E441E097BA36930AA2F615EFB325AF76D2595,427DEDAA28D39672F3D9B7714170C724634671F3,2020-10-14 03:56:49.152000,2020-10-14 03:56:49.758000
dwro3aywd5clyxaj,failed,not_found,280,3CFAD0798FF5D3B994F40B8971D4A79D84165A0D,BE40A5C8EB81704DBC1586190159AA7EDC1DA11D,63BF46A63F9C21FD315CD061B3EAA3EB05283A0A,75EE3430CEF7744EA1E35607881B27581EB15880,2020-10-14 03:56:49.759000,2020-10-14 03:56:50.154000
dwro3aywd5clyxaj,failed,not_found,288,3CFAD0798FF5D3B994F40B8971D4A79D84165A0D,3FE39429CB7077BBB13D2774591A1B80EE493742,775B0FAFDE71AADC23FFC8782B7BEB1D5A92733E,75D77007F098513C70773B5EC46159DD41F2F7ED,2020-10-14 03:56:50.154000,2020-10-14 03:56:50.585000
dwro3aywd5clyxaj,failed,not_found,291,3CFAD0798FF5D3B994F40B8971D4A79D84165A0D,D079D6818926684C5979C18171FB18862A4A5792,8F8D793F4CA40CD0C2B2B9097B699D4037041F58,75F4BE85F5DC623BDAF65CB269CD6E4E3F14FE38,2020-10-14 03:56:50.586000,2020-10-14 03:56:51.200000
nszexotyk6xfhrmh,failed,not_found,270,3CFAD0798FF5D3B994F40B8971D4A79D84165A0D,614094CAF0701EB568106E60EC12A785E704AE0F,76543749510CD00CB16E1DD4940CAA8FAC727F58,C841357CFA0F2CE96692EF21D515D6BF0B017036,2020-10-14 03:56:48.936000,2020-10-14 03:56:49.469000
nszexotyk6xfhrmh,failed,not_found,278,3CFAD0798FF5D3B994F40B8971D4A79D84165A0D,7FA3FA525901A91A1310B817943668BC2C16289E,64E257D94E739278D5954CC820C9D7EAC4E7A7B7,C866C38DA2D102CD88E138F0AF3A9D6B72606730,2020-10-14 03:56:49.470000,2020-10-14 03:56:50.261000
nszexotyk6xfhrmh,failed,not_found,289,3CFAD0798FF5D3B994F40B8971D4A79D84165A0D,708A968F3644F8A547156368FEA3DB664110E631,B04EA2B400D9679E72284E12FB81E68756670A3A,C82A233A89DC3D94CF321E1622D9A538E126C216,2020-10-14 03:56:50.262000,2020-10-14 03:56:50.768000
nszexotyk6xfhrmh,failed,not_found,295,3CFAD0798FF5D3B994F40B8971D4A79D84165A0D,F73036C92CD94D5A16DEA9E50FE4BEC2AF3DE171,7D9C03F812241DB08ADA96635E727A2EF7879384,58BC63142C881F88D08E071DEB63DBA09DE62141,2020-10-14 03:56:50.769000,2020-10-14 03:56:51.381000
nszexotyk6xfhrmh,failed,not_found,302,3CFAD0798FF5D3B994F40B8971D4A79D84165A0D,1C0736CF3744A3B87C2D2269B8BD3388C7E60552,EF7F0E41B2748F893B8F6E49A07D7199CDFB2AC4,58BC2CFFA7894FC8F4CC5D8A77E38FDCFDB1DC0E,2020-10-14 03:56:51.381000,2020-10-14 03:56:52.359000
nszexotyk6xfhrmh,failed,not_found,314,3CFAD0798FF5D3B994F40B8971D4A79D84165A0D,F9674F45A25CAA977E7B872807E0A070C121F5FA,5DB9AE27A44EB7B476CC04A66C67A71C97A001E6,58B44B5591A96EC08114B041CC6B1BB1521DF2BE,2020-10-14 03:56:52.359000,2020-10-14 03:56:52.916000
m3qc5wt2mdajeqr7,failed,not_found,271,3CFAD0798FF5D3B994F40B8971D4A79D84165A0D,72749A538E9ACA13114B38D2E6DDC6AFDE1859B5,E615EB5B107B04B2A892EF63018872D6A907C0E4,356E3DFC797A52AB79C83323C5EAEF4CA638ED52,2020-10-14 03:56:48.936000,2020-10-14 03:56:50.744000
m3qc5wt2mdajeqr7,failed,not_found,315,3CFAD0798FF5D3B994F40B8971D4A79D84165A0D,B204DE75B37064EF6A4C6BAF955C5724578D0B32,3BBF9D98C7D058D7C2E60F6BA5BD574CB4F3FE26,ACD8C7107031AF4ACF9A2DBC69AB8903943EEA5D,2020-10-14 03:56:50.745000,2020-10-14 03:56:52.917000
m3qc5wt2mdajeqr7,failed,not_found,320,3CFAD0798FF5D3B994F40B8971D4A79D84165A0D,12B1A5769D38FF47CF68C2235E1BDA315DF400F2,FB691D6E3FEE35C6979EE72AF03A53DD861B4CBB,356B94BAD3096790E409790898144A4030AC225C,2020-10-14 03:56:52.918000,2020-10-14 03:56:53.559000
m3qc5wt2mdajeqr7,failed,not_found,336,3CFAD0798FF5D3B994F40B8971D4A79D84165A0D,708A968F3644F8A547156368FEA3DB664110E631,76D2EBA82BBCCA3DF9F254A9A8372A10A26F3D14,ACDD9E85A05B127BA010466C13C8C47212E8A38F,2020-10-14 03:56:53.560000,2020-10-14 03:56:54.375000
m3qc5wt2mdajeqr7,failed,not_found,383,3CFAD0798FF5D3B994F40B8971D4A79D84165A0D,FFA72BD683BC2FCF988356E6BEC1E490F313FB07,B2CB9E5C80367C9026A806EC4801E22425AA7E8A,356ACBA2D112CA4D1457F27D2EA0759BF82EE898,2020-10-14 03:56:54.375000,2020-10-14 03:56:58.719000
m3qc5wt2mdajeqr7,failed,not_found,389,3CFAD0798FF5D3B994F40B8971D4A79D84165A0D,66BD39FE805AED414ADE400CAAD862C9CC3AC34E,A6E0F950CAC74AF867CA21976069529D6D4D3E30,ACF165754601059ED2E472F893AD0FA4CAF1142D,2020-10-14 03:56:58.719000,2020-10-14 03:56:59.356000
tracaxtphix5cmf6,failed,not_found,284,3CFAD0798FF5D3B994F40B8971D4A79D84165A0D,9E4CC64C4F94C359D43C5BA09094323FDBEFD975,1E03D81C9744DE0E3C9DE6E6FBDF1DF9DAEA5AFC,E08FA051D29468D098C2A3E1B123E4A05967398E,2020-10-14 03:56:49.933000,2020-10-14 03:56:50.732000
tracaxtphix5cmf6,,,,,,,E0A3471C24C9021CC58FBF774203046FD2BC893F,2020-10-14 03:56:50.732000,
euevbbpm6oazqqwe,failed,not_found,285,3CFAD0798FF5D3B994F40B8971D4A79D84165A0D,61B2102DB3D97F16FBB359EFE86EC6887A1B3B5A,648B07AA3FCD630970DB869798C9B580C8313081,6A8B54FB9F79E33A307AD0319B62916504A28049,2020-10-14 03:56:49.940000,2020-10-14 03:56:50.681000
euevbbpm6oazqqwe,failed,not_found,292,3CFAD0798FF5D3B994F40B8971D4A79D84165A0D,AE17FAAF8F302A506AF2167666EC62882804403F,3D5D6178C44537E3692853B344385F6572A55767,6AC9235F43975B26E57568B811F663491A9E2891,2020-10-14 03:56:50.682000,2020-10-14 03:56:51.260000
euevbbpm6oazqqwe,failed,not_found,301,3CFAD0798FF5D3B994F40B8971D4A79D84165A0D,E5507444DAC04539B8DC624299616141B0DB64D5,9E1E4F5B5F94812D02C4D18CB4086CE71CA5C614,6AC1A5C13A6875FEA157D9A7DC30EE83F632150D,2020-10-14 03:56:51.261000,2020-10-14 03:56:51.612000
euevbbpm6oazqqwe,failed,not_found,305,3CFAD0798FF5D3B994F40B8971D4A79D84165A0D,20CD933EDC7260B19040475B24FD6B01B73E94BB,0B555940D37DC849728841C0B290074E1A1BDCA8,A3AFBDEE30238E44899C9F8B7666D12B09C8EE32,2020-10-14 03:56:51.613000,2020-10-14 03:56:52.677000
euevbbpm6oazqqwe,failed,not_found,317,3CFAD0798FF5D3B994F40B8971D4A79D84165A0D,F37374DB9FA6EF14CED64FD294E8D8683F032EC8,6A116A29566EA54B4113705BCAE5DC376039DF99,A3C0C4B34CDBCE03A85CDA06E9EE2F7E165551DB,2020-10-14 03:56:52.678000,2020-10-14 03:56:53.363000
euevbbpm6oazqqwe,failed,not_found,327,3CFAD0798FF5D3B994F40B8971D4A79D84165A0D,B0537CD220A60ECF8045439658A53254C0D63DCB,B872BA6804C8C6E140AE1897B44CF32B42FD2397,A3C2F881C3B674D3D40FD2920BB1DE495B8EC3E9,2020-10-14 03:56:53.364000,2020-10-14 03:56:54.111000
muh5jvkavn2lgmdx,failed,not_found,298,3CFAD0798FF5D3B994F40B8971D4A79D84165A0D,ED36124515F71E2E2401D70D9EFC3CAEB08D611B,14D57DEDF0A4554A2D21AD53CCCC43E31158C733,CDFE478F8C3A26BCEAEC2A9690BCEFDEA892C6E1,2020-10-14 03:56:50.909000,2020-10-14 03:56:51.774000
muh5jvkavn2lgmdx,failed,not_found,307,3CFAD0798FF5D3B994F40B8971D4A79D84165A0D,1CD48F4ED0F1821FFBF1940802A13EEFD4C27502,DB7564CC6C0A38B40BAE93755884B9B01165BE06,CDED615AD1CCCF70C11887BD8A918D3D0B39290C,2020-10-14 03:56:51.775000,2020-10-14 03:56:52.303000
muh5jvkavn2lgmdx,failed,not_found,358,3CFAD0798FF5D3B994F40B8971D4A79D84165A0D,1C0736CF3744A3B87C2D2269B8BD3388C7E60552,1C4D9DC7321425F989E1AB7ABD4F1ADFF74A4358,D7DB8E82604F806766FC3F80213CF719A0481D0B,2020-10-14 03:56:52.304000,2020-10-14 03:56:56.346000
muh5jvkavn2lgmdx,failed,not_found,359,3CFAD0798FF5D3B994F40B8971D4A79D84165A0D,D7829A21726220AF77401BE5B2B132963A0BE82B,9063C7EC4A3273446DC05E9310A5C5B2F4235696,CE035C7946CEE68425CD2358E620E408A9C823FD,2020-10-14 03:56:56.346000,2020-10-14 03:56:56.809000
muh5jvkavn2lgmdx,failed,not_found,368,3CFAD0798FF5D3B994F40B8971D4A79D84165A0D,FB016E16B8CD7A0E53DEEF31ED8754E4F6B8E837,296A9A2C96249BC5D8CA8CF196EF5E3FCC80488E,D7E1B4F504FC22027FA06BA5F1F0F59C24FA2912,2020-10-14 03:56:56.810000,2020-10-14 03:56:57.805000
muh5jvkavn2lgmdx,failed,not_found,391,3CFAD0798FF5D3B994F40B8971D4A79D84165A0D,C3ACB0492A644E27A549BC3CDF3B7A129186E3BF,C92ECAF73512E2CCB15827A192B7AF3E9DBC896E,D7FE95EA78176F3F8566A7498A928E53D19DFAE5,2020-10-14 03:56:57.805000,2020-10-14 03:56:59.842000
h6ejm72dtato5tay,failed,not_found,299,3CFAD0798FF5D3B994F40B8971D4A79D84165A0D,127887BF5B69EFEFA0DC47FC767135E0ACAAFD9F,4FDDFAD51B24DDABB62FB59071F4DC421E76C685,4C85B82A97062E33B646B904366E549211C77B6F,2020-10-14 03:56:50.909000,2020-10-14 03:56:51.508000
h6ejm72dtato5tay,failed,not_found,303,3CFAD0798FF5D3B994F40B8971D4A79D84165A0D,D6F03EFBE511417D77DCFC1A3F1EB5D4BF509F81,036A7CD36D6F7A97C7B4AF896D9F11AB719F0DF7,4C6E75E65818844B7D3F3A8A9666525680006EAF,2020-10-14 03:56:51.508000,2020-10-14 03:56:52.123000
h6ejm72dtato5tay,failed,not_found,312,3CFAD0798FF5D3B994F40B8971D4A79D84165A0D,C0DAAAE5EE461BBE13945FE4B52F32ABDC6BC376,1804C06A266F0DA26DF58CD559E01C2F7C3FC42A,DE74E8C4F3CF0FBBCB7E761BB3072050D1D4DD88,2020-10-14 03:56:52.123000,2020-10-14 03:56:52.726000
h6ejm72dtato5tay,failed,not_found,319,3CFAD0798FF5D3B994F40B8971D4A79D84165A0D,2F69F8C4DC02DD15A39BFDB4078A791D89ECEAA2,04DFE047ACDF7A6620ACA782FAFC5EF1AE7F4754,4C8B019E2B132FDD831419E13F59E7B7FA80476A,2020-10-14 03:56:52.726000,2020-10-14 03:56:53.378000
h6ejm72dtato5tay,failed,not_found,328,3CFAD0798FF5D3B994F40B8971D4A79D84165A0D,7723D99F8DC709AFC1171D5BF8DAD04ADA20F98F,64E257D94E739278D5954CC820C9D7EAC4E7A7B7,DE81E82F60AFCA34FB5F94D78F590FEEBB435CDC,2020-10-14 03:56:53.378000,2020-10-14 03:56:53.980000
h6ejm72dtato5tay,failed,not_found,340,3CFAD0798FF5D3B994F40B8971D4A79D84165A0D,3FE39429CB7077BBB13D2774591A1B80EE493742,F0832608B0D52E7B4418E54E655CA18A585DEDB8,DE72FEB474E8A3CC502CFC43621180EA9D462FE0,2020-10-14 03:56:53.981000,2020-10-14 03:56:56.500000
rs555pzq5t2xlwbq,failed,not_found,310,3CFAD0798FF5D3B994F40B8971D4A79D84165A0D,1804C06A266F0DA26DF58CD559E01C2F7C3FC42A,2083FBB5A67DB15F8ABF0C8319594EE9FBE65DAF,C001C72093A7DB3F067088BC9EA7CFADAA8AADD2,2020-10-14 03:56:51.909000,2020-10-14 03:56:52.714000
rs555pzq5t2xlwbq,failed,not_found,318,3CFAD0798FF5D3B994F40B8971D4A79D84165A0D,90633012A1A752D8D02FEC8374A4BF98941A1900,DC9564AE8BC7BF5F722E3677C897ED1B578C8D81,BFEC9FDCD15CDC54FBEFB4BC18B6A57CD186B3CE,2020-10-14 03:56:52.714000,2020-10-14 03:56:53.187000
rs555pzq5t2xlwbq,failed,not_found,321,3CFAD0798FF5D3B994F40B8971D4A79D84165A0D,8FF2E7B7BF4C121D1F49D6606987C5802DDB9577,49CA9262801E9DC9B414A143A58A68255149367A,A6AAFAEABBBACC74CEB15BE9CE69F3B3A4087841,2020-10-14 03:56:53.188000,2020-10-14 03:56:53.422000
rs555pzq5t2xlwbq,failed,not_found,329,3CFAD0798FF5D3B994F40B8971D4A79D84165A0D,3D3A99DF54D6AEC5190CFB4C0B8D26172A8A2E59,6ED48ED0DD8CB8C626FFD8597C01F2D43AEE8D01,A6AA94B4007A0E2919B2DA8ECF2CFA3CA1761A13,2020-10-14 03:56:53.422000,2020-10-14 03:56:54.512000
rs555pzq5t2xlwbq,failed,not_found,345,3CFAD0798FF5D3B994F40B8971D4A79D84165A0D,19D353B8AA0927DF82CB26E0396C57BE27C0ACC5,0C93559D6D7E95B41561424345B0B176FBE66F00,A6B0521C4C1FB91FB66398AAD523AD773E82E77E,2020-10-14 03:56:54.512000,2020-10-14 03:56:55.030000
rs555pzq5t2xlwbq,failed,not_found,351,3CFAD0798FF5D3B994F40B8971D4A79D84165A0D,88CF8D42D49B7C8E9D03ABE5DAE7AF25E9902008,C7FF606D59C7F6BECA8A341D3CF11B423F382D5D,C00C28C2B1A7D8038517626CECA9BCB23B0A31D2,2020-10-14 03:56:55.031000,2020-10-14 03:56:55.388000
p3gsaw3fslxkyvrz,failed,not_found,311,3CFAD0798FF5D3B994F40B8971D4A79D84165A0D,7992F172EDBE69B99F0190651BAC14DD0FD9E5C8,F10AD301924BFBD87B90795C62D282489069B2AD,9288B75B5FF8861EFF32A6BE8825CC38A4F9F8C2,2020-10-14 03:56:51.909000,2020-10-14 03:56:52.497000
p3gsaw3fslxkyvrz,failed,not_found,316,3CFAD0798FF5D3B994F40B8971D4A79D84165A0D,D08660B6D70B6249A57D89BB7A8F2EA2C952BD35,C5F713E503B9F251642C49A998B0498DDD802B72,9B24B2149631167704362E07356A9E9BFC1F0F05,2020-10-14 03:56:52.498000,2020-10-14 03:56:53.021000
p3gsaw3fslxkyvrz,failed,not_found,326,3CFAD0798FF5D3B994F40B8971D4A79D84165A0D,305DA33EC49B17B1838033C99B824DEB92650683,B291D30517D23299AD7CEE3E60DFE60D0E3A4664,9B2BC7EFD661072AFADC533BE8DCF1C19D8C2DCC,2020-10-14 03:56:53.022000,2020-10-14 03:56:53.809000
p3gsaw3fslxkyvrz,failed,not_found,333,3CFAD0798FF5D3B994F40B8971D4A79D84165A0D,EA3616A0B9BBBDC74121D8D6F01EABDDCF6BE35D,90D43CF5541ECF57C1833FED33FFDFF239C4817C,929BB84A68198CE35E2F2828812840AF5C2CBC4A,2020-10-14 03:56:53.810000,2020-10-14 03:56:54.230000
p3gsaw3fslxkyvrz,failed,not_found,339,3CFAD0798FF5D3B994F40B8971D4A79D84165A0D,438F3EA4C9FB0DB63F5377A3271AB5435FAD7E04,1116A8A9419671432CA8A4D8BB404FD71A95EC2C,9B22542BA085F8ECCC8B6D0F8897B8DB1C6E6D65,2020-10-14 03:56:54.231000,2020-10-14 03:56:54.690000
p3gsaw3fslxkyvrz,failed,not_found,346,3CFAD0798FF5D3B994F40B8971D4A79D84165A0D,3A51E32A303A0E0A3AB8AA1CCBE98FF8791E2341,8D6E3670C920AF6859CE78447EC7B1FE95590288,928C4709E663B0FF152FD1F1CBDD6AAFA3B548D9,2020-10-14 03:56:54.692000,2020-10-14 03:56:55.285000
ltchprjrao52mq2w,failed,not_found,322,3CFAD0798FF5D3B994F40B8971D4A79D84165A0D,99D5C9A5A7238986D1EA1D7771CF81B4A192C4D0,BF50E09EED25B82861CF95E1AAA42DCFEF53E5D1,4D136F1700DF10B8DEE9EEF20F56063AE3A7E55E,2020-10-14 03:56:52.937000,2020-10-14 03:56:53.425000
ltchprjrao52mq2w,failed,not_found,330,3CFAD0798FF5D3B994F40B8971D4A79D84165A0D,38F21DEE29E40DCDF9460A80662B7723562CA008,2998955C80A5C5575A960202AFCE0D7DF633F6EF,919680B79198AE4D80A06999A93EBC909AD4DDDC,2020-10-14 03:56:53.425000,2020-10-14 03:56:53.927000
ltchprjrao52mq2w,failed,not_found,337,3CFAD0798FF5D3B994F40B8971D4A79D84165A0D,60CA295745930AFA59DB73F877834B4100C7B712,2FFE5FAF70D20E76B0474AE9E40C2A0B53F8D9F0,4D0DF468DC816F8096702C2DA2C6FD67561F81C8,2020-10-14 03:56:53.927000,2020-10-14 03:56:54.371000
ltchprjrao52mq2w,failed,not_found,341,3CFAD0798FF5D3B994F40B8971D4A79D84165A0D,409A27FAF6F97BE1A851D7CBA0848665A6AF1D4D,F9246DEF2B653807236DA134F2AEAB103D58ABFE,4D1793D423FDB1968EAA7455EBC070A0E48B33ED,2020-10-14 03:56:54.371000,2020-10-14 03:56:55.726000
ltchprjrao52mq2w,failed,not_found,353,3CFAD0798FF5D3B994F40B8971D4A79D84165A0D,20571FE948D23E8B62CEDE1B33298F1BF324EE17,5DC40F5357EDF4809A9010828172072C95A73514,91BA193FB362FB7B6679A7A83A3050F3C44A5468,2020-10-14 03:56:55.727000,2020-10-14 03:56:57.159000
ltchprjrao52mq2w,failed,not_found,371,3CFAD0798FF5D3B994F40B8971D4A79D84165A0D,3076FB1CCEB8341322019AD26F69BFC0AA845334,A96DA63E4415E776FBFCCF3DA7154C804534B6E7,91ADCDFCA830A1BBAD3A10377B25D695A92BF251,2020-10-14 03:56:57.160000,2020-10-14 03:56:57.511000
4ofkfnumecvitjue,failed,not_found,323,3CFAD0798FF5D3B994F40B8971D4A79D84165A0D,C2B45199FC6F98E21BFAFE0833348F288FA337E3,761A60D0364D9AA03114F72550483287ED060B2D,34133CC3192CF7538089B14511400DF21BA5A077,2020-10-14 03:56:52.943000,2020-10-14 03:56:53.731000
4ofkfnumecvitjue,failed,not_found,332,3CFAD0798FF5D3B994F40B8971D4A79D84165A0D,21E54A1CB86144A4CAF60C636227ABB3D23C30D0,539572FE3430A83E8F502052FC7E178E20A07EE0,FAB96E0069596CACADCF1FCBA2407FCE505ED06D,2020-10-14 03:56:53.731000,2020-10-14 03:56:54.498000
4ofkfnumecvitjue,failed,not_found,344,3CFAD0798FF5D3B994F40B8971D4A79D84165A0D,22775B953E662151549C114CB8EE5FBDBCBDAD02,2F69F8C4DC02DD15A39BFDB4078A791D89ECEAA2,FAB9D513D90CEC46FB269B5E57597766C1DCD96E,2020-10-14 03:56:54.498000,2020-10-14 03:56:55.043000
4ofkfnumecvitjue,failed,not_found,352,3CFAD0798FF5D3B994F40B8971D4A79D84165A0D,7C22E89AB620E77DF1B4A33787A5EC3F2AB4A8D1,2CD5474E33D12629156B92FBD61FAAB22D07B0F7,3408A01A949BE1579705112F83CF2BFB5FA8A204,2020-10-14 03:56:55.043000,2020-10-14 03:56:56.002000
4ofkfnumecvitjue,failed,not_found,362,3CFAD0798FF5D3B994F40B8971D4A79D84165A0D,3A9443710224E5182895C342D1D36C1D460A1206,74AC10CA94E400BA4D69E397562597CA04FC5352,FAA935B0BC3B4348CCBD3EBA95681AB51730977D,2020-10-14 03:56:56.003000,2020-10-14 03:56:56.560000
4ofkfnumecvitjue,failed,not_found,367,3CFAD0798FF5D3B994F40B8971D4A79D84165A0D,2F69F8C4DC02DD15A39BFDB4078A791D89ECEAA2,61B2102DB3D97F16FBB359EFE86EC6887A1B3B5A,340B09ACCF45A98711ABB067820E25A2F21452C6,2020-10-14 03:56:56.561000,2020-10-14 03:56:56.940000
bpb2v6aj2ytue32l,failed,not_found,334,3CFAD0798FF5D3B994F40B8971D4A79D84165A0D,061E0496931D23A81A2B685C9339D36857DD0FA1,3586697291602DC8042EB152E60701FFFE8777BD,5C8B811887778DCF705F3D39F19E40A21889451F,2020-10-14 03:56:53.908000,2020-10-14 03:56:54.482000
bpb2v6aj2ytue32l,failed,not_found,343,3CFAD0798FF5D3B994F40B8971D4A79D84165A0D,CD5CF125FED4BE5DA5F259F75AF3D4DD182C54D0,639859D24772D79A7252E6EA837A6D2FBE475F44,5C96895227E42FD74B4B1445A9AE59BD9FF42879,2020-10-14 03:56:54.483000,2020-10-14 03:56:55.457000
bpb2v6aj2ytue32l,failed,not_found,350,3CFAD0798FF5D3B994F40B8971D4A79D84165A0D,63540827C4832D214984EA47B7A68C593F9F862F,56781CCC9F6D29FEA148799AB588429C893A473C,5C8A60F3F936C1FCD64D9ACFBCFF898E51A4D179,2020-10-14 03:56:55.457000,2020-10-14 03:56:55.966000
bpb2v6aj2ytue32l,failed,not_found,361,3CFAD0798FF5D3B994F40B8971D4A79D84165A0D,1079E628FC6B0025656AC024F2D9975C441498CD,695D811B130673C2DE8DCFC5A9E742790BD25066,33B07D509C6D67006C9AE29ECD4F8EAD1B1112CB,2020-10-14 03:56:55.966000,2020-10-14 03:56:57.250000
bpb2v6aj2ytue32l,failed,not_found,422,3CFAD0798FF5D3B994F40B8971D4A79D84165A0D,DC9E3C6576CC9A04AAE1C465210A972A722571A0,0298F5D2EBBBFCCB17FEF58C2231B4A656A528E5,33DBA330433E2915BD0EE66787A48863C818C0BB,2020-10-14 03:56:57.250000,2020-10-14 03:57:01.918000
bpb2v6aj2ytue32l,failed,not_found,433,3CFAD0798FF5D3B994F40B8971D4A79D84165A0D,724E86E7F5DA715529DC0ECAA013AE4BDC680E4C,103336165A0D2EFCAD3605339843A0A7710B8B92,3408A01A949BE1579705112F83CF2BFB5FA8A204,2020-10-14 03:57:01.919000,2020-10-14 03:57:02.437000
mp4benubddwpvkp6,failed,not_found,335,3CFAD0798FF5D3B994F40B8971D4A79D84165A0D,035396269F6D00503D1765DF36ED1B203A028D74,8F89078575FEE57675A922E9E088918F63AC750C,799D4E64771CFA37BB31C8237141A56EA7D9AB02,2020-10-14 03:56:53.913000,2020-10-14 03:56:55.735000
mp4benubddwpvkp6,failed,not_found,409,3CFAD0798FF5D3B994F40B8971D4A79D84165A0D,2298B7EB4E895D770364B961EAC26347E30D4248,0B25110BA3473A6DC04AB58A3A0D5E4D6922A0E0,7997D73272295C1322F30FFD1F32D093E1E19795,2020-10-14 03:56:55.735000,2020-10-14 03:57:00.621000
mp4benubddwpvkp6,failed,not_found,416,3CFAD0798FF5D3B994F40B8971D4A79D84165A0D,E05EAB588285C01E8807F00A07CDBBC4662A58D9,D5C6F62A5D1B3C711CA5E6F9D3772A432E96F6C2,6940247E04C839D268543E7F62566A91E40567E3,2020-10-14 03:57:00.622000,2020-10-14 03:57:01.146000
mp4benubddwpvkp6,failed,not_found,425,3CFAD0798FF5D3B994F40B8971D4A79D84165A0D,E96C071A67833C2C93D74F7C84C99148E15181F8,2ED8654AD1B8C25F3EB83156B07EA35BE6132F0C,799EF7FCBF24EAE8C1162C8CCC8E293018261CF9,2020-10-14 03:57:01.147000,2020-10-14 03:57:02.021000
mp4benubddwpvkp6,failed,not_found,438,3CFAD0798FF5D3B994F40B8971D4A79D84165A0D,D6C75D06698F08DBE77B56ECBD5216805B82068F,CF6A6080091BB210AA3892FEFE2F6A396DA08DF3,69398E3D1337AC6816E757516D3600A75C1EB3AE,2020-10-14 03:57:02.021000,2020-10-14 03:57:02.971000
mp4benubddwpvkp6,failed,not_found,447,3CFAD0798FF5D3B994F40B8971D4A79D84165A0D,B411027C926A9BFFCF7DA91E3CAF1856A321EFFD,53E73B74B930BCF51621E6F06E65A3E3BC78E83A,69497036653189531207746B3D0E4ECB56888F3C,2020-10-14 03:57:02.972000,2020-10-14 03:57:03.470000
zdybkd5kgr6ke2pn,failed,not_found,347,3CFAD0798FF5D3B994F40B8971D4A79D84165A0D,F4A4D78F16E9A0353AD5BBEF4632C7022E20FB20,681D82B559E2DEC25A966B0CE593168CD75ADB16,9738F8F5C386CDAF5707D0DCED428F2813CA285F,2020-10-14 03:56:54.900000,2020-10-14 03:56:55.815000
zdybkd5kgr6ke2pn,failed,not_found,355,3CFAD0798FF5D3B994F40B8971D4A79D84165A0D,86127A1279E55E667F9452B1AA4239E1F7661085,43FF3346A3F8E4ED27F631DC956C4CD8D6173D7A,9715C81BA8C5B0C698882035F75C67D6D643DBE3,2020-10-14 03:56:55.816000,2020-10-14 03:56:57.109000
zdybkd5kgr6ke2pn,failed,not_found,373,3CFAD0798FF5D3B994F40B8971D4A79D84165A0D,0A7208B8903DD3FF5CDFA218A3823AF498CE69CE,575F15A0A41B951BEE03E25B2A0A3FC3E8D7C7D1,7145E72C955B5A8A2CDACA6C3953BC5ECD79E102,2020-10-14 03:56:57.110000,2020-10-14 03:56:57.817000
zdybkd5kgr6ke2pn,failed,not_found,380,3CFAD0798FF5D3B994F40B8971D4A79D84165A0D,D7DB8E82604F806766FC3F80213CF719A0481D0B,64B43A6198B6C1F97D9ED8929F5A8913C3815935,714425418EEEDFACC86D87544B265892E98FA32B,2020-10-14 03:56:57.817000,2020-10-14 03:56:58.542000
zdybkd5kgr6ke2pn,failed,not_found,386,3CFAD0798FF5D3B994F40B8971D4A79D84165A0D,5DB9AE27A44EB7B476CC04A66C67A71C97A001E6,D39F2CD90A236F94A61B76616B4873329DA77888,973607526BE9C8FDA03EBBAF527D67AE6FFD65DD,2020-10-14 03:56:58.542000,2020-10-14 03:56:59.024000
zdybkd5kgr6ke2pn,failed,not_found,398,3CFAD0798FF5D3B994F40B8971D4A79D84165A0D,E1B54925C59ECE813269B9A3309B7A5EB57E9B98,A451B42AFC58E1ACD3AE8CC0A3777FA10FF680F5,71539D1911ECB826069A4D156771AC4F9F4632A7,2020-10-14 03:56:59.024000,2020-10-14 03:56:59.922000
w5vaq6v6ev3cdvbq,failed,not_found,348,3CFAD0798FF5D3B994F40B8971D4A79D84165A0D,B2D03CDF45EB4D74A65FAC4F00EBA785C9663A5F,E4BE02471657C3A17C667D7C079498E4B314049F,9155DBF11CA246908A5410EDA79FCF01DA44901B,2020-10-14 03:56:54.904000,2020-10-14 03:56:56.055000
w5vaq6v6ev3cdvbq,failed,not_found,363,3CFAD0798FF5D3B994F40B8971D4A79D84165A0D,59A755782C1F977D6DCD76C0EC450FFCC7C29E56,DB53975D02957099E84F319194B8F5C7C6D15712,040085FFE1E88CF48AB0B5B2AB39035758C65F0C,2020-10-14 03:56:56.056000,2020-10-14 03:56:56.464000
w5vaq6v6ev3cdvbq,failed,not_found,364,3CFAD0798FF5D3B994F40B8971D4A79D84165A0D,2CE9BE1FC88B9D0FA03F387C9E4F000B5D4B2AE9,C35C9FA3FC501BDC22A83FC05102733951E386D0,03FC5C52D9A4577F28762E7BE642BB5A8F1E9803,2020-10-14 03:56:56.465000,2020-10-14 03:56:57.077000
w5vaq6v6ev3cdvbq,failed,not_found,372,3CFAD0798FF5D3B994F40B8971D4A79D84165A0D,6B9D83843DBD686DBB8066989BFCC90303F67B05,2BAF092E8667C00CA3D9686C76D8EC3CC6BC7C5B,9149A87E1C8AD684494580FBB3F65AD131A77C56,2020-10-14 03:56:57.077000,2020-10-14 03:56:57.715000
w5vaq6v6ev3cdvbq,failed,not_found,377,3CFAD0798FF5D3B994F40B8971D4A79D84165A0D,461453F94FA0E3CBB011685E22CDAFD2AF0DFDC3,51A8A22944F228EA2D601434D127864B1B0B0F8C,91517F219F7648E4B8BBF3C162C77DDC55315612,2020-10-14 03:56:57.716000,2020-10-14 03:56:59.303000
w5vaq6v6ev3cdvbq,failed,not_found,503,3CFAD0798FF5D3B994F40B8971D4A79D84165A0D,C0E6A667064385B9CB5A685CEB06B85EDDA6AA00,E88F8E72100709E226F22DF6A50365480054ECD2,0409605E8343562A790FFE846CB3BD7C04429F70,2020-10-14 03:56:59.303000,2020-10-14 03:57:07.912000
shi2lin5tefdeeb2,failed,not_found,356,3CFAD0798FF5D3B994F40B8971D4A79D84165A0D,37C1D66559D0C7884E3D21F7DEB58C75D79B98A8,1BC78DF308807DDD6F3C06488BD88AF2B04BA9C7,3B5C6ED2C1DECEB32BF1AD9B7B272F4CE9CE0656,2020-10-14 03:56:55.941000,2020-10-14 03:56:56.501000
shi2lin5tefdeeb2,failed,not_found,365,3CFAD0798FF5D3B994F40B8971D4A79D84165A0D,8ABC4D5F6182C7E79B087D1ED9E5CF652C83E52C,FCF61C25093BB33BAA203D8EE7E65466D42ECF98,550F8C238D36F6117F319817CC3BF16D23FC8555,2020-10-14 03:56:56.501000,2020-10-14 03:56:57.228000
shi2lin5tefdeeb2,failed,not_found,374,3CFAD0798FF5D3B994F40B8971D4A79D84165A0D,6E3B4821305D96F167C392DBE5A13240D6CCE024,DEF8C760A79FEF2358E03AE5A1950086ABEB953E,3B4C5729F829CA2E895B81AF834A63DB336D0FFE,2020-10-14 03:56:57.229000,2020-10-14 03:56:58.030000
shi2lin5tefdeeb2,failed,not_found,385,3CFAD0798FF5D3B994F40B8971D4A79D84165A0D,B74DABBE248B935CDC1038CD5C9280878C8C94E7,F24F8BEA2779A79111F33F6832B062BED306B9CB,54F5D800DD9783FCF2200E80EF3D1A867A3F6D6B,2020-10-14 03:56:58.031000,2020-10-14 03:56:59.545000
shi2lin5tefdeeb2,failed,not_found,404,3CFAD0798FF5D3B994F40B8971D4A79D84165A0D,3BA07FCB32A0151EF9B76507213E43D8ABD3BE5F,767E444E1FA1DA75F3B77479DB5AE2FA3FFF75CC,3B3F451BD58F96DC0E8EB7D01F209FC8803C33DF,2020-10-14 03:56:59.545000,2020-10-14 03:57:00.114000
shi2lin5tefdeeb2,failed,not_found,412,3CFAD0798FF5D3B994F40B8971D4A79D84165A0D,90D43CF5541ECF57C1833FED33FFDFF239C4817C,508EAAA5322C7BF048C8FADBBFB37D0A3E1D9262,54DE63F4587058B79152A75A0238D7F7A0279215,2020-10-14 03:57:00.115000,2020-10-14 03:57:00.551000
ss6b6hqnfzezvpd6,failed,not_found,360,3CFAD0798FF5D3B994F40B8971D4A79D84165A0D,5F58E9417DF94A66529864FA1134635614958A44,55A92BE2A76C64A5A0DB0D4F61D5DCA37B55EE52,1AA042AA8013B7C7853CE2A788537DF558498510,2020-10-14 03:56:55.966000,2020-10-14 03:56:56.529000
ss6b6hqnfzezvpd6,failed,not_found,366,3CFAD0798FF5D3B994F40B8971D4A79D84165A0D,7EC4C310D1FB2A7C0943B810946EA354D64A2165,E605E70E86A7777A22DF2259DFA9C5360B54346A,1A90B9C24AAF9564D23761977E496A1066E0AD67,2020-10-14 03:56:56.529000,2020-10-14 03:56:58.905000
ss6b6hqnfzezvpd6,failed,not_found,392,3CFAD0798FF5D3B994F40B8971D4A79D84165A0D,404DBE0F72D66576925432B1E4A28425FA2E4825,DE4EB74B8105751568A75649F6672A31F2A3DE20,1AAD015F4D885413A2BCE0E58159116901236C49,2020-10-14 03:56:58.906000,2020-10-14 03:56:59.290000
ss6b6hqnfzezvpd6,failed,not_found,399,3CFAD0798FF5D3B994F40B8971D4A79D84165A0D,E77B260DADB37C6E0AED1287843512B114705AD2,3E3CBA3F2870CE76A41D3E97A8D838AA703586E3,1939CC1B41298A49C0684878813DED5CD1A9EE98,2020-10-14 03:56:59.291000,2020-10-14 03:57:00.613000
ss6b6hqnfzezvpd6,failed,not_found,415,3CFAD0798FF5D3B994F40B8971D4A79D84165A0D,36E009C40158C54FB0AF959CBD19CC348B7C9AC3,881F09279F94E9AAD3DE30727DF3AD7C2CE900DF,194ED740056DD75140C82FEEB2CDD9099F60284D,2020-10-14 03:57:00.613000,2020-10-14 03:57:01.249000
ss6b6hqnfzezvpd6,failed,not_found,428,3CFAD0798FF5D3B994F40B8971D4A79D84165A0D,547C1CDB516798EC66A01F04A5884DCE1A151919,881F09279F94E9AAD3DE30727DF3AD7C2CE900DF,1944F3A473CB77B12BDB4E3D15963A24DF58E4E7,2020-10-14 03:57:01.249000,2020-10-14 03:57:01.879000
d5z7zl2h74aouz2y,failed,not_found,369,3CFAD0798FF5D3B994F40B8971D4A79D84165A0D,58BC63142C881F88D08E071DEB63DBA09DE62141,D123C0F8F562804693C47D68C61786023B295E98,8E1EFE623F0BF0622F2A6F135E13EA6E3AE5826E,2020-10-14 03:56:56.938000,2020-10-14 03:56:57.512000
d5z7zl2h74aouz2y,failed,not_found,376,3CFAD0798FF5D3B994F40B8971D4A79D84165A0D,C239952D0C8E4EABC3E6B0A8E0B623689174E3C6,0990E0F4F2C127BDDA9B6726400FAC077F6C83B0,C63110BDD8736D2C2A733FF962F58D58FDE63A2D,2020-10-14 03:56:57.513000,2020-10-14 03:56:58.448000
d5z7zl2h74aouz2y,failed,not_found,384,3CFAD0798FF5D3B994F40B8971D4A79D84165A0D,6B5A63BFEEA8EF58DA812F4F05BE98C869809DFB,B923D15EDF4E7B1261876860D51FAB907ED18347,8DFCA3E1B22312330149D1BF24365534B93FA384,2020-10-14 03:56:58.448000,2020-10-14 03:56:58.847000
d5z7zl2h74aouz2y,failed,not_found,449,3CFAD0798FF5D3B994F40B8971D4A79D84165A0D,D1E706B9021A0BF8E9663DB207D9D9EC03A70DAC,7DAC367AF33DBEFEDC684789490E213FD348BE36,C63D7C4FAE5424D6286411D33497A2191882EB0A,2020-10-14 03:56:58.847000,2020-10-14 03:57:03.538000
d5z7zl2h74aouz2y,failed,not_found,460,3CFAD0798FF5D3B994F40B8971D4A79D84165A0D,91517F219F7648E4B8BBF3C162C77DDC55315612,A3C0C4B34CDBCE03A85CDA06E9EE2F7E165551DB,C63F4EC7437193BD6070D5CBD0EABBB610DD02AA,2020-10-14 03:57:03.539000,2020-10-14 03:57:04.618000
d5z7zl2h74aouz2y,failed,not_found,473,3CFAD0798FF5D3B994F40B8971D4A79D84165A0D,02ED4F8DB11F1303BA21B16AA1CF2A0A48547ACA,7B0D94D348D9F98C50B6674C5CB17AF35EA2605F,8E33A4B1985004E5FBA5F8BF61AE3A23A2BF78E8,2020-10-14 03:57:04.619000,2020-10-14 03:57:06.178000
dxlnv6et5ui5vgss,failed,not_found,370,3CFAD0798FF5D3B994F40B8971D4A79D84165A0D,B568135C5E345BAFB080C11FDDF348E545A722E5,453E51CBAA4C2169EBCB05583247DD6201E87FAD,09930800210FF35CE84F2DEEDB4F9B67812B9717,2020-10-14 03:56:56.939000,2020-10-14 03:56:57.783000
dxlnv6et5ui5vgss,failed,not_found,378,3CFAD0798FF5D3B994F40B8971D4A79D84165A0D,EAA823552F959DFD038E9AC8FA89345A738B6C00,ACE29EC7700BD112DEB42B934E5E443476CD577C,098D9CF7568D27A8288FA4BB3819A99913315D6E,2020-10-14 03:56:57.783000,2020-10-14 03:56:58.578000
dxlnv6et5ui5vgss,failed,not_found,388,3CFAD0798FF5D3B994F40B8971D4A79D84165A0D,64B43A6198B6C1F97D9ED8929F5A8913C3815935,F5E1B96BFE700FF8BF09DE5A02181EBB48E218F7,0995CB06655B4AD50689F4AB303764CD717C258E,2020-10-14 03:56:58.578000,2020-10-14 03:56:59.289000
dxlnv6et5ui5vgss,failed,not_found,397,3CFAD0798FF5D3B994F40B8971D4A79D84165A0D,D7230F4F13324A28C308AF94E2385D0A7F1B05F9,D14EC16949648CEE84EA1664445029EA4B597074,996F98DDCDA5A303C0832AC8F842D8DD2842D3BF,2020-10-14 03:56:59.290000,2020-10-14 03:56:59.783000
dxlnv6et5ui5vgss,failed,not_found,405,3CFAD0798FF5D3B994F40B8971D4A79D84165A0D,B0B26AEDB0D1E21EA8E06530CAAD953B464286FB,BBB3F31215D0156D70D27B165BF8FFC4BCD9E0E4,9973E1E9730A58FDBA9E112D2B3342D2C0D921B5,2020-10-14 03:56:59.784000,2020-10-14 03:57:00.779000
dxlnv6et5ui5vgss,failed,not_found,419,3CFAD0798FF5D3B994F40B8971D4A79D84165A0D,DEB594A54845BBF48E218828522BC204C2E3DAE1,54F5D800DD9783FCF2200E80EF3D1A867A3F6D6B,9971F51A3274758B5C59E1D6580ED2C13E13CBEC,2020-10-14 03:57:00.780000,2020-10-14 03:57:01.582000
fmza32i7c6cbkg6y,failed,not_found,381,3CFAD0798FF5D3B994F40B8971D4A79D84165A0D,AC61D1722091F2FC4760776AF2C230D9DC679C03,BE8737597F2E6B4F805893202C935125829A902E,87987C8B85AEB73A866A67AC696114CFE27E7E77,2020-10-14 03:56:57.903000,2020-10-14 03:56:58.542000
fmza32i7c6cbkg6y,failed,not_found,387,3CFAD0798FF5D3B994F40B8971D4A79D84165A0D,9456BBB3FB923DD1CDEC5C8B45D9615BC937DC42,438E8C214576AF13480A550D45C116F43333C319,EDEA19172EC8B1463BDD19E3A18778C5756710A1,2020-10-14 03:56:58.542000,2020-10-14 03:56:59.338000
fmza32i7c6cbkg6y,failed,not_found,401,3CFAD0798FF5D3B994F40B8971D4A79D84165A0D,599A708756048993A1029B2775EEF8C9E40BB640,20465F3DFD77F7AC95F31A4D35726FB6D82F0E67,87A2EABEAB0D7E4EB002A42D26000F5CB8D5B937,2020-10-14 03:56:59.338000,2020-10-14 03:56:59.895000
fmza32i7c6cbkg6y,failed,not_found,406,3CFAD0798FF5D3B994F40B8971D4A79D84165A0D,6D72E970EB5218702C854BE250EC0663CC14D9BD,2ED8654AD1B8C25F3EB83156B07EA35BE6132F0C,EDFD5FFE9D97ADC0BAFE30A3BD8454F36FFDEF69,2020-10-14 03:56:59.896000,2020-10-14 03:57:00.418000
fmza32i7c6cbkg6y,failed,not_found,410,3CFAD0798FF5D3B994F40B8971D4A79D84165A0D,769A297017BB5E92A9A5A3D76725CA12D694AA30,4FDDFAD51B24DDABB62FB59071F4DC421E76C685,879FAE7932DF44AAFB3366DE405C4680F74E9284,2020-10-14 03:57:00.419000,2020-10-14 03:57:00.666000
fmza32i7c6cbkg6y,failed,not_found,417,3CFAD0798FF5D3B994F40B8971D4A79D84165A0D,8EE28EAF0874AF9B03EBBD79B5EB5059E2547355,04E3B5925EB5F66C6EC810A3D7702E0CA3F9D5E7,EDEDB8797873D340328B5FEDBD7744A7D1DF151F,2020-10-14 03:57:00.667000,2020-10-14 03:57:01.464000
ubbaau5h6k5pu7x5,failed,not_found,382,3CFAD0798FF5D3B994F40B8971D4A79D84165A0D,6B9EA8927AB6E94E216067E65372182343A5AFA2,A69221A7EC7498D2F88A0FB795261013FA36CAAE,C866C38DA2D102CD88E138F0AF3A9D6B72606730,2020-10-14 03:56:57.903000,2020-10-14 03:56:58.914000
ubbaau5h6k5pu7x5,failed,not_found,393,3CFAD0798FF5D3B994F40B8971D4A79D84165A0D,A835BE6AAFF5A71D8699737588530FDE141B209E,33AA6CFE161A698169B548C9D973DAE6DED6BF0E,75EE3430CEF7744EA1E35607881B27581EB15880,2020-10-14 03:56:58.914000,2020-10-14 03:56:59.457000
ubbaau5h6k5pu7x5,failed,not_found,402,3CFAD0798FF5D3B994F40B8971D4A79D84165A0D,C63110BDD8736D2C2A733FF962F58D58FDE63A2D,0E46E058CBC1C37D78896F008BD2D2B99732A149,75F4BE85F5DC623BDAF65CB269CD6E4E3F14FE38,2020-10-14 03:56:59.457000,2020-10-14 03:57:00.098000
ubbaau5h6k5pu7x5,failed,not_found,411,3CFAD0798FF5D3B994F40B8971D4A79D84165A0D,67F5AC35DBA20D22A0178BFB6F4AC076C3B16829,F9E32D4058F7F35E9BC4F1D8C3B2DAA0C4466660,75FB9A4469199F251581061391214ACFDC682EF4,2020-10-14 03:57:00.099000,2020-10-14 03:57:01.135000
ubbaau5h6k5pu7x5,failed,not_found,424,3CFAD0798FF5D3B994F40B8971D4A79D84165A0D,1034775A01EA629979D0A601EC85FDF2F584CC45,8841E775C3DE70E4414F0678DBD532C1F80FF62C,C82A233A89DC3D94CF321E1622D9A538E126C216,2020-10-14 03:57:01.135000,2020-10-14 03:57:01.616000
ubbaau5h6k5pu7x5,failed,not_found,429,3CFAD0798FF5D3B994F40B8971D4A79D84165A0D,34DE7F9028A53D5238D779B00DAF7438FDE1D7A0,CDAF0B74C45FD5B1955198A8D92C8A518A53D07B,C841357CFA0F2CE96692EF21D515D6BF0B017036,2020-10-14 03:57:01.617000,2020-10-14 03:57:02.126000
md6fzyfaarh2awdg,failed,not_found,394,3CFAD0798FF5D3B994F40B8971D4A79D84165A0D,C25E5C62897BACBA309571C2548084B45050FEDF,C333C56EAAD404ACDDE2FB3A675C5F5DA46A81E2,F0832608B0D52E7B4418E54E655CA18A585DEDB8,2020-10-14 03:56:58.923000,2020-10-14 03:56:59.516000
md6fzyfaarh2awdg,failed,not_found,403,3CFAD0798FF5D3B994F40B8971D4A79D84165A0D,2B24C281AD12EA96F72C2808E1AF041CEBE345D0,104DC15ACFA69CF94F89E8ED0F6CDB2D298234D2,3076FB1CCEB8341322019AD26F69BFC0AA845334,2020-10-14 03:56:59.517000,2020-10-14 03:57:00.123000
md6fzyfaarh2awdg,failed,not_found,413,3CFAD0798FF5D3B994F40B8971D4A79D84165A0D,F4F92D8B840C2D053197AC3EF9C58F3DCFBB20FE,819C8AFEDAC733315A8F3DB80F043F13090C49F6,30C0B4DE58CFBB350485B326A0D67352E0138CCF,2020-10-14 03:57:00.124000,2020-10-14 03:57:00.600000
md6fzyfaarh2awdg,failed,not_found,414,3CFAD0798FF5D3B994F40B8971D4A79D84165A0D,87B3557F3E792217E2BC4E9923EACA4AEC5BA9C3,103336165A0D2EFCAD3605339843A0A7710B8B92,F08A3744CA6568ED28545C2B7C1BE7D8BA27CBDE,2020-10-14 03:57:00.600000,2020-10-14 03:57:01.433000
md6fzyfaarh2awdg,failed,not_found,423,3CFAD0798FF5D3B994F40B8971D4A79D84165A0D,32F3621E84AEE1A211DBE70B0EAB89E41A7A8B9F,8404E8B8AAB98208FAEFB1727B637133AD9C6FAF,F08A525ACA965CF6A55F0587BF4B7373D98B954E,2020-10-14 03:57:01.433000,2020-10-14 03:57:01.971000
md6fzyfaarh2awdg,failed,not_found,436,3CFAD0798FF5D3B994F40B8971D4A79D84165A0D,14D57DEDF0A4554A2D21AD53CCCC43E31158C733,F1B1E1267A9301244120EF7D47CD4174FD94FD60,30B6CF0FCBA0505FD7105907999C751D799AE4D2,2020-10-14 03:57:01.971000,2020-10-14 03:57:02.576000
b2cj2j6plz6oc4wo,failed,not_found,418,3CFAD0798FF5D3B994F40B8971D4A79D84165A0D,C43827BB94B59CE61987310F80A035C5AB9DF002,C2B45199FC6F98E21BFAFE0833348F288FA337E3,C3443C3A0F6FE548262EA987A955D5BD4FD27C24,2020-10-14 03:56:58.929000,2020-10-14 03:57:01.714000
b2cj2j6plz6oc4wo,failed,not_found,430,3CFAD0798FF5D3B994F40B8971D4A79D84165A0D,D35682AB6E29D91AA030E03A9BEB42700D96A1EF,43FF3346A3F8E4ED27F631DC956C4CD8D6173D7A,C33B36DBD576D4DE141443D28122575DA159D1B3,2020-10-14 03:57:01.715000,2020-10-14 03:57:03.216000
b2cj2j6plz6oc4wo,failed,not_found,452,3CFAD0798FF5D3B994F40B8971D4A79D84165A0D,52D5FB2004C67127C73B71478238FA66122BD443,3EE6BA5394B18AEF14E0D3B959D733B7A1EC3AD5,C3263F4B4E92127B7CD15E8F9746B4382233424A,2020-10-14 03:57:03.216000,2020-10-14 03:57:03.734000
b2cj2j6plz6oc4wo,failed,not_found,461,3CFAD0798FF5D3B994F40B8971D4A79D84165A0D,CDAAB6F5FAF38747A1DB583882846485BE1520D2,F3CEC87ED91E0B0B1D86BE4D7DE90F00B607ECAF,A53C46F5B157DD83366D45A8E99A244934A14C46,2020-10-14 03:57:03.734000,2020-10-14 03:57:04.415000
b2cj2j6plz6oc4wo,failed,not_found,465,3CFAD0798FF5D3B994F40B8971D4A79D84165A0D,49C74AB9AD0357F39D268BAB3B5B20FD4765F226,61F3A840F61EEFFF682C6243534ECEB09ADFE3B3,A550D5FA8081101BB4CCA17DBCD5D6ABABBE6BD0,2020-10-14 03:57:04.416000,2020-10-14 03:57:04.855000
b2cj2j6plz6oc4wo,failed,not_found,475,3CFAD0798FF5D3B994F40B8971D4A79D84165A0D,D87698D8E2276C7E93D531B7C2A1B27D58C71876,19D353B8AA0927DF82CB26E0396C57BE27C0ACC5,A5490FE201BFA31694884206F4797A6E6A222C50,2020-10-14 03:57:04.855000,2020-10-14 03:57:05.349000
naysladh3iayclqr,failed,not_found,407,3CFAD0798FF5D3B994F40B8971D4A79D84165A0D,B149064611DC466405E1825956F36B202DCE6E4A,A20CB2416BDECC60B681FEE20113361DB7DDE5DB,05FEA2DB1FD29DE229B589DFEF5E80A5C6C7EE9E,2020-10-14 03:56:59.912000,2020-10-14 03:57:01.223000
naysladh3iayclqr,failed,not_found,426,3CFAD0798FF5D3B994F40B8971D4A79D84165A0D,9A48EC8AAFB2E8C9E20408596383DB74F1196747,1F6ABD086F40B890A33C93CC4606EE68B31C9556,05DC5DBEFB651BC02946DB3286F85DB1B5D2C3D6,2020-10-14 03:57:01.223000,2020-10-14 03:57:02.109000
naysladh3iayclqr,failed,not_found,439,3CFAD0798FF5D3B994F40B8971D4A79D84165A0D,3EEEB7021D974D38B6D97BEFB55E5E48551A8FEA,890530C5B510A506F5CF206EFEC1595F96E727A5,05F5BB75DA007361CE03770393033D4D52836D8A,2020-10-14 03:57:02.109000,2020-10-14 03:57:02.577000
naysladh3iayclqr,failed,not_found,441,3CFAD0798FF5D3B994F40B8971D4A79D84165A0D,013DD355516AB903580197E506A45C9D522AC078,F836446663F1EB816F13708955F105D0B2F5C8E0,6F6586F1631CAC1115B9561656E7664D386B7F4B,2020-10-14 03:57:02.578000,2020-10-14 03:57:03.216000
naysladh3iayclqr,failed,not_found,453,3CFAD0798FF5D3B994F40B8971D4A79D84165A0D,2B24C281AD12EA96F72C2808E1AF041CEBE345D0,BF37445EA2A9F3D04F4B87DFAC624AEF21B559D5,6F7E602D79D16C871F8984B98658F2C9928F2FD9,2020-10-14 03:57:03.216000,2020-10-14 03:57:03.904000
naysladh3iayclqr,failed,not_found,462,3CFAD0798FF5D3B994F40B8971D4A79D84165A0D,55008A58196B5E9E769B53BA587E0F9E211A213D,CDAF0B74C45FD5B1955198A8D92C8A518A53D07B,6F4E9FD00D4251D98BE96FB1AA546FE34676A95B,2020-10-14 03:57:03.905000,2020-10-14 03:57:04.401000
57f47veoscqqslyu,failed,not_found,408,3CFAD0798FF5D3B994F40B8971D4A79D84165A0D,5745EFFC6A3F8D45FDD881EAC3344189386DC4B8,2269C9905B04530E251186FAD6F56033654E5C99,82B94663F141978FB2252A166A7FCFF0BA3A1701,2020-10-14 03:56:59.918000,2020-10-14 03:57:01.249000
57f47veoscqqslyu,failed,not_found,427,3CFAD0798FF5D3B994F40B8971D4A79D84165A0D,40CDE936B04B4573A47223396006443CA5EAC845,0E300A0942899B995AE08CEF58062BCFEB51EEDF,82B8C3D5AF61218D3CB1BB8F09205710B148122A,2020-10-14 03:57:01.249000,2020-10-14 03:57:02.125000
57f47veoscqqslyu,failed,not_found,440,3CFAD0798FF5D3B994F40B8971D4A79D84165A0D,929BF37C657D4F69C76324E5FEA760A62483813B,8525BF049B9744352819D1E354DF69331B67FC5A,05B451C0562FDE23307AFA84FD6A37652E615233,2020-10-14 03:57:02.125000,2020-10-14 03:57:02.896000
57f47veoscqqslyu,failed,not_found,444,3CFAD0798FF5D3B994F40B8971D4A79D84165A0D,874D84382C892F3F61CC9E106BF08843DE0B865A,B07FCCFAC6131953FE8523787B4A190D16DF6681,82C98E3488E9F19B17ADBA02784C011020FDF4DB,2020-10-14 03:57:02.897000,2020-10-14 03:57:03.413000
57f47veoscqqslyu,failed,not_found,455,3CFAD0798FF5D3B994F40B8971D4A79D84165A0D,B3C6B4D26A20151F568D39ACFA63E15DBC01CD5D,0B19BBFDC498CCEA23027B1D7BD8E20121B95E60,05976EAC91BC67A6C0628476EE24DAC1CC378A10,2020-10-14 03:57:03.414000,2020-10-14 03:57:04.970000
57f47veoscqqslyu,failed,not_found,480,3CFAD0798FF5D3B994F40B8971D4A79D84165A0D,4B351545DD58473F36B0A20E5500AC6ED51E8CD5,1A2B77AD0A742CD804B9DD747E2DD8E38D06C915,05AD6F4906142276C606558C9C3B8876B43CD90F,2020-10-14 03:57:04.970000,2020-10-14 03:57:05.483000
pi345q5dte7nm245,failed,not_found,420,3CFAD0798FF5D3B994F40B8971D4A79D84165A0D,99339F3E68BCCC1391BF14C821D80766FE0C5956,D8056CAD4A3D6EE7D82748027474BF5C53E569D9,AF51116B72FFF27806184BAC7DF61564AB7E5C9F,2020-10-14 03:57:00.901000,2020-10-14 03:57:01.763000
pi345q5dte7nm245,failed,not_found,432,3CFAD0798FF5D3B994F40B8971D4A79D84165A0D,1C8B3C3D8BC705883B7799C915B2FE1E0FEB006F,E81993EA52B73285CFFD02FEC003569D21483001,AF57275D067ACF1EADE51E32860C8E569190BB24,2020-10-14 03:57:01.763000,2020-10-14 03:57:02.800000
pi345q5dte7nm245,failed,not_found,443,3CFAD0798FF5D3B994F40B8971D4A79D84165A0D,F1A800765664CA7D983897D133C825945C288745,35513B1D2EA70649346C3C6D34F63D6982E3948A,AF4997738E0CFC014CD04FB09A670D2C5F1E79A4,2020-10-14 03:57:02.800000,2020-10-14 03:57:03.401000
pi345q5dte7nm245,failed,not_found,451,3CFAD0798FF5D3B994F40B8971D4A79D84165A0D,48DE832F4BE6955B3F3F1F060310F3BFD7A7903E,1EDE608C5E190C8682A2F827664E758416104670,8BE58BA7A28DC6B4F211CE8EE86783B85133488D,2020-10-14 03:57:03.402000,2020-10-14 03:57:04.199000
pi345q5dte7nm245,failed,not_found,468,3CFAD0798FF5D3B994F40B8971D4A79D84165A0D,B872BA6804C8C6E140AE1897B44CF32B42FD2397,B184539AD69B743E5421F024C8AABD2AB264335B,8BAFFAA25FA37A692869E522F5E4C80B37AFED90,2020-10-14 03:57:04.199000,2020-10-14 03:57:05.242000
pi345q5dte7nm245,failed,not_found,484,3CFAD0798FF5D3B994F40B8971D4A79D84165A0D,FF9FC6D130FA26AE3AE8B23688691DC419F0F22E,0EC4025AA4B4E2074F41CB1860EE567DBCF702D9,8B9B72D9613E1B674A17DAA6A11FE336C3427191,2020-10-14 03:57:05.243000,2020-10-14 03:57:05.951000
vzit2eeue2d5bajf,failed,not_found,421,3CFAD0798FF5D3B994F40B8971D4A79D84165A0D,3BB035514F8246AC367B5370F4FE120BB11D8C6D,856DAB2FDC9EED88A27BE2265FA6BD5489EF178E,82B8C3D5AF61218D3CB1BB8F09205710B148122A,2020-10-14 03:57:00.907000,2020-10-14 03:57:01.729000
vzit2eeue2d5bajf,failed,not_found,454,3CFAD0798FF5D3B994F40B8971D4A79D84165A0D,A9CC6C0B5B002C6D902827584A336CB15B5C9DC7,F7B024DB02C601185C202E26DFFD2AD525C16A36,82B94663F141978FB2252A166A7FCFF0BA3A1701,2020-10-14 03:57:01.729000,2020-10-14 03:57:04.525000
vzit2eeue2d5bajf,failed,not_found,471,3CFAD0798FF5D3B994F40B8971D4A79D84165A0D,8A6F5A21493685B50F1B46A87A2099D6C410F237,40CDE936B04B4573A47223396006443CA5EAC845,82ACC2C54FA8E53FB1A9C990CD0CD00077329DFD,2020-10-14 03:57:04.525000,2020-10-14 03:57:04.976000
vzit2eeue2d5bajf,failed,not_found,481,3CFAD0798FF5D3B994F40B8971D4A79D84165A0D,32C1100B5EF19A5BFBB431E8D42781C2D09D31C3,55A92BE2A76C64A5A0DB0D4F61D5DCA37B55EE52,A69221A7EC7498D2F88A0FB795261013FA36CAAE,2020-10-14 03:57:04.977000,2020-10-14 03:57:05.682000
vzit2eeue2d5bajf,failed,not_found,488,3CFAD0798FF5D3B994F40B8971D4A79D84165A0D,88F5FD94C520B22A1A5B98EC20003F046ED601DD,5B701D5C806F91D8A3C6B3E92624727EC43E26C2,A690C6AA8102C027D297AF3401BFE16918CCF7A6,2020-10-14 03:57:05.683000,2020-10-14 03:57:06.402000
vzit2eeue2d5bajf,failed,not_found,496,3CFAD0798FF5D3B994F40B8971D4A79D84165A0D,5F276A6F7AA74AFB2AF100EADA28C7A6F48BA50F,7EB91FDB68EAD3A13808D9356DA82605773215F5,A69CEB30328B1E85C6B167FECAF2F509CBD9517F,2020-10-14 03:57:06.403000,2020-10-14 03:57:08.397000
gee5ptrm3dvexvrk,failed,not_found,434,3CFAD0798FF5D3B994F40B8971D4A79D84165A0D,FB13B3060516E4C50E5E178227A036977103E4AD,F0C9513539800F762ECAE37F16370D7CBA5E52C2,021DDCD687FD505B7EA7E75DA6CEF0D778AA07FB,2020-10-14 03:57:01.942000,2020-10-14 03:57:02.467000
gee5ptrm3dvexvrk,failed,not_found,437,3CFAD0798FF5D3B994F40B8971D4A79D84165A0D,F6691E3EB7CAB3C876AAA885E6801B63DC998C39,B0B26AEDB0D1E21EA8E06530CAAD953B464286FB,023455597DAB689EE84FB3A7BC7FC5F9A3E27FD6,2020-10-14 03:57:02.468000,2020-10-14 03:57:03.432000
gee5ptrm3dvexvrk,failed,not_found,456,3CFAD0798FF5D3B994F40B8971D4A79D84165A0D,4060BE838E47FDFFFEB045CAF6630AC663AE2AD2,B8F7B162963287D2199D075BBAB2C4FB941BB390,4CDCC833FB70B9F3915522FDC90E52C531FEEC49,2020-10-14 03:57:03.432000,2020-10-14 03:57:04.502000
gee5ptrm3dvexvrk,failed,not_found,469,3CFAD0798FF5D3B994F40B8971D4A79D84165A0D,903044B185D293317A0CB4E7EB7FF898B076E3CB,4FA1F401F8C3E8326031E7994045BE67F36033A6,4CDF3B6F7ABF790E5EB393539952A9A2F2CAA43A,2020-10-14 03:57:04.502000,2020-10-14 03:57:06.209000
gee5ptrm3dvexvrk,failed,not_found,494,3CFAD0798FF5D3B994F40B8971D4A79D84165A0D,77DD258F0D58792E0DCBDAA0BC66A1DC5F8D84AD,0D99F89BBB92BF5557F8D3F895DB218A72871089,4CE6D83FFA8AD24767007E8C972F371F2468F09A,2020-10-14 03:57:06.209000,2020-10-14 03:57:06.668000
gee5ptrm3dvexvrk,failed,not_found,497,3CFAD0798FF5D3B994F40B8971D4A79D84165A0D,E6D4332BF40FDEE7814F2DBC926650EF8032B643,149237213C89476F3E44051D3719006F7F140433,022A5535F42B1A9F9AA755C4EAB5F36FEF9781D8,2020-10-14 03:57:06.669000,2020-10-14 03:57:07.222000
6avd3ny4uc26nhdt,failed,not_found,435,3CFAD0798FF5D3B994F40B8971D4A79D84165A0D,ACBBB426CE1D0641A590BF1FC1CF05416FC0FF6F,013DD355516AB903580197E506A45C9D522AC078,54F5D800DD9783FCF2200E80EF3D1A867A3F6D6B,2020-10-14 03:57:01.943000,2020-10-14 03:57:02.634000
6avd3ny4uc26nhdt,failed,not_found,442,3CFAD0798FF5D3B994F40B8971D4A79D84165A0D,E130296683B896A117CE5DA531A5645644178734,F569731C9CA2270563A1B056ED9378CC99BE3DAC,5CE3AD8AD04ADE66C0037A3CF5F7F7A40D48A20B,2020-10-14 03:57:02.634000,2020-10-14 03:57:03.514000
6avd3ny4uc26nhdt,failed,not_found,459,3CFAD0798FF5D3B994F40B8971D4A79D84165A0D,F836446663F1EB816F13708955F105D0B2F5C8E0,A541C211909264081DC3A4F8E105F06139DDCD8B,54DE63F4587058B79152A75A0238D7F7A0279215,2020-10-14 03:57:03.514000,2020-10-14 03:57:04.139000
6avd3ny4uc26nhdt,failed,not_found,467,3CFAD0798FF5D3B994F40B8971D4A79D84165A0D,7FA3FA525901A91A1310B817943668BC2C16289E,0459DAA497FCB7A3BB62A6CC8A4D71964EB21842,550F8C238D36F6117F319817CC3BF16D23FC8555,2020-10-14 03:57:04.140000,2020-10-14 03:57:04.898000
6avd3ny4uc26nhdt,failed,not_found,476,3CFAD0798FF5D3B994F40B8971D4A79D84165A0D,D49D0071D9236EFC6AC527292894A5A2143F815D,7ED3D8AFAC750F8CC0BDF8C87FE3BCBA2BBE2209,5CF342DBBD6170BEE00CD52ACB4076D551085E7F,2020-10-14 03:57:04.899000,2020-10-14 03:57:05.656000
6avd3ny4uc26nhdt,failed,not_found,486,3CFAD0798FF5D3B994F40B8971D4A79D84165A0D,547C1CDB516798EC66A01F04A5884DCE1A151919,3A30D99AE164733D16AA3A86D67B1D8B82A07FF5,5CCC3569C67B7F1BB733664D43DF4645F2A4B04D,2020-10-14 03:57:05.657000,2020-10-14 03:57:06.401000
swak4z6ihqkwffma,failed,not_found,445,3CFAD0798FF5D3B994F40B8971D4A79D84165A0D,B00B6BA943600447CF72D58DB7A35B16754E43C8,7C5C0E83CA290FFF6D5E30D9E0E3FFC9BAE0D0C5,47E49319DD67784F1E65B5793371BE467365979E,2020-10-14 03:57:02.911000,2020-10-14 03:57:03.503000
swak4z6ihqkwffma,failed,not_found,458,3CFAD0798FF5D3B994F40B8971D4A79D84165A0D,D14EC16949648CEE84EA1664445029EA4B597074,1B6D2FA8D4B87B5CD8E2AE8DD5A4A9DC6A69B45B,2F64EA527C4AA6F99E261318DD1FF127828E2525,2020-10-14 03:57:03.503000,2020-10-14 03:57:04.107000
swak4z6ihqkwffma,failed,not_found,466,3CFAD0798FF5D3B994F40B8971D4A79D84165A0D,118496882F58E787DC24F5C219B93F22BA5820D8,1116A8A9419671432CA8A4D8BB404FD71A95EC2C,2F67A940520D1C9E66497D3847F0FDEE545AE7C0,2020-10-14 03:57:04.107000,2020-10-14 03:57:04.700000
swak4z6ihqkwffma,failed,not_found,474,3CFAD0798FF5D3B994F40B8971D4A79D84165A0D,C1DCC470C80F6D702C5ED11515936444BD3A0255,47A83EC4D144FB8094A57DC5AEB39E9F6F174036,47F9D1E0155089917FFA734EF759089326C3761A,2020-10-14 03:57:04.701000,2020-10-14 03:57:06.421000
swak4z6ihqkwffma,failed,not_found,493,3CFAD0798FF5D3B994F40B8971D4A79D84165A0D,E81993EA52B73285CFFD02FEC003569D21483001,0C7FB0E5E424A6BF8FC579747D1FF3E44F3760EB,47E0EEB4E75C2C3633A7E294885F146B1E786DA9,2020-10-14 03:57:06.421000,2020-10-14 03:57:07.136000
swak4z6ihqkwffma,failed,not_found,507,3CFAD0798FF5D3B994F40B8971D4A79D84165A0D,C3636ECA4B40900056590AA7DBFC6ED09379852F,32EE911D968BE3E016ECA572BB1ED0A9EE43FC2F,2F644DDEF8BAA31BA0240E6C6D36665D90DA57C9,2020-10-14 03:57:07.136000,2020-10-14 03:57:07.755000
4gwu3srw22c7k6xe,failed,not_found,446,3CFAD0798FF5D3B994F40B8971D4A79D84165A0D,7FA3FA525901A91A1310B817943668BC2C16289E,A191F6309396DAD373FE7E4D1EF64B40F38A3637,A44062AE3484310CE728BBD7769E9CD44C09FBB0,2020-10-14 03:57:02.916000,2020-10-14 03:57:03.454000
4gwu3srw22c7k6xe,failed,not_found,548,3CFAD0798FF5D3B994F40B8971D4A79D84165A0D,3970FA79EC2752446D668ECD575354101C5E29AA,5B1F0DAF378A1FAFCFD5FA9CDC66D1023DC0276E,A40426552AAFB2692671EEFB1C93D6F749B161C3,2020-10-14 03:57:03.454000,2020-10-14 03:57:12.202000
4gwu3srw22c7k6xe,failed,not_found,561,3CFAD0798FF5D3B994F40B8971D4A79D84165A0D,33B36B7CD097F0BE1EE51E739DDA8F1B2E80B0F2,E9CE81CC21B63FD316F642E6AF867D6FE0C3A847,A40D5345ACA7439DAEA3801C3C473731B68A6E9B,2020-10-14 03:57:12.202000,2020-10-14 03:57:12.661000
4gwu3srw22c7k6xe,failed,not_found,568,3CFAD0798FF5D3B994F40B8971D4A79D84165A0D,82ED9AEC94184EC6DD299A5CDB3378B04BB17489,6DA5D1B9B239501838E19CC0ACBAFAE737AEEC5B,7ABA39F796B24333F85FA500A057DE9D700E1534,2020-10-14 03:57:12.661000,2020-10-14 03:57:15.344000
4gwu3srw22c7k6xe,failed,not_found,611,3CFAD0798FF5D3B994F40B8971D4A79D84165A0D,86CDD0D92AB972538416A382D99666736CDDF141,8701E70AC4C0C9E1FE47EA853FC997D29BE5D65C,7AAF5597B18D82CC90CA95FB7976A1CEA4A32E06,2020-10-14 03:57:15.344000,2020-10-14 03:57:15.877000
4gwu3srw22c7k6xe,failed,not_found,617,3CFAD0798FF5D3B994F40B8971D4A79D84165A0D,148932533E788B63A32D6E0B32DB6ED3B7848F99,F94A7BAC5D1E3D9372437141E10695A625B8B533,7ABCCA401B647BED71FF6EEF0E088EB74A1C4E05,2020-10-14 03:57:15.878000,2020-10-14 03:57:16.927000
h6l5rdv3yduxmv7a,failed,not_found,463,3CFAD0798FF5D3B994F40B8971D4A79D84165A0D,3033FD18BBD658C5ECE926FB17D2269BFE337358,1E03D81C9744DE0E3C9DE6E6FBDF1DF9DAEA5AFC,03A6C11856113883CE89F7421CE74F3B4180B504,2020-10-14 03:57:03.925000,2020-10-14 03:57:04.525000
h6l5rdv3yduxmv7a,,,,,,,B493C692A62D8D24E93DD50113653A4D0152B7C5,2020-10-14 03:57:04.526000,
bdkw4yx542j7bsif,failed,not_found,464,3CFAD0798FF5D3B994F40B8971D4A79D84165A0D,BF0FB582E37F738CD33C3651125F2772705BB8E8,4E98AA295B7171996D18DD1F6A19F64AB4036B4A,F8E6613A7AA382960E00FC70A2E15A7B2F3F3FA0,2020-10-14 03:57:03.925000,2020-10-14 03:57:04.502000
bdkw4yx542j7bsif,failed,not_found,470,3CFAD0798FF5D3B994F40B8971D4A79D84165A0D,54DE63F4587058B79152A75A0238D7F7A0279215,8AA959D8DE3A4840E155FCFEDD12A98AC47B615D,F8DE8132E599A194E20DDB738AF64A7200CD5949,2020-10-14 03:57:04.503000,2020-10-14 03:57:05.158000
bdkw4yx542j7bsif,failed,not_found,482,3CFAD0798FF5D3B994F40B8971D4A79D84165A0D,46EC7BB31BFEC251B89E0C0715DEC4AA8208A1BA,7BF74F6066D501129FB694D4777ACD34F8062DD8,F8D27B163B9247B232A2EEE68DD8B698695C28DE,2020-10-14 03:57:05.158000,2020-10-14 03:57:05.383000
bdkw4yx542j7bsif,failed,not_found,485,3CFAD0798FF5D3B994F40B8971D4A79D84165A0D,761A60D0364D9AA03114F72550483287ED060B2D,14D57DEDF0A4554A2D21AD53CCCC43E31158C733,5832D3CB2850C37B7CA4C55B575DC4174636162E,2020-10-14 03:57:05.384000,2020-10-14 03:57:05.906000
bdkw4yx542j7bsif,failed,not_found,538,3CFAD0798FF5D3B994F40B8971D4A79D84165A0D,014E24C0CD21D2B9829E841D5EC1D3C415F866BF,B8123550BE6A39FF7EC2D015C86755517907557E,58332DDDA15415CB3D13F5ECA3D54BE961B8C458,2020-10-14 03:57:05.907000,2020-10-14 03:57:10.760000
bdkw4yx542j7bsif,failed,not_found,606,3CFAD0798FF5D3B994F40B8971D4A79D84165A0D,19109FAE0E9EE366FF94EC6A477C3B33E798D181,5CFC486780CBD4446B764E51608D6574003B350D,5835654384EA7DB06B2581A3999730F15E51922F,2020-10-14 03:57:10.760000,2020-10-14 03:57:16.252000
r7wzybx4465voh7b,failed,not_found,478,3CFAD0798FF5D3B994F40B8971D4A79D84165A0D,EAA823552F959DFD038E9AC8FA89345A738B6C00,E0087D2258960A98CA2DC06AC82F4D0623309B70,73A62B590CC4F290D068FA20A12D6408A0D8B60C,2020-10-14 03:57:04.918000,2020-10-14 03:57:05.672000
r7wzybx4465voh7b,failed,not_found,532,3CFAD0798FF5D3B994F40B8971D4A79D84165A0D,E1BAB4F5B0E9D7891DCD9790C8F186D81728348F,CBD0D1BD110EC52963082D839AC6A89D0AE243E7,29FA511E67A31A1A874AABFB2B624AD122AE4ED4,2020-10-14 03:57:05.673000,2020-10-14 03:57:10.652000
r7wzybx4465voh7b,failed,not_found,540,3CFAD0798FF5D3B994F40B8971D4A79D84165A0D,25990FC54D7268C914170A118EE4EE75025451DA,324E2F56E04C2329598EAC512C3455AD45CE4A8C,29DDD25C8383FDA559D4E0E88F820AB88C26212A,2020-10-14 03:57:10.653000,2020-10-14 03:57:11.184000
r7wzybx4465voh7b,failed,not_found,550,3CFAD0798FF5D3B994F40B8971D4A79D84165A0D,7A32C9519D80CA458FC8B034A28F5F6815649A98,6D0324E48F435E19F077307BB686D118C6DAF124,73A5A81688BD536BFBABE18630F5BD6306C9AC8E,2020-10-14 03:57:11.185000,2020-10-14 03:57:12.163000
r7wzybx4465voh7b,failed,not_found,560,3CFAD0798FF5D3B994F40B8971D4A79D84165A0D,7E47D28F07443B57F8262E1412936B3E258694A3,624B7391B9790E7CD2AF6A7238239BA3D6928A57,73AF5401EEA3E0AA6805D4317914A079AC2DCF5E,2020-10-14 03:57:12.163000,2020-10-14 03:57:13.407000
r7wzybx4465voh7b,failed,not_found,580,3CFAD0798FF5D3B994F40B8971D4A79D84165A0D,4D568479B37A688769F410E9A914909E8CC2A5B8,DA8D76F5F5819693B5C96F499BA19F7404014769,2A2022D386894D3CB3438752977C27A7AF50BAFA,2020-10-14 03:57:13.407000,2020-10-14 03:57:14.123000
7cwszentq2x4q442,failed,not_found,479,3CFAD0798FF5D3B994F40B8971D4A79D84165A0D,340B09ACCF45A98711ABB067820E25A2F21452C6,DD0C8EEC5CA402A9FA4478F10C31A440F71F6885,F88721B0D184361AD24B14CFD56832824A0E79F2,2020-10-14 03:57:04.926000,2020-10-14 03:57:05.737000
7cwszentq2x4q442,failed,not_found,489,3CFAD0798FF5D3B994F40B8971D4A79D84165A0D,61B2102DB3D97F16FBB359EFE86EC6887A1B3B5A,33B36B7CD097F0BE1EE51E739DDA8F1B2E80B0F2,F836446663F1EB816F13708955F105D0B2F5C8E0,2020-10-14 03:57:05.738000,2020-10-14 03:57:06.301000
7cwszentq2x4q442,failed,not_found,495,3CFAD0798FF5D3B994F40B8971D4A79D84165A0D,C0E6A667064385B9CB5A685CEB06B85EDDA6AA00,D54247E35545388D9C42E4716EDC59F67907789F,C69D24F9353E16D85E82B4A9E4571DFAF6DCF531,2020-10-14 03:57:06.302000,2020-10-14 03:57:06.965000
7cwszentq2x4q442,failed,not_found,501,3CFAD0798FF5D3B994F40B8971D4A79D84165A0D,356B94BAD3096790E409790898144A4030AC225C,9B7BAE325EBDAD859868D2C60BF6588CA5949039,C688B3EF9AB0354EB2794174519BB9ED9E6467E7,2020-10-14 03:57:06.966000,2020-10-14 03:57:07.641000
7cwszentq2x4q442,failed,not_found,510,3CFAD0798FF5D3B994F40B8971D4A79D84165A0D,87A2EABEAB0D7E4EB002A42D26000F5CB8D5B937,2CF2DFBA221B77E96E9FE69725AE82F4E101BE4A,C69BE3F0326A7328556501BE237408F32748247D,2020-10-14 03:57:07.641000,2020-10-14 03:57:08.315000
7cwszentq2x4q442,failed,not_found,517,3CFAD0798FF5D3B994F40B8971D4A79D84165A0D,DEDFC683E2C4C5EC567203CCCAF47EF7B712648C,F4FB9A80308AE71CA8057F4158DD6B3C8EE375F9,F8AEA2825629E4383599FD2A4BD5740CD1322CBC,2020-10-14 03:57:08.316000,2020-10-14 03:57:09.984000
phlk42oqwnz3hznd,failed,not_found,491,3CFAD0798FF5D3B994F40B8971D4A79D84165A0D,1D88F5D86AE108640C347C36326DE2EA81A78040,F0F13714732C347312426EC2B8D5C4940EAA45BA,FA5647DE9745BA239C9F34E262512C99605472C9,2020-10-14 03:57:05.929000,2020-10-14 03:57:07.098000
phlk42oqwnz3hznd,failed,not_found,506,3CFAD0798FF5D3B994F40B8971D4A79D84165A0D,221546DAE86B003139B13BD6F6AE1B4B42B59DF8,0C3D5E19E3C75B505C8ACD26F89DCA2DF970553E,AD2A2BCC14044DA38F17FF37E6416C30BA1DF80B,2020-10-14 03:57:07.098000,2020-10-14 03:57:07.863000
phlk42oqwnz3hznd,failed,not_found,512,3CFAD0798FF5D3B994F40B8971D4A79D84165A0D,D08660B6D70B6249A57D89BB7A8F2EA2C952BD35,CA95B3584C44DED8107AF5B3D8C25C562CC64DD4,AD55F7D9B105E7B921FB12FF1062FEAD376D9EC0,2020-10-14 03:57:07.863000,2020-10-14 03:57:09.147000
phlk42oqwnz3hznd,,,,,,,AD29C3DB166A5CB1E3F9CE9DABCCA4DCC09F7CD6,2020-10-14 03:57:09.147000,
ibjk7pqe3n5ifvll,failed,not_found,492,3CFAD0798FF5D3B994F40B8971D4A79D84165A0D,F0C9513539800F762ECAE37F16370D7CBA5E52C2,A3B110E35CFC250DA9F4045A2A76E011424D22D7,FA294BD58FBB18133564734AA552CF68159DE1FF,2020-10-14 03:57:05.929000,2020-10-14 03:57:06.865000
ibjk7pqe3n5ifvll,failed,not_found,498,3CFAD0798FF5D3B994F40B8971D4A79D84165A0D,ECB71AE4B08EAB517B9E16D28689974342EEFABB,5B1F0DAF378A1FAFCFD5FA9CDC66D1023DC0276E,287E1041DFC3A03E1650A61ADF580EA1C6BF3649,2020-10-14 03:57:06.866000,2020-10-14 03:57:07.443000
ibjk7pqe3n5ifvll,failed,not_found,509,3CFAD0798FF5D3B994F40B8971D4A79D84165A0D,C239952D0C8E4EABC3E6B0A8E0B623689174E3C6,8B1CC76D6D1370A67263628D4CBC01B62903D0BF,FA150B9FEBD863358C53C4A16E35A051411763A6,2020-10-14 03:57:07.443000,2020-10-14 03:57:08.410000
ibjk7pqe3n5ifvll,failed,not_found,558,3CFAD0798FF5D3B994F40B8971D4A79D84165A0D,56781CCC9F6D29FEA148799AB588429C893A473C,C5F713E503B9F251642C49A998B0498DDD802B72,FA32998AF5628483D8E7B7BB0A4641D33A206A28,2020-10-14 03:57:08.410000,2020-10-14 03:57:12.378000
ibjk7pqe3n5ifvll,failed,not_found,562,3CFAD0798FF5D3B994F40B8971D4A79D84165A0D,73713518E8BD7110D0C6D84F0682C1E0B7541F79,8AFFEAE2A917D35C4E98395F5F3BDC3A55472632,286F22F5D198AB20C50C65B94A03B52CAE588946,2020-10-14 03:57:12.379000,2020-10-14 03:57:12.960000
ibjk7pqe3n5ifvll,failed,not_found,573,3CFAD0798FF5D3B994F40B8971D4A79D84165A0D,528BAECE8CB9151346BDD80F6A95556D6C12ABF0,50C7B836942F14BDF1541B017CF21FD03F354E13,288C100FFA656938C23F32207CAF0DA932ECD247,2020-10-14 03:57:12.961000,2020-10-14 03:57:14.447000
5ukrq3tdqt2dcr63,failed,not_found,499,3CFAD0798FF5D3B994F40B8971D4A79D84165A0D,2FFE5FAF70D20E76B0474AE9E40C2A0B53F8D9F0,A9D89B917949768C0AE20CD008F2F70898BF79A3,3B5C6ED2C1DECEB32BF1AD9B7B272F4CE9CE0656,2020-10-14 03:57:06.912000,2020-10-14 03:57:07.812000
5ukrq3tdqt2dcr63,failed,not_found,511,3CFAD0798FF5D3B994F40B8971D4A79D84165A0D,3FE39429CB7077BBB13D2774591A1B80EE493742,E6C04728E9339DF22F331B7017D4A7AA3F252F0B,3B3F451BD58F96DC0E8EB7D01F209FC8803C33DF,2020-10-14 03:57:07.813000,2020-10-14 03:57:08.573000
5ukrq3tdqt2dcr63,failed,not_found,519,3CFAD0798FF5D3B994F40B8971D4A79D84165A0D,987D0706D42070F1E2142A9FCCB56B3887808D34,543F96D0C17CDBAC326F644DB0C8A17193BCCFC9,5E16EF9247D192830EF696B554B5C633188FFE27,2020-10-14 03:57:08.573000,2020-10-14 03:57:09.216000
5ukrq3tdqt2dcr63,failed,not_found,526,3CFAD0798FF5D3B994F40B8971D4A79D84165A0D,53E73B74B930BCF51621E6F06E65A3E3BC78E83A,0ED0EA324C931CF41CB5272BFB1D015B3D5772A9,3B4C5729F829CA2E895B81AF834A63DB336D0FFE,2020-10-14 03:57:09.216000,2020-10-14 03:57:09.820000
5ukrq3tdqt2dcr63,failed,not_found,529,3CFAD0798FF5D3B994F40B8971D4A79D84165A0D,1804C06A266F0DA26DF58CD559E01C2F7C3FC42A,41145C3169D810DB360FF2FCA232093B02C0B262,5E184FEA02B7C54172BBC757636F501047CF9691,2020-10-14 03:57:09.820000,2020-10-14 03:57:10.402000
5ukrq3tdqt2dcr63,failed,not_found,534,3CFAD0798FF5D3B994F40B8971D4A79D84165A0D,3D3A99DF54D6AEC5190CFB4C0B8D26172A8A2E59,47A83EC4D144FB8094A57DC5AEB39E9F6F174036,5E1207FC5BE02728D9D0B540384EB081B53987E6,2020-10-14 03:57:10.402000,2020-10-14 03:57:10.890000
t5rzfroj6c57sbap,failed,not_found,500,3CFAD0798FF5D3B994F40B8971D4A79D84165A0D,05C621B44EF6833889AE7B7E2A0B476569C47E37,0085057C17BD2E1809E284825F06F94E72FB418C,9A783CAA9DABA178D9864471E9287045CBFDC726,2020-10-14 03:57:06.925000,2020-10-14 03:57:07.404000
t5rzfroj6c57sbap,failed,not_found,508,3CFAD0798FF5D3B994F40B8971D4A79D84165A0D,21E54A1CB86144A4CAF60C636227ABB3D23C30D0,14D57DEDF0A4554A2D21AD53CCCC43E31158C733,9A75CC005CA0D92FFD3F96003B2524C20B053E28,2020-10-14 03:57:07.405000,2020-10-14 03:57:08.040000
t5rzfroj6c57sbap,failed,not_found,516,3CFAD0798FF5D3B994F40B8971D4A79D84165A0D,41145C3169D810DB360FF2FCA232093B02C0B262,F5746F6257DFE87E3A90753C2A0439926C55552F,9A7417BA401B8C7EFDE24945E18145A1EDA730E7,2020-10-14 03:57:08.041000,2020-10-14 03:57:08.955000
t5rzfroj6c57sbap,failed,not_found,523,3CFAD0798FF5D3B994F40B8971D4A79D84165A0D,54371D64F4AED8CD1EF8ED1B58C725C4063BDE42,070229A4CC2CFFB24EB667298A7DB5E8D11EB701,4F7A7A61D20234B2C453FB8CD3014C100F1E0DE3,2020-10-14 03:57:08.955000,2020-10-14 03:57:10.073000
t5rzfroj6c57sbap,failed,not_found,536,3CFAD0798FF5D3B994F40B8971D4A79D84165A0D,08602BACB604139F07C9530DFC243454C48B9749,66BD39FE805AED414ADE400CAAD862C9CC3AC34E,4F9BE3A549730D4B5705E1B89D637CA824A57DA1,2020-10-14 03:57:10.073000,2020-10-14 03:57:10.693000
t5rzfroj6c57sbap,failed,not_found,542,3CFAD0798FF5D3B994F40B8971D4A79D84165A0D,6E8E5CA9B6F567416ADA21E990E7746BC223B0C0,8358BDDA9C9A680B4E3A2809E5C24F5B3624D5C2,4FA1F401F8C3E8326031E7994045BE67F36033A6,2020-10-14 03:57:10.693000,2020-10-14 03:57:12.553000
bhfpa6yoftnijosu,failed,not_found,513,3CFAD0798FF5D3B994F40B8971D4A79D84165A0D,B4B900AD50134E9528D7CDF665ABDADABF53A9B7,E46C3F0533709EE2112874B13A4FE3868B33E75E,91ADCDFCA830A1BBAD3A10377B25D695A92BF251,2020-10-14 03:57:07.912000,2020-10-14 03:57:09.798000
bhfpa6yoftnijosu,failed,not_found,528,3CFAD0798FF5D3B994F40B8971D4A79D84165A0D,8C993A76F7F647E44256958CBCF1FB712139B3AF,148487C6EBE04EB22496080C20796C51B060F611,91BA193FB362FB7B6679A7A83A3050F3C44A5468,2020-10-14 03:57:09.799000,2020-10-14 03:57:11.202000
bhfpa6yoftnijosu,failed,not_found,551,3CFAD0798FF5D3B994F40B8971D4A79D84165A0D,AA5B4BF2E7A42356EDE8E6E6F97FD364A413B82F,2BA2C8E96B2590E1072AECE2BDB5C48921BF8510,919680B79198AE4D80A06999A93EBC909AD4DDDC,2020-10-14 03:57:11.202000,2020-10-14 03:57:12.491000
bhfpa6yoftnijosu,failed,not_found,565,3CFAD0798FF5D3B994F40B8971D4A79D84165A0D,EE7CD2A763435C7006095BD167C790ABE5BC4DEA,E3500E2C9F6B87085056893C4279AEA0B3F37782,21239CC313A28B3E6CEE48D949BF7787471B1519,2020-10-14 03:57:12.491000,2020-10-14 03:57:13.087000
bhfpa6yoftnijosu,failed,not_found,576,3CFAD0798FF5D3B994F40B8971D4A79D84165A0D,5E114AD608428C23B38CCC77DA22E4CD0C27F2CE,E5DB116226E752C218D1A2B184674D3BA23C4D31,21310F48066A4CAADEB2BFD324F0B38F8E1448D6,2020-10-14 03:57:13.087000,2020-10-14 03:57:14.101000
bhfpa6yoftnijosu,failed,not_found,589,3CFAD0798FF5D3B994F40B8971D4A79D84165A0D,09DEA9A672FDEF38CE01E3F453E7D7CD0707E7C6,A2C6C931D8627C6605288970889DDB88C7BA2142,21187DDD552605957B2EE5ABCBDA0E19251293ED,2020-10-14 03:57:14.101000,2020-10-14 03:57:15.384000
cr5a7odlsmdd7u4d,failed,not_found,514,3CFAD0798FF5D3B994F40B8971D4A79D84165A0D,B2D42C51C415C1AB3A4DA3F1A8FC3615B55380D7,F4A4D78F16E9A0353AD5BBEF4632C7022E20FB20,63408B7CA84E9F483C60D51ABCE0555D32D42ABA,2020-10-14 03:57:07.912000,2020-10-14 03:57:08.757000
cr5a7odlsmdd7u4d,failed,not_found,520,3CFAD0798FF5D3B994F40B8971D4A79D84165A0D,E6C04728E9339DF22F331B7017D4A7AA3F252F0B,022A5535F42B1A9F9AA755C4EAB5F36FEF9781D8,1841CB960128806151B61FC6D87AFBE9A98B99D7,2020-10-14 03:57:08.757000,2020-10-14 03:57:09.379000
cr5a7odlsmdd7u4d,failed,not_found,527,3CFAD0798FF5D3B994F40B8971D4A79D84165A0D,EC078033BD4A8877980D692FEC3EC78FA5DEE108,2CE96A8A1DA032664C90F574AFFBECE18A6E8DFC,1850585BE9BCA1F80D0A051909C94E49D1C49ED3,2020-10-14 03:57:09.379000,2020-10-14 03:57:10.377000
cr5a7odlsmdd7u4d,failed,not_found,539,3CFAD0798FF5D3B994F40B8971D4A79D84165A0D,58F3E2956EABB81F673E2FB90E16E001DB4AC3AE,43A8F247F9FA636BE30D4DFE66B55233A2D8A738,185663B7C12777F052B2C2D23D7A239D8DA88A0F,2020-10-14 03:57:10.377000,2020-10-14 03:57:11.006000
cr5a7odlsmdd7u4d,failed,not_found,546,3CFAD0798FF5D3B994F40B8971D4A79D84165A0D,1F97BE0788A261FF978C082E0AB44ADD96AF1F7A,2CF2DFBA221B77E96E9FE69725AE82F4E101BE4A,63584BC1EF29E794A63C264136D7825C33F0889D,2020-10-14 03:57:11.007000,2020-10-14 03:57:11.745000
cr5a7odlsmdd7u4d,failed,not_found,553,3CFAD0798FF5D3B994F40B8971D4A79D84165A0D,509EAB4C5D10C9A9A24B4EA0CE402C047A2D64E6,5DE37A3371AAE7638748EB43C9F1CE66E09D4470,63540827C4832D214984EA47B7A68C593F9F862F,2020-10-14 03:57:11.746000,2020-10-14 03:57:12.231000
fcvh6obd4t4aajqm,failed,not_found,521,3CFAD0798FF5D3B994F40B8971D4A79D84165A0D,E081937B40664CE674FAB1CC3DD8993C9CA6A9AE,529CA3EB08AD6EC1791B5110AA3540A4CFA1197F,DEF8C760A79FEF2358E03AE5A1950086ABEB953E,2020-10-14 03:57:08.933000,2020-10-14 03:57:10.082000
fcvh6obd4t4aajqm,failed,not_found,586,3CFAD0798FF5D3B994F40B8971D4A79D84165A0D,66BD39FE805AED414ADE400CAAD862C9CC3AC34E,475B34D76756910C11EB7752EB8285F6BE00C1EE,69D770D54A95C1ABE55F2C3198FC7C39ECDEF2BC,2020-10-14 03:57:10.083000,2020-10-14 03:57:15.025000
fcvh6obd4t4aajqm,failed,not_found,604,3CFAD0798FF5D3B994F40B8971D4A79D84165A0D,856B7EFB7E09D02A29DD2FF024B7E1EFE21FE9EB,0A7208B8903DD3FF5CDFA218A3823AF498CE69CE,69BE1831EC63C751D241E5E962DA4793355A6253,2020-10-14 03:57:15.025000,2020-10-14 03:57:15.333000
fcvh6obd4t4aajqm,failed,not_found,610,3CFAD0798FF5D3B994F40B8971D4A79D84165A0D,97755455E7DC4E95F0F2EE660FCF11726B6BF69A,61B2102DB3D97F16FBB359EFE86EC6887A1B3B5A,69E188B18B4DDBB39F93D8D26DE8FEA5D42018FE,2020-10-14 03:57:15.333000,2020-10-14 03:57:15.754000
fcvh6obd4t4aajqm,failed,not_found,616,3CFAD0798FF5D3B994F40B8971D4A79D84165A0D,16DB78459B845F4E728405EB694E32929E2B318A,F0F13714732C347312426EC2B8D5C4940EAA45BA,DEF3365F1C012F80E56877B5EF05CE72BDEB0CCC,2020-10-14 03:57:15.754000,2020-10-14 03:57:16.427000
fcvh6obd4t4aajqm,failed,not_found,627,3CFAD0798FF5D3B994F40B8971D4A79D84165A0D,20524B5FE774360FA325CECB2109C42BD00BD8D2,F6740DEABFD5F62612FA025A5079EA72846B1F67,DF02E357B268BA6E9029FA6DFB8BC289E7763FCF,2020-10-14 03:57:16.427000,2020-10-14 03:57:17.749000
fqk4uq7emkcc2ryi,failed,not_found,522,3CFAD0798FF5D3B994F40B8971D4A79D84165A0D,B5D11485CE7613F8734D040BF9166F6AAFB30F46,856DAB2FDC9EED88A27BE2265FA6BD5489EF178E,B15C0071EAF508AAEE29DB9D07607C84AA2DDEB3,2020-10-14 03:57:08.955000,2020-10-14 03:57:11.918000
fqk4uq7emkcc2ryi,failed,not_found,555,3CFAD0798FF5D3B994F40B8971D4A79D84165A0D,CBD00958A3B897774E333D75C24E6A75F5220DCC,3BAACE149DB31574B327BF835B594B707D12CD58,B161E036AD43D7F8D22BA18FB612200E6A6138A0,2020-10-14 03:57:11.919000,2020-10-14 03:57:12.554000
fqk4uq7emkcc2ryi,failed,not_found,566,3CFAD0798FF5D3B994F40B8971D4A79D84165A0D,1804C06A266F0DA26DF58CD559E01C2F7C3FC42A,E5CC91BAFE7CCD68003E873D32E38027638D49D7,00BBCB897A72D87860E305A784FF36D340E53D10,2020-10-14 03:57:12.554000,2020-10-14 03:57:13.463000
fqk4uq7emkcc2ryi,failed,not_found,581,3CFAD0798FF5D3B994F40B8971D4A79D84165A0D,BF50E09EED25B82861CF95E1AAA42DCFEF53E5D1,8A136F5D0DACBBB6D8537DA4A806C44EF7E9037B,B17D1E57061D7C4772E939DEC47D25D3EC4687A3,2020-10-14 03:57:13.463000,2020-10-14 03:57:14.375000
fqk4uq7emkcc2ryi,failed,not_found,592,3CFAD0798FF5D3B994F40B8971D4A79D84165A0D,0BCD2A99AA76C0985FC28140CE710549C70AC0FD,A8D44B832F3267ABFC73F540C6C4CF0229FD7EB3,00B57BF614F7ED3051073B5D4526FF0B23AF217B,2020-10-14 03:57:14.375000,2020-10-14 03:57:15
fqk4uq7emkcc2ryi,failed,not_found,603,3CFAD0798FF5D3B994F40B8971D4A79D84165A0D,E9117C27A3C9EE6AF50CD336C4C606133B066830,07905A0D8AD1C134D3036872140B1DB1EB761772,00C22D3BC1822EB8EA380AF04245337399E796E2,2020-10-14 03:57:15,2020-10-14 03:57:15.578000
s5xrife2b6fkjeyq,failed,not_found,531,3CFAD0798FF5D3B994F40B8971D4A79D84165A0D,A09D20D85D0AA29C47C90ABEAFDB6B7A4BF7FD07,68FBE72B0D411C314EC7F272CB5B3F14C2429246,098D9CF7568D27A8288FA4BB3819A99913315D6E,2020-10-14 03:57:10.004000,2020-10-14 03:57:10.681000
s5xrife2b6fkjeyq,failed,not_found,541,3CFAD0798FF5D3B994F40B8971D4A79D84165A0D,7D28E11CFC86285A22456956C7E37AABD7AEF8BC,EAEFC00FDF96D24F75FC007A5623BD6A3A737423,09930800210FF35CE84F2DEEDB4F9B67812B9717,2020-10-14 03:57:10.681000,2020-10-14 03:57:13.623000
s5xrife2b6fkjeyq,failed,not_found,582,3CFAD0798FF5D3B994F40B8971D4A79D84165A0D,539572FE3430A83E8F502052FC7E178E20A07EE0,EC3EC2E26C9C57B46686E9EFE7EEABD4B570D6D3,0995CB06655B4AD50689F4AB303764CD717C258E,2020-10-14 03:57:13.624000,2020-10-14 03:57:14.311000
s5xrife2b6fkjeyq,failed,not_found,590,3CFAD0798FF5D3B994F40B8971D4A79D84165A0D,43FF3346A3F8E4ED27F631DC956C4CD8D6173D7A,197CEA93D6643434C074EE7C2431F0B369A01491,322BB33F4887230B0767F54BA08A450B68D777F2,2020-10-14 03:57:14.311000,2020-10-14 03:57:14.859000
s5xrife2b6fkjeyq,failed,not_found,599,3CFAD0798FF5D3B994F40B8971D4A79D84165A0D,DD0C8EEC5CA402A9FA4478F10C31A440F71F6885,80C113BCE9356B4DECF94E7CF4A8C0BD315EE8E8,32437FADA2B55E6F446870203311860AD8588569,2020-10-14 03:57:14.859000,2020-10-14 03:57:15.345000
s5xrife2b6fkjeyq,failed,not_found,612,3CFAD0798FF5D3B994F40B8971D4A79D84165A0D,2D9471C48568C849B26CE9D05D1D182BAEEA1944,F6740DEABFD5F62612FA025A5079EA72846B1F67,3239007CE1FB2ECDFDF2067DF23B949295DC5EF6,2020-10-14 03:57:15.345000,2020-10-14 03:57:15.928000
ecjbcwqm5hrysoav,failed,not_found,535,3CFAD0798FF5D3B994F40B8971D4A79D84165A0D,A6C983C2F7EEADD55CE9169E540EBD95423FC260,22E975935BA77EA59A28EA1AA8387F906034FCBE,06F3D7DCAB6AA14AD1D6A277DDAB1120D86E394E,2020-10-14 03:57:10.021000,2020-10-14 03:57:12.673000
ecjbcwqm5hrysoav,failed,not_found,569,3CFAD0798FF5D3B994F40B8971D4A79D84165A0D,D87698D8E2276C7E93D531B7C2A1B27D58C71876,43A8F247F9FA636BE30D4DFE66B55233A2D8A738,070229A4CC2CFFB24EB667298A7DB5E8D11EB701,2020-10-14 03:57:12.674000,2020-10-14 03:57:13.251000
ecjbcwqm5hrysoav,failed,not_found,579,3CFAD0798FF5D3B994F40B8971D4A79D84165A0D,6B805718A97BF653CB5546080BE756505F9BD65F,1424000B86DF67D1FBFF685B204073BB9591CEFD,06EC2C1669E5A811D9640E07CED5786DA50C5737,2020-10-14 03:57:13.251000,2020-10-14 03:57:14.311000
ecjbcwqm5hrysoav,failed,not_found,587,3CFAD0798FF5D3B994F40B8971D4A79D84165A0D,360A4AA120D8B2DF1E03FE6117F3A725DB4902F0,A4F11D693FAB6E949B2B7C18153C3F7989896007,2DCEA7E830BB77C9B332EEB7C1501A5EE2BA0001,2020-10-14 03:57:14.311000,2020-10-14 03:57:14.630000
ecjbcwqm5hrysoav,failed,not_found,668,3CFAD0798FF5D3B994F40B8971D4A79D84165A0D,875F74A3DC14737BECA06F8B500022154D1A29D1,391D289DFAFB673B362646A51973447EB706DFC4,2DBA4CFFFD04A3EDA74A58264B4E4F351AA0F5A2,2020-10-14 03:57:14.630000,2020-10-14 03:57:19.668000
ecjbcwqm5hrysoav,failed,not_found,674,3CFAD0798FF5D3B994F40B8971D4A79D84165A0D,6E4B0D429CD87AB6C25D72E298294C583FF8BA4A,019FEB22CE04CBD0489B7F24BE038518B64FA223,2DB8A946826D0CB4F5C3A8264628DD0F16F6612D,2020-10-14 03:57:19.669000,2020-10-14 03:57:20.476000
fdbcnidoav2a2zgb,failed,not_found,544,3CFAD0798FF5D3B994F40B8971D4A79D84165A0D,C1335B1DB938644FCD54EE744D91354F94EDD1BC,2F8B9500DC98C13FD28CC51E47D3416DE423ED78,BD3FBEC1D67C48A2583DB378B92A59C5E9AB4DA2,2020-10-14 03:57:10.911000,2020-10-14 03:57:11.487000
fdbcnidoav2a2zgb,failed,not_found,549,3CFAD0798FF5D3B994F40B8971D4A79D84165A0D,174D93DF6242BD4ABE2C09E6607892C3A3905675,C0CBBD17F848C8F9A49104A96DB498013B30F14F,1099983E2C5C3ECDAD0B7D5AABD2AC6BF2CBBF70,2020-10-14 03:57:11.488000,2020-10-14 03:57:11.852000
fdbcnidoav2a2zgb,failed,not_found,554,3CFAD0798FF5D3B994F40B8971D4A79D84165A0D,75FE5236E67FFA4A44C1152C35EAB36360E4D7DF,66BD39FE805AED414ADE400CAAD862C9CC3AC34E,BD439540C7B86367B7F279C9CDD4BD601A850787,2020-10-14 03:57:11.852000,2020-10-14 03:57:12.378000
fdbcnidoav2a2zgb,failed,not_found,559,3CFAD0798FF5D3B994F40B8971D4A79D84165A0D,58F3E2956EABB81F673E2FB90E16E001DB4AC3AE,DC2B1E4348AF306326FA63EEDB76EA6139133485,10A1E225A56E02F66011BEA3CD51D9F694D22913,2020-10-14 03:57:12.378000,2020-10-14 03:57:12.884000
fdbcnidoav2a2zgb,failed,not_found,608,3CFAD0798FF5D3B994F40B8971D4A79D84165A0D,38E48C9509E18F405749859EEF299EBC1B829602,005079A42356183CEA5A3ADD239303F44F12E7EA,BD56A1C36196EE968B2A3463CCD64019B4E526D8,2020-10-14 03:57:12.884000,2020-10-14 03:57:15.706000
fdbcnidoav2a2zgb,failed,not_found,626,3CFAD0798FF5D3B994F40B8971D4A79D84165A0D,6C333B5BDBA3DFE7A782E40CB970C271ABFED119,A857DA8F3728DE4475BFCD86D91351F5E302B3DF,1096D71C2EA45A68E4D3A375CAE590FBF349DEAB,2020-10-14 03:57:15.707000,2020-10-14 03:57:16.916000
gyjbax6rt63clw7i,failed,not_found,545,3CFAD0798FF5D3B994F40B8971D4A79D84165A0D,E3D61BAEA0B7CB12CACEDC8821C520557BDFCEA3,33D88F331408141F2A2CC563239E54E48F7A211B,75F4BE85F5DC623BDAF65CB269CD6E4E3F14FE38,2020-10-14 03:57:10.911000,2020-10-14 03:57:11.627000
gyjbax6rt63clw7i,failed,not_found,552,3CFAD0798FF5D3B994F40B8971D4A79D84165A0D,842B1F6C4B9E41FC9059DF675C5DF5BDA9F0FC73,2CF2DFBA221B77E96E9FE69725AE82F4E101BE4A,75EE3430CEF7744EA1E35607881B27581EB15880,2020-10-14 03:57:11.628000,2020-10-14 03:57:12.420000
gyjbax6rt63clw7i,failed,not_found,624,3CFAD0798FF5D3B994F40B8971D4A79D84165A0D,316DE45EFFB53671C9FD53CE0992952846709A29,60A5547B2203DD2E148EF9BDD6FF3891081C5DF4,75FB9A4469199F251581061391214ACFDC682EF4,2020-10-14 03:57:12.420000,2020-10-14 03:57:17.083000
gyjbax6rt63clw7i,failed,not_found,698,3CFAD0798FF5D3B994F40B8971D4A79D84165A0D,F73036C92CD94D5A16DEA9E50FE4BEC2AF3DE171,98F788200CC64060695B07555F09A8FE47679AC8,C2EE40EE8451F27C2357E8B1EA1E8E6F642273EB,2020-10-14 03:57:17.083000,2020-10-14 03:57:21.531000
gyjbax6rt63clw7i,failed,not_found,704,3CFAD0798FF5D3B994F40B8971D4A79D84165A0D,ADD3FC59BA3728DA79662C9ECDD74780CC5A3AFA,A751D8BEE222564B7BA657F74B6658836FF1AEEA,C2F653A5CEE30C8D5713FA4AE7F75E992A479196,2020-10-14 03:57:21.531000,2020-10-14 03:57:22.218000
gyjbax6rt63clw7i,,,,,,,C2FB346ECEA48FC980AD442BADB7CD10E14E53A6,2020-10-14 03:57:22.218000,
ydlzifkxmzuvq4iu,failed,not_found,556,3CFAD0798FF5D3B994F40B8971D4A79D84165A0D,24F97F98C45E4754655BE66799049763DAEE99CE,7992F172EDBE69B99F0190651BAC14DD0FD9E5C8,9BF4A13730774865EF6DD7102D98AF1A33E54E0C,2020-10-14 03:57:11.941000,2020-10-14 03:57:12.660000
ydlzifkxmzuvq4iu,failed,not_found,567,3CFAD0798FF5D3B994F40B8971D4A79D84165A0D,8D912126FA40BD67EE7D5759BD19459450AEBEA1,BAD218F0E77F31B5EC6EEF264756ABF1D8B7810A,9C1559C46AD0279EEF6FD187E1B27D939C303086,2020-10-14 03:57:12.660000,2020-10-14 03:57:13.718000
ydlzifkxmzuvq4iu,failed,not_found,583,3CFAD0798FF5D3B994F40B8971D4A79D84165A0D,F244C5F5DDE2F29CA1F88E4C9F9FACCC48BCA857,FA1845C313B88EF49E8BE1F23B02CD0AC702B636,9C07D2A954C68759DFDA4208A41DB47F3699B82F,2020-10-14 03:57:13.719000,2020-10-14 03:57:14.324000
ydlzifkxmzuvq4iu,failed,not_found,591,3CFAD0798FF5D3B994F40B8971D4A79D84165A0D,0E300A0942899B995AE08CEF58062BCFEB51EEDF,05349C0F35C5635A708888004F8B022931E8BEE6,AC75BB0CC3E5CACA5A61972EC294B9F5C6A7EE61,2020-10-14 03:57:14.325000,2020-10-14 03:57:14.737000
ydlzifkxmzuvq4iu,failed,not_found,598,3CFAD0798FF5D3B994F40B8971D4A79D84165A0D,7C86C73DB17CE20CD26537C9E3EC0FD7A55E5C6D,F836446663F1EB816F13708955F105D0B2F5C8E0,AC717A01B8E3C00E7617EF65117A4E99C02DC7A0,2020-10-14 03:57:14.737000,2020-10-14 03:57:15.271000
ydlzifkxmzuvq4iu,failed,not_found,609,3CFAD0798FF5D3B994F40B8971D4A79D84165A0D,4A0E54E69343B7CF6138C118843CE860E8511F78,42D47C736518BFA495CA31AEE40AE468F0BDA2A6,AC6EB3329568ACBC9BD1CACE8668416AFAA6E8C3,2020-10-14 03:57:15.271000,2020-10-14 03:57:15.927000
obr4cp7wzpcwi6dd,failed,not_found,557,3CFAD0798FF5D3B994F40B8971D4A79D84165A0D,38F21DEE29E40DCDF9460A80662B7723562CA008,9CFA49D7F6C1774FFECC12AD3F3E59BD781285EF,331452F317390D3C78BCD759170699E55C5570C9,2020-10-14 03:57:11.949000,2020-10-14 03:57:12.391000
obr4cp7wzpcwi6dd,failed,not_found,563,3CFAD0798FF5D3B994F40B8971D4A79D84165A0D,A09D20D85D0AA29C47C90ABEAFDB6B7A4BF7FD07,9B5B3B5BC953E8BE5058072310FDD0F631FD868E,3A30D99AE164733D16AA3A86D67B1D8B82A07FF5,2020-10-14 03:57:12.391000,2020-10-14 03:57:13.097000
obr4cp7wzpcwi6dd,failed,not_found,577,3CFAD0798FF5D3B994F40B8971D4A79D84165A0D,43C83536DACCD110FF11E049A890064F6F87BEB2,8B1CC76D6D1370A67263628D4CBC01B62903D0BF,3A4D13F52A4C9A13AD60D94615D4C0B2F5F69E3C,2020-10-14 03:57:13.097000,2020-10-14 03:57:14.558000
obr4cp7wzpcwi6dd,failed,not_found,594,3CFAD0798FF5D3B994F40B8971D4A79D84165A0D,66C102FA5DDF48C9EEEB048C1630933B66C50ECC,70090E9F85FBE004EEBF58461FD6EDD5BF8A523E,330CD3DB6AD266DC70CDB512B036957D03D9BC59,2020-10-14 03:57:14.558000,2020-10-14 03:57:15.515000
obr4cp7wzpcwi6dd,failed,not_found,614,3CFAD0798FF5D3B994F40B8971D4A79D84165A0D,9AED373BD9415E83BDCFC735FCA288178829459A,7A40EB52CBF22B3C1704AA7015AC46CB3DF91219,32FE059640DC5442FA510262A87B26D91D873F10,2020-10-14 03:57:15.515000,2020-10-14 03:57:16.593000
obr4cp7wzpcwi6dd,failed,not_found,630,3CFAD0798FF5D3B994F40B8971D4A79D84165A0D,B96B5141004995295FE87DCCE1A54519BD0BB48A,431702B3A68A6015F9955DD4FD0129175B43EA0F,3A27CC4147062E4EFDF46F848FEA7FF032A04E5F,2020-10-14 03:57:16.594000,2020-10-14 03:57:17.152000
vdapkfey6osjb4ta,failed,not_found,637,3CFAD0798FF5D3B994F40B8971D4A79D84165A0D,855BC2DABE24C861CD887DB9B2E950424B49FC34,061E0496931D23A81A2B685C9339D36857DD0FA1,3F91F384ABF6D115080638E52381231D1BFBFC84,2020-10-14 03:57:12.908000,2020-10-14 03:57:17.899000
vdapkfey6osjb4ta,failed,not_found,649,3CFAD0798FF5D3B994F40B8971D4A79D84165A0D,F4B855BCDC8E29075B0A0D7324488BA7D7A04629,14D57DEDF0A4554A2D21AD53CCCC43E31158C733,3FA93D41E9A7C4C47B77C0D7F617999B6D5D0B62,2020-10-14 03:57:17.899000,2020-10-14 03:57:18.983000
vdapkfey6osjb4ta,failed,not_found,664,3CFAD0798FF5D3B994F40B8971D4A79D84165A0D,2EB3C230180694A1E848001E20F36F76A2287039,8F1D70DE42C72120CE8E49287414DFCF94FFF1F2,3FA04DAFB39C8C2D3BB3568C4B7F84194691D9CB,2020-10-14 03:57:18.983000,2020-10-14 03:57:20.595000
vdapkfey6osjb4ta,failed,not_found,688,3CFAD0798FF5D3B994F40B8971D4A79D84165A0D,19D353B8AA0927DF82CB26E0396C57BE27C0ACC5,D49D0071D9236EFC6AC527292894A5A2143F815D,99C5ACEF5AC8E3D3C4DE79004F3AC649B375891C,2020-10-14 03:57:20.596000,2020-10-14 03:57:21.136000
vdapkfey6osjb4ta,failed,not_found,701,3CFAD0798FF5D3B994F40B8971D4A79D84165A0D,834C91DEEB2FE4FEFCE55A99C378968FB659115C,6CDF81E5A9BF270CDF4C989D5F7917113591C355,99D56885FD9160FBA33A6468BA1134B60837DC21,2020-10-14 03:57:21.136000,2020-10-14 03:57:23.552000
vdapkfey6osjb4ta,failed,not_found,728,3CFAD0798FF5D3B994F40B8971D4A79D84165A0D,1C8B3C3D8BC705883B7799C915B2FE1E0FEB006F,1BC78DF308807DDD6F3C06488BD88AF2B04BA9C7,99E246DB480B313A3012BC3363093CC26CD209C7,2020-10-14 03:57:23.554000,2020-10-14 03:57:23.950000
ptzmxylruqtbrjty,failed,not_found,572,3CFAD0798FF5D3B994F40B8971D4A79D84165A0D,54FF87E18CF4B351BB078A640A4DC5265969485E,8748CD5551057308389B0AB012DE769B8FBE78AE,7332A06B00D6AF54AA804F03C624DFBBC9E66172,2020-10-14 03:57:12.908000,2020-10-14 03:57:14.101000
ptzmxylruqtbrjty,failed,not_found,588,3CFAD0798FF5D3B994F40B8971D4A79D84165A0D,DA9E02BB8080E473157052F70439B7886AA8569D,36E009C40158C54FB0AF959CBD19CC348B7C9AC3,7327876AE79C997DFE311A7B15B4FA875736BBD1,2020-10-14 03:57:14.101000,2020-10-14 03:57:14.630000
ptzmxylruqtbrjty,,,,,,,173652F77C436F63D80208E29691738C570D4F9A,2020-10-14 03:57:14.630000,
fyeavxptfof4x7js,failed,not_found,584,3CFAD0798FF5D3B994F40B8971D4A79D84165A0D,B56B9FE93F83B4FA69234B17A060E8A8E7446D19,40CDE936B04B4573A47223396006443CA5EAC845,36414078C521BA19168260F6DF23C97995976289,2020-10-14 03:57:13.908000,2020-10-14 03:57:14.576000
fyeavxptfof4x7js,failed,not_found,595,3CFAD0798FF5D3B994F40B8971D4A79D84165A0D,297648CD1715897CA2DDDEFD1812E1093673693B,A597AC866E40CAB5A67759ADE4942192E99DE684,361FAD570CA5DECF10A1C27EC3F8961D076E10D2,2020-10-14 03:57:14.576000,2020-10-14 03:57:16.689000
fyeavxptfof4x7js,failed,not_found,632,3CFAD0798FF5D3B994F40B8971D4A79D84165A0D,0E8DB49D5BF5FCAFFA433A78FEE34179419D1C4E,B058FBDEA69774C28EAC1111E167BC0AD4A904E0,361D33C96D0F161275EE67E2C91EE10B276E778B,2020-10-14 03:57:16.689000,2020-10-14 03:57:17.229000
fyeavxptfof4x7js,failed,not_found,641,3CFAD0798FF5D3B994F40B8971D4A79D84165A0D,12B6C5B34B03988D86A48B88F7922157AAD8FFD7,7B10E2D82A60EFC4E97CE5A9F4E8C9A79C59DFC5,941DDD0D4C49C3C397872275527DC4B192071B69,2020-10-14 03:57:17.230000,2020-10-14 03:57:18.224000
fyeavxptfof4x7js,failed,not_found,653,3CFAD0798FF5D3B994F40B8971D4A79D84165A0D,BEA635C89C057DB8E879572C6A2C188239CFAD68,7272FA27A7F99E88D59BE2018E3F14FB88BF9786,9423A72BBC8B5C6AC9DE9F57735EB2B08E4156E8,2020-10-14 03:57:18.224000,2020-10-14 03:57:18.859000
fyeavxptfof4x7js,failed,not_found,660,3CFAD0798FF5D3B994F40B8971D4A79D84165A0D,CD46CDD4643FA30AC10D17A3872B560B4E17F048,DB5DE88B4914F60CDEEF581ECCA8DEA59EF26A90,94025AB7BA718179205F72A939A4AACB497B6EE6,2020-10-14 03:57:18.859000,2020-10-14 03:57:20.156000
x5bzjunu2xpb5gg5,failed,not_found,585,3CFAD0798FF5D3B994F40B8971D4A79D84165A0D,58FAB58A7DC8E99B9313F6E488E2140D4BE28416,50C7B836942F14BDF1541B017CF21FD03F354E13,6B9D83843DBD686DBB8066989BFCC90303F67B05,2020-10-14 03:57:13.908000,2020-10-14 03:57:14.431000
x5bzjunu2xpb5gg5,failed,not_found,593,3CFAD0798FF5D3B994F40B8971D4A79D84165A0D,DD0C8EEC5CA402A9FA4478F10C31A440F71F6885,EE010EF80A27AC0B02CDC2B8B214A6201BB02D2B,503FCA0040D4701CED8078F0A38C3BFD4DB33CCE,2020-10-14 03:57:14.431000,2020-10-14 03:57:14.926000
x5bzjunu2xpb5gg5,failed,not_found,600,3CFAD0798FF5D3B994F40B8971D4A79D84165A0D,60F2139EA3E06410A05CBD6E8254E60A9063AD9D,1EC884DC535E29D485684CD93D612F9F61C9EF71,5043E5D2E9CE99066DF1FBF0B18E065B08131863,2020-10-14 03:57:14.926000,2020-10-14 03:57:16.022000
x5bzjunu2xpb5gg5,failed,not_found,622,3CFAD0798FF5D3B994F40B8971D4A79D84165A0D,13B2354C74CCE29815B4E1F692F2F0E86C7F13DD,42B4F52C5B11E4D39855F654955425B0D5A0598B,503431F94FF8FB69F10AD59DE31F3B2C3449D990,2020-10-14 03:57:16.022000,2020-10-14 03:57:17.244000
x5bzjunu2xpb5gg5,failed,not_found,642,3CFAD0798FF5D3B994F40B8971D4A79D84165A0D,0706B3AF0059CB226E4AACDEDB6794678F402905,E5D13B726489E91A260F70B95B7AD9949BB6A95F,6B88E20FEE8EB47F1A8E30207F327005C61A013D,2020-10-14 03:57:17.244000,2020-10-14 03:57:17.736000
x5bzjunu2xpb5gg5,failed,not_found,647,3CFAD0798FF5D3B994F40B8971D4A79D84165A0D,42949C1EC1FEC5E30197E269FE7850CCA2FD0C0D,0E300A0942899B995AE08CEF58062BCFEB51EEDF,6B805718A97BF653CB5546080BE756505F9BD65F,2020-10-14 03:57:17.737000,2020-10-14 03:57:18.470000
sxbwtjxbu4r57jua,failed,not_found,601,3CFAD0798FF5D3B994F40B8971D4A79D84165A0D,48DE832F4BE6955B3F3F1F060310F3BFD7A7903E,5A14FBBBAF842124A0AF3C650F4302C5B549AB17,648B07AA3FCD630970DB869798C9B580C8313081,2020-10-14 03:57:14.941000,2020-10-14 03:57:15.637000
sxbwtjxbu4r57jua,failed,not_found,607,3CFAD0798FF5D3B994F40B8971D4A79D84165A0D,D628DE9DFE80E5FC5A31585FC43B7D0641CBD055,AD7552F2CFBF472F9FFE748D3E82994EA6050A76,648E97719EDEC4F0E08F1CEB8D24F2C8F587344C,2020-10-14 03:57:15.638000,2020-10-14 03:57:16.050000
sxbwtjxbu4r57jua,failed,not_found,623,3CFAD0798FF5D3B994F40B8971D4A79D84165A0D,BA0A023DF7D0A03E2CB5A180E1DD54B0950AA5C1,84D164A906CD165C77F6A49C97E2F4CA17C3AB3F,648F20B54CF719E6D02FAA07A8DA6CA1C7EEFEEE,2020-10-14 03:57:16.050000,2020-10-14 03:57:17.041000
sxbwtjxbu4r57jua,failed,not_found,636,3CFAD0798FF5D3B994F40B8971D4A79D84165A0D,7E7D257777019B80771C5F6FF63DB6D89AE5B067,2BF341398A55E8C0C4B6BD193A7F50CCE44BF883,B2D03CDF45EB4D74A65FAC4F00EBA785C9663A5F,2020-10-14 03:57:17.041000,2020-10-14 03:57:18.283000
sxbwtjxbu4r57jua,failed,not_found,656,3CFAD0798FF5D3B994F40B8971D4A79D84165A0D,F6740DEABFD5F62612FA025A5079EA72846B1F67,7E3279806041BA178283F61ED9EF7B535C54B839,B2CB9E5C80367C9026A806EC4801E22425AA7E8A,2020-10-14 03:57:18.283000,2020-10-14 03:57:18.870000
sxbwtjxbu4r57jua,failed,not_found,661,3CFAD0798FF5D3B994F40B8971D4A79D84165A0D,91799AD097018FD5F83B70B978068FB83F72934F,7EB91FDB68EAD3A13808D9356DA82605773215F5,B2D42C51C415C1AB3A4DA3F1A8FC3615B55380D7,2020-10-14 03:57:18.870000,2020-10-14 03:57:19.394000
v4wjzbiz4vnpsgpb,failed,not_found,602,3CFAD0798FF5D3B994F40B8971D4A79D84165A0D,D5A2B3AE1E8047017A0BBC7209FD624DB84D47CE,898AA9A17ECBB05FEA4FE7418BD1C64F45D9A614,F174EF31C85E764483F79B5E014C4D81C6F10AB3,2020-10-14 03:57:14.951000,2020-10-14 03:57:15.490000
v4wjzbiz4vnpsgpb,failed,not_found,613,3CFAD0798FF5D3B994F40B8971D4A79D84165A0D,D91F295BFAF865BF76DA0820485B6650DD832DC5,1C0736CF3744A3B87C2D2269B8BD3388C7E60552,8287DADC415B3E667C617EEFB6E7D654C7AC0C47,2020-10-14 03:57:15.491000,2020-10-14 03:57:15.968000
v4wjzbiz4vnpsgpb,failed,not_found,621,3CFAD0798FF5D3B994F40B8971D4A79D84165A0D,7A3E534C033E3836BD5AF223B642853C502AB33A,AA8B7237B4D2C76ED4AF24B3B47B375812AACC83,F17B5CE022C164202A00B3669EFCAB72CF80B93C,2020-10-14 03:57:15.969000,2020-10-14 03:57:16.443000
v4wjzbiz4vnpsgpb,failed,not_found,628,3CFAD0798FF5D3B994F40B8971D4A79D84165A0D,BA38C5688E103AE11F50D7188C8E5FDB4B0E5553,9CDBC7A3F90350E643EF3B796E9435EEFB7AB492,828112B80D28A92311A8C6C7CCF369B316C40744,2020-10-14 03:57:16.443000,2020-10-14 03:57:16.910000
v4wjzbiz4vnpsgpb,failed,not_found,635,3CFAD0798FF5D3B994F40B8971D4A79D84165A0D,4A60B05738087419BFF41A41D2059873EE16E1E9,0ED0EA324C931CF41CB5272BFB1D015B3D5772A9,F1759BB360F666B6A8CE02CD04F028E8425FD9CF,2020-10-14 03:57:16.910000,2020-10-14 03:57:17.470000
v4wjzbiz4vnpsgpb,failed,not_found,644,3CFAD0798FF5D3B994F40B8971D4A79D84165A0D,68773D3FF7B8CEFCEEFCA32AE72015E2D38C62C1,8DFCA3E1B22312330149D1BF24365534B93FA384,825AD5D33B2A5C41BC647047D6B63AC41C4C5021,2020-10-14 03:57:17.470000,2020-10-14 03:57:18.461000
zn5keaynf6rsym2d,failed,not_found,618,3CFAD0798FF5D3B994F40B8971D4A79D84165A0D,33D88F331408141F2A2CC563239E54E48F7A211B,950134F4ABA3291EEE4E7A2F26546DB7070776A4,A932F56F69D24A96A0CBC4F32922A62DEFD28C77,2020-10-14 03:57:15.927000,2020-10-14 03:57:16.687000
zn5keaynf6rsym2d,failed,not_found,631,3CFAD0798FF5D3B994F40B8971D4A79D84165A0D,F37374DB9FA6EF14CED64FD294E8D8683F032EC8,1AAD015F4D885413A2BCE0E58159116901236C49,A926970FE1AEF9C6D8D4BF57ED6B88F3F8C66415,2020-10-14 03:57:16.687000,2020-10-14 03:57:17.104000
zn5keaynf6rsym2d,failed,not_found,640,3CFAD0798FF5D3B994F40B8971D4A79D84165A0D,CB2DBDB2D9422D57AD85148EF9511AF4CE4D6052,A654F0B20F8FB447B02CB9CAD91AC04DB784D5E0,F34E681AF8226DEBC9135A48F61DEF9F68966BA5,2020-10-14 03:57:17.104000,2020-10-14 03:57:17.612000
zn5keaynf6rsym2d,failed,not_found,646,3CFAD0798FF5D3B994F40B8971D4A79D84165A0D,C239952D0C8E4EABC3E6B0A8E0B623689174E3C6,BD4C647508162F59CB44E4DFC1C2B2B8A9387CCA,A91F3E4D2CCD81F5C865E143525F92A790CDF17E,2020-10-14 03:57:17.612000,2020-10-14 03:57:18.197000
zn5keaynf6rsym2d,failed,not_found,654,3CFAD0798FF5D3B994F40B8971D4A79D84165A0D,20524B5FE774360FA325CECB2109C42BD00BD8D2,1E30069E4E55AF9AC4F288CD17B10BE72552B939,F31C03A766FAA33B62B12105D822FFE69A3BB0E5,2020-10-14 03:57:18.197000,2020-10-14 03:57:19.279000
zn5keaynf6rsym2d,failed,not_found,671,3CFAD0798FF5D3B994F40B8971D4A79D84165A0D,39157328C19734ACD46BC6CD247F5E673D9EE9C8,2269C9905B04530E251186FAD6F56033654E5C99,F35D115BDD5987D301BE0FD27DAB05F5F4B2ABAE,2020-10-14 03:57:19.279000,2020-10-14 03:57:19.680000
gn7t6ebba3jyjrgb,failed,not_found,619,3CFAD0798FF5D3B994F40B8971D4A79D84165A0D,EC4AD91674B5AFECCA117A396776F120651E55BF,56927E61B51E6F363FB55498150A6DDFCF7077F2,02930FFEB87968D518101EB79202F1C3766078DA,2020-10-14 03:57:15.927000,2020-10-14 03:57:16.446000
gn7t6ebba3jyjrgb,failed,not_found,629,3CFAD0798FF5D3B994F40B8971D4A79D84165A0D,F3ED568CC5AF7C910BA3BF60975D8440410C7A9D,F73036C92CD94D5A16DEA9E50FE4BEC2AF3DE171,02928855BFAD787F8B363F21860D1E7D156E0655,2020-10-14 03:57:16.446000,2020-10-14 03:57:17.299000
gn7t6ebba3jyjrgb,failed,not_found,638,3CFAD0798FF5D3B994F40B8971D4A79D84165A0D,4E98AA295B7171996D18DD1F6A19F64AB4036B4A,EBE718E1A49EE229071702964F8DB1F318075FF8,95FD4BD48D919BFD05277F63950C78A93AC01191,2020-10-14 03:57:17.300000,2020-10-14 03:57:17.611000
gn7t6ebba3jyjrgb,failed,not_found,645,3CFAD0798FF5D3B994F40B8971D4A79D84165A0D,8DCB526722FBE2B3F4C0CE9D020B0589170F8BDA,BEA635C89C057DB8E879572C6A2C188239CFAD68,95F22A129FD1EE5BFF95218DDBA838BF6DBBDA7E,2020-10-14 03:57:17.612000,2020-10-14 03:57:18.053000
gn7t6ebba3jyjrgb,failed,not_found,652,3CFAD0798FF5D3B994F40B8971D4A79D84165A0D,99339F3E68BCCC1391BF14C821D80766FE0C5956,163303F0583A1917326214379BD1AB2D286046EA,96070698714DC07AE2B377864625B7EF64E33BF5,2020-10-14 03:57:18.054000,2020-10-14 03:57:18.858000
gn7t6ebba3jyjrgb,failed,not_found,659,3CFAD0798FF5D3B994F40B8971D4A79D84165A0D,84D164A906CD165C77F6A49C97E2F4CA17C3AB3F,75A931404453030821C547A4FAA9094A06C48C7A,027E75C92F1231AE5F7BD4E1536696FE3040C460,2020-10-14 03:57:18.858000,2020-10-14 03:57:19.457000
q3haki53niuypihh,failed,not_found,633,3CFAD0798FF5D3B994F40B8971D4A79D84165A0D,D965855F77A59FBBC5D1224DFB9C12A992355079,39CF2F22E5018C01FD57DEB1AB8FDFA4592633FB,D426B3F7FF144AAE24AECD72ED96820DDB338055,2020-10-14 03:57:16.909000,2020-10-14 03:57:17.898000
q3haki53niuypihh,failed,not_found,648,3CFAD0798FF5D3B994F40B8971D4A79D84165A0D,6B5A63BFEEA8EF58DA812F4F05BE98C869809DFB,447D9D775E89F81D512BBE4DCC0BC23BD078320B,EE36437DFD15BFBDE7D7F471727C3050EB4EDCC5,2020-10-14 03:57:17.899000,2020-10-14 03:57:19.393000
q3haki53niuypihh,failed,not_found,669,3CFAD0798FF5D3B994F40B8971D4A79D84165A0D,ECB71AE4B08EAB517B9E16D28689974342EEFABB,0ED0EA324C931CF41CB5272BFB1D015B3D5772A9,D405FCCF06ADEDF898DF2F29C9348DCB623031BA,2020-10-14 03:57:19.394000,2020-10-14 03:57:19.669000
q3haki53niuypihh,failed,not_found,675,3CFAD0798FF5D3B994F40B8971D4A79D84165A0D,938ACAB816A334BF467E41EE3A6F1E4F916155F0,82DA9678A0BAE60087AA68A3E1D6E6A2C4246D6D,EE3DDF00C1ADC567F333B9BA819C8F252A32933C,2020-10-14 03:57:19.670000,2020-10-14 03:57:20.451000
q3haki53niuypihh,failed,not_found,687,3CFAD0798FF5D3B994F40B8971D4A79D84165A0D,8A6F5A21493685B50F1B46A87A2099D6C410F237,F1E6676A0551B4D88262536FAAB488B861AACA1A,EE3015A8920F6CA1D3CE48BE88C2864B28017FA8,2020-10-14 03:57:20.451000,2020-10-14 03:57:21.136000
q3haki53niuypihh,failed,not_found,700,3CFAD0798FF5D3B994F40B8971D4A79D84165A0D,D3F89561C8F1D4796F6B2C328D052AD798F50FE3,FAFF33D5273691F537E4657C91A8DF58182EB561,D439FC3B5F0A81796F4622320197A90032CAE4DB,2020-10-14 03:57:21.136000,2020-10-14 03:57:22.064000
whcw43van2dq7yg4,failed,not_found,634,3CFAD0798FF5D3B994F40B8971D4A79D84165A0D,BF50E09EED25B82861CF95E1AAA42DCFEF53E5D1,C1335B1DB938644FCD54EE744D91354F94EDD1BC,562C61C7F885741D599DB7A1235791D928BEADFD,2020-10-14 03:57:16.909000,2020-10-14 03:57:17.451000
whcw43van2dq7yg4,failed,not_found,643,3CFAD0798FF5D3B994F40B8971D4A79D84165A0D,856B7EFB7E09D02A29DD2FF024B7E1EFE21FE9EB,870D9148A25F84C138F72DC647ABC390ED34383B,9B22542BA085F8ECCC8B6D0F8897B8DB1C6E6D65,2020-10-14 03:57:17.451000,2020-10-14 03:57:18.457000
whcw43van2dq7yg4,failed,not_found,670,3CFAD0798FF5D3B994F40B8971D4A79D84165A0D,57F1B5F9ADF8E0B089246E27626A52F30DC310F8,331452F317390D3C78BCD759170699E55C5570C9,9AED373BD9415E83BDCFC735FCA288178829459A,2020-10-14 03:57:18.458000,2020-10-14 03:57:19.803000
whcw43van2dq7yg4,failed,not_found,677,3CFAD0798FF5D3B994F40B8971D4A79D84165A0D,4E98AA295B7171996D18DD1F6A19F64AB4036B4A,963879BB424D9A637A63105D5C26A2453C2C2272,562434D987CF49D45649B76ADCA993BEA8F78471,2020-10-14 03:57:19.803000,2020-10-14 03:57:20.251000
whcw43van2dq7yg4,failed,not_found,685,3CFAD0798FF5D3B994F40B8971D4A79D84165A0D,77F8B357301C68DEA96BBAA60C07676E3E161F54,C001C72093A7DB3F067088BC9EA7CFADAA8AADD2,5628495D9939A8C139DD441402DE42F7012B7092,2020-10-14 03:57:20.251000,2020-10-14 03:57:20.743000
whcw43van2dq7yg4,failed,not_found,692,3CFAD0798FF5D3B994F40B8971D4A79D84165A0D,FAA935B0BC3B4348CCBD3EBA95681AB51730977D,E1B54925C59ECE813269B9A3309B7A5EB57E9B98,9B047A91AC809AA020A1F42E3E785DBCEBF3652F,2020-10-14 03:57:20.744000,2020-10-14 03:57:22.186000
dvgs2huqtanigatg,failed,not_found,678,3CFAD0798FF5D3B994F40B8971D4A79D84165A0D,6CDF81E5A9BF270CDF4C989D5F7917113591C355,4B483F57D9660EBF33FA3CCA670FFD1BBB0F315A,DBAF11651462C4537E4CC838F80698F3D7301470,2020-10-14 03:57:17.918000,2020-10-14 03:57:20.297000
dvgs2huqtanigatg,failed,not_found,682,3CFAD0798FF5D3B994F40B8971D4A79D84165A0D,37B1AB178ABDD0C80649ECF8A79651E331B78290,0B19BBFDC498CCEA23027B1D7BD8E20121B95E60,DBA2DBB852E06B58BAAF09BD1BE91FA30A1243C8,2020-10-14 03:57:20.297000,2020-10-14 03:57:20.844000
dvgs2huqtanigatg,failed,not_found,693,3CFAD0798FF5D3B994F40B8971D4A79D84165A0D,055E271A48AA082E6A9FE88EA58DB73A600CDF24,EC0ABA811E4EB33DAD8BC8B7037D862BF4F3AA28,DBCBB717595E8177601971C851198456EB4960DB,2020-10-14 03:57:20.845000,2020-10-14 03:57:21.738000
dvgs2huqtanigatg,failed,not_found,710,3CFAD0798FF5D3B994F40B8971D4A79D84165A0D,0298F5D2EBBBFCCB17FEF58C2231B4A656A528E5,50C7B836942F14BDF1541B017CF21FD03F354E13,61F24EBAEC4290FAC31CF34F0FFCDA765A2D9705,2020-10-14 03:57:21.738000,2020-10-14 03:57:22.922000
dvgs2huqtanigatg,failed,not_found,725,3CFAD0798FF5D3B994F40B8971D4A79D84165A0D,0D99F89BBB92BF5557F8D3F895DB218A72871089,C0C4F339046EB824999F711D178472FDF53BE7F5,61D1CDF92A05E59A06B6E20A39247696712B0009,2020-10-14 03:57:22.923000,2020-10-14 03:57:24.090000
dvgs2huqtanigatg,failed,not_found,743,3CFAD0798FF5D3B994F40B8971D4A79D84165A0D,21E54A1CB86144A4CAF60C636227ABB3D23C30D0,F1A18D7B42B896DE9D89604C610026A3B01A8A00,61F3A840F61EEFFF682C6243534ECEB09ADFE3B3,2020-10-14 03:57:24.090000,2020-10-14 03:57:24.825000
pdveuzrawtfdy6yz,failed,not_found,651,3CFAD0798FF5D3B994F40B8971D4A79D84165A0D,A123F404BD9A15D96CC7930C2BE28103341AC68B,3A8557B067FBE53F168BBEAA7D14D1298AE52A52,742C45F2D9004AADE0077E528A4418A6A81BC2BA,2020-10-14 03:57:17.919000,2020-10-14 03:57:18.626000
pdveuzrawtfdy6yz,failed,not_found,658,3CFAD0798FF5D3B994F40B8971D4A79D84165A0D,99D5C9A5A7238986D1EA1D7771CF81B4A192C4D0,1C4D9DC7321425F989E1AB7ABD4F1ADFF74A4358,8699371415DC052A60BCA3AAD68E55D9B759CAE0,2020-10-14 03:57:18.626000,2020-10-14 03:57:19.525000
pdveuzrawtfdy6yz,failed,not_found,673,3CFAD0798FF5D3B994F40B8971D4A79D84165A0D,D965855F77A59FBBC5D1224DFB9C12A992355079,590BC0049A2AE97BB12E974C529DD127FDDD0238,7430F66B1CABCB52D583C9C3035EE19A3E87A23E,2020-10-14 03:57:19.526000,2020-10-14 03:57:20.244000
pdveuzrawtfdy6yz,failed,not_found,684,3CFAD0798FF5D3B994F40B8971D4A79D84165A0D,97767B43E78119A613B46CEAF81A788F45CC05D9,F50CF02A0E6A9D9B25F7EB220FC26F7BD1B74999,86CDD0D92AB972538416A382D99666736CDDF141,2020-10-14 03:57:20.244000,2020-10-14 03:57:20.881000
pdveuzrawtfdy6yz,failed,not_found,694,3CFAD0798FF5D3B994F40B8971D4A79D84165A0D,B6352D774A912764B0B0FE6297666CF09DFE3007,08F06A0DDAFABF9A26FCB2E392A1435F9E048216,869E888715455ECCEDA1ECFEA8080C1DC39B17A3,2020-10-14 03:57:20.881000,2020-10-14 03:57:22.398000
pdveuzrawtfdy6yz,failed,not_found,719,3CFAD0798FF5D3B994F40B8971D4A79D84165A0D,740E4C4842E4C190DFEC278EC1FD754FD261A864,91BA193FB362FB7B6679A7A83A3050F3C44A5468,742091486D04734C57D97BCEFB53D22ED0B77881,2020-10-14 03:57:22.399000,2020-10-14 03:57:23.641000
ulaaxrxwrqfnmtnv,failed,not_found,662,3CFAD0798FF5D3B994F40B8971D4A79D84165A0D,D405FCCF06ADEDF898DF2F29C9348DCB623031BA,4AD9C116A1942D58A714433CA24F087F18036A7E,8CE9E4EBF94CC79D89F4383BC916F846CAE999A7,2020-10-14 03:57:18.909000,2020-10-14 03:57:19.768000
ulaaxrxwrqfnmtnv,failed,not_found,676,3CFAD0798FF5D3B994F40B8971D4A79D84165A0D,F9246DEF2B653807236DA134F2AEAB103D58ABFE,474648D2DFC1C060A5CA74C8A5976807B7FB5FE0,8D093C9C2B42BC224A5319A660A6CF5EDEFE839F,2020-10-14 03:57:19.768000,2020-10-14 03:57:20.434000
ulaaxrxwrqfnmtnv,failed,not_found,686,3CFAD0798FF5D3B994F40B8971D4A79D84165A0D,2F4C603CCBBCA287B04ECAB0EB0EEC9DFCA9CED9,5944BE10FF49A3CFC865D2F0700394C2877F197D,8CF987FF43FB7F3D9AA4C4F3D96FFDF247A9A6C2,2020-10-14 03:57:20.435000,2020-10-14 03:57:21.670000
ulaaxrxwrqfnmtnv,failed,not_found,707,3CFAD0798FF5D3B994F40B8971D4A79D84165A0D,1B91B86B67317A63636FE38ABE6C4E701A2B1A99,BA39D0333CF0F2026F58D8A493168F92A016CAA1,D9D6C35E932FEF7100A00C99C199356E82DAB7E6,2020-10-14 03:57:21.671000,2020-10-14 03:57:22.946000
ulaaxrxwrqfnmtnv,failed,not_found,726,3CFAD0798FF5D3B994F40B8971D4A79D84165A0D,3E09AEF0B44E9416BC2D87032D3416431E8231DC,49FE0485D1D958CE0024D06AA4CB99E84A6DAD22,D983EC97264C0FB1C979C84ACD91C70273C41272,2020-10-14 03:57:22.946000,2020-10-14 03:57:24.293000
ulaaxrxwrqfnmtnv,,,,,,,D9B91878B46BB80E6D752E876BF9D481EFEAC5BF,2020-10-14 03:57:24.293000,
r4uucg5mu6atdc75,failed,not_found,663,3CFAD0798FF5D3B994F40B8971D4A79D84165A0D,06C0E28FB10CF9AA22CECAB8D144FC9CD33F494B,2ACEC0EB4F92729B8CA22C868545866B9529431C,00342C0E155D4542E55391788B2D779F14578DEB,2020-10-14 03:57:18.909000,2020-10-14 03:57:20.217000
r4uucg5mu6atdc75,,,,,,,36414078C521BA19168260F6DF23C97995976289,2020-10-14 03:57:20.217000,
cxumahddq4mdwseb,failed,not_found,680,3CFAD0798FF5D3B994F40B8971D4A79D84165A0D,5CFC486780CBD4446B764E51608D6574003B350D,AD0FCFD83EA4899DB34735E599701592DEA13690,31DDF87B0464C8AA3715F9AC93E8A619E60E5031,2020-10-14 03:57:19.909000,2020-10-14 03:57:20.625000
cxumahddq4mdwseb,failed,not_found,690,3CFAD0798FF5D3B994F40B8971D4A79D84165A0D,037BCD0EBDF7DB9F3D562DA27D463F0F78F1494B,9AB93B5422149E5DFF4BE6A3814E2F6D9648DB6A,8EF8766E1645A41A2AE1565EB673A4957C8D5AD2,2020-10-14 03:57:20.625000,2020-10-14 03:57:21.137000
cxumahddq4mdwseb,failed,not_found,702,3CFAD0798FF5D3B994F40B8971D4A79D84165A0D,E5507444DAC04539B8DC624299616141B0DB64D5,E7882187F6FA695450719FD3738D640FBDFF5D48,31F373571AA6ECB4D73266E114D58B0AF7227369,2020-10-14 03:57:21.137000,2020-10-14 03:57:21.718000
cxumahddq4mdwseb,failed,not_found,708,3CFAD0798FF5D3B994F40B8971D4A79D84165A0D,724E86E7F5DA715529DC0ECAA013AE4BDC680E4C,CF6A6080091BB210AA3892FEFE2F6A396DA08DF3,8F02FE5E233730A6AB4C982E18A2136E662A0B59,2020-10-14 03:57:21.718000,2020-10-14 03:57:22.185000
cxumahddq4mdwseb,failed,not_found,716,3CFAD0798FF5D3B994F40B8971D4A79D84165A0D,C5B622E52654B570ADFD656AC61B74CC84BBEE95,E7882187F6FA695450719FD3738D640FBDFF5D48,31FC0066DA78D1464A2542E8D9EBF6FD6F99AE1E,2020-10-14 03:57:22.185000,2020-10-14 03:57:22.841000
cxumahddq4mdwseb,failed,not_found,721,3CFAD0798FF5D3B994F40B8971D4A79D84165A0D,A7E6640FEC85C9B04FB778A51CB999E35A29531E,71D15B4A7DD9FB70B0E1439F7D350B8FACCFC306,8F16229D5425774DCA566D7737596178153DB838,2020-10-14 03:57:22.842000,2020-10-14 03:57:23.380000
jbvhs53swtmh4itv,failed,not_found,681,3CFAD0798FF5D3B994F40B8971D4A79D84165A0D,2F644DDEF8BAA31BA0240E6C6D36665D90DA57C9,5E4D1E6D31413DCCC148A8050224578CBBF12883,4DE4F06C019EC4814D486524C2A282C1DC7653DE,2020-10-14 03:57:19.918000,2020-10-14 03:57:20.671000
jbvhs53swtmh4itv,failed,not_found,691,3CFAD0798FF5D3B994F40B8971D4A79D84165A0D,38F21DEE29E40DCDF9460A80662B7723562CA008,A2CBEC70217814A9DFB21069F8510BE418ABB094,4DB0490A0420809A8149E778BBAC8F1E9349D9EC,2020-10-14 03:57:20.671000,2020-10-14 03:57:21.152000
jbvhs53swtmh4itv,,,,,,,A29FE1986470504D332B437161027C813146FF0B,2020-10-14 03:57:21.152000,
y2bqd3r73usk6shf,failed,not_found,695,3CFAD0798FF5D3B994F40B8971D4A79D84165A0D,7D8EBB86CF2EB560F938BEF018E1D8FD6B36B327,6FB20BB05A841CDDB308E85A4D117FCFC911F5EA,01E19A812AF0A4C9584931CD6DC3EC07CEEE3A23,2020-10-14 03:57:20.909000,2020-10-14 03:57:21.594000
y2bqd3r73usk6shf,failed,not_found,705,3CFAD0798FF5D3B994F40B8971D4A79D84165A0D,69534B8B5FCCD0BF1124945B1D0F5A35FB0A3542,370B15E4932CF76C7ACB9B240A960C20267C2430,296A9A2C96249BC5D8CA8CF196EF5E3FCC80488E,2020-10-14 03:57:21.594000,2020-10-14 03:57:22.172000
y2bqd3r73usk6shf,failed,not_found,715,3CFAD0798FF5D3B994F40B8971D4A79D84165A0D,BFB14B9ADF1F19E59258CAE7FCDBAAC9937B7B10,C4D8691CD1D6413799777B319FA1EE06802D4054,2935E0F03B71BE44F6F265FEF976E810BAAD6F4E,2020-10-14 03:57:22.173000,2020-10-14 03:57:22.860000
y2bqd3r73usk6shf,failed,not_found,722,3CFAD0798FF5D3B994F40B8971D4A79D84165A0D,B25427A8F4A485E03EDA31757AB1C33DBE587428,188BE26E437D0B0BDD90E0717558CA686D288BAA,296B040F1537DC2E9D644D7FF41C912403E1AF8D,2020-10-14 03:57:22.860000,2020-10-14 03:57:23.739000
y2bqd3r73usk6shf,failed,not_found,733,3CFAD0798FF5D3B994F40B8971D4A79D84165A0D,B1289B91C190A6803C1ADA6E381C0843CE039D70,CD39C258265B25EAA4ABA4FDCB2DF98104CAA362,01FDC8E92D3280847D856DA1F9BFC2B4CD2C2EE8,2020-10-14 03:57:23.739000,2020-10-14 03:57:24.177000
y2bqd3r73usk6shf,failed,not_found,748,3CFAD0798FF5D3B994F40B8971D4A79D84165A0D,E5F1B4995E939C13D4DEE7B13112A9B10FDB61A0,7FA3FA525901A91A1310B817943668BC2C16289E,01F73DBD9B56C31E3D3AAEB95F8CF1DEB7D9A72F,2020-10-14 03:57:24.177000,2020-10-14 03:57:24.874000
enghhac72hyb5upp,failed,not_found,696,3CFAD0798FF5D3B994F40B8971D4A79D84165A0D,6940247E04C839D268543E7F62566A91E40567E3,CE58CF666F209857502FCEAF1CB52F638AFFBD63,573EA7F927259DBF7DC6CDF0C99C592635AE686D,2020-10-14 03:57:20.909000,2020-10-14 03:57:21.728000
enghhac72hyb5upp,failed,not_found,709,3CFAD0798FF5D3B994F40B8971D4A79D84165A0D,4B550F757A5904939280CB85DE61F125A08AE5DE,40CDE936B04B4573A47223396006443CA5EAC845,3F6EBCE3AEF01229EA7EADEC0BD50F316342988D,2020-10-14 03:57:21.728000,2020-10-14 03:57:22.779000
enghhac72hyb5upp,failed,not_found,720,3CFAD0798FF5D3B994F40B8971D4A79D84165A0D,ACE29EC7700BD112DEB42B934E5E443476CD577C,E6C04728E9339DF22F331B7017D4A7AA3F252F0B,572FC2E6D89E8D773488A76F05DDEE3173A076E0,2020-10-14 03:57:22.780000,2020-10-14 03:57:23.640000
enghhac72hyb5upp,failed,not_found,732,3CFAD0798FF5D3B994F40B8971D4A79D84165A0D,BE8737597F2E6B4F805893202C935125829A902E,BF0FB582E37F738CD33C3651125F2772705BB8E8,573CC3D8F1C845AA33AA4593B68CA0D47156AA30,2020-10-14 03:57:23.640000,2020-10-14 03:57:24.269000
enghhac72hyb5upp,failed,not_found,750,3CFAD0798FF5D3B994F40B8971D4A79D84165A0D,4D568479B37A688769F410E9A914909E8CC2A5B8,F0BCA23872B699283AA039899263DF0147E9B48A,3F91F384ABF6D115080638E52381231D1BFBFC84,2020-10-14 03:57:24.269000,2020-10-14 03:57:24.872000
enghhac72hyb5upp,,,,,,,3FA04DAFB39C8C2D3BB3568C4B7F84194691D9CB,2020-10-14 03:57:24.872000,
xq5vfwasc6hyh6jp,failed,not_found,711,3CFAD0798FF5D3B994F40B8971D4A79D84165A0D,494E8307AE921E46CCD20BD91C4FACEA8E3CCC5F,D5C01B85FB3A48D55698CA660A2DE8935388816E,3A4D13F52A4C9A13AD60D94615D4C0B2F5F69E3C,2020-10-14 03:57:21.913000,2020-10-14 03:57:23.337000
xq5vfwasc6hyh6jp,failed,not_found,730,3CFAD0798FF5D3B994F40B8971D4A79D84165A0D,8ADA1AB31B9B49CFFF5A450816053BF4CB72E4AC,B8F6E68B36BEE2BF548750BDCCC3C2A7DB56A623,4317CB1BED0C6090ABEBB45440A040AD68383CAC,2020-10-14 03:57:23.337000,2020-10-14 03:57:24.618000
xq5vfwasc6hyh6jp,,,,,,,3A51E32A303A0E0A3AB8AA1CCBE98FF8791E2341,2020-10-14 03:57:24.618000,
73m7thojoiop3pek,failed,not_found,712,3CFAD0798FF5D3B994F40B8971D4A79D84165A0D,9EB3FD84065E5622A57EFEF14E41A01B5B99A022,13B2354C74CCE29815B4E1F692F2F0E86C7F13DD,E5ABD9509709B004D3F797331EB2312EA5782962,2020-10-14 03:57:21.923000,2020-10-14 03:57:23.325000
73m7thojoiop3pek,,,,,,,453A763984BCF3E2FBD94B3CF2AE90EA02E4A145,2020-10-14 03:57:23.325000,
vbu5sasjodwrufmn,failed,not_found,723,3CFAD0798FF5D3B994F40B8971D4A79D84165A0D,21E9162916687FDC3CD966D11F34766F51902B45,49D9E723224005920BE884DD4CD28DD7B7CF0419,D24D0C28AB48768CF8B79DD762D61DB4FD015677,2020-10-14 03:57:22.911000,2020-10-14 03:57:23.776000
vbu5sasjodwrufmn,,,,,,,D245C3E824456945C6759599CB8A0547135A066D,2020-10-14 03:57:23.776000,
45ut2ifqfjt6t7jf,failed,not_found,724,3CFAD0798FF5D3B994F40B8971D4A79D84165A0D,7A3E534C033E3836BD5AF223B642853C502AB33A,F0F5074A6DADD3DC22E1FAA18FD6D89CBC52771A,F6CD4DBF5850AC4386DD9A424918AD3C6BA2716F,2020-10-14 03:57:22.922000,2020-10-14 03:57:23.346000
45ut2ifqfjt6t7jf,,,,,,,F6CDD5AAF675F44B88BB326EC0738BD7277CBC12,2020-10-14 03:57:23.346000,
7mvokq5ey2k4wshp,,,,,,,3D636FB9D24EA781C3C2766C051064C6CA1C0D96,2020-10-14 03:57:23.919000,
ep7wprtii53bovgd,failed,not_found,739,3CFAD0798FF5D3B994F40B8971D4A79D84165A0D,221546DAE86B003139B13BD6F6AE1B4B42B59DF8,FC1E441E097BA36930AA2F615EFB325AF76D2595,E20A99DE17D99F73D888C7D33C46807B71A197FB,2020-10-14 03:57:23.919000,2020-10-14 03:57:24.563000
ep7wprtii53bovgd,,,,,,,428A661B415A055E27A769CC3EAD86DE384312CD,2020-10-14 03:57:24.564000,
i3fe2yzujge4r5lf,,,,,,,6A8B54FB9F79E33A307AD0319B62916504A28049,2020-10-14 03:57:24.912000,
eqy6coi5o6dpnu5v,,,,,,,869E888715455ECCEDA1ECFEA8080C1DC39B17A3,2020-10-14 03:57:24.913000,
