addr,status,reason,circ,guard_fp,middle_fp,exit_fp,hsdir_fp,start,end
cflarexljc3rw355ysrkrzwapozws6nre6xsy3n4yrj7taye3uiby3ad,received,,,,,,43E896D36AAB20B5B63094BBC52CAD4B560E47BF,2020-09-25 04:57:40.607000,2020-09-25 04:57:41.090000
3khgbgwd25fymdy3,failed,not_found,,,,,8C94FAB733C8F1E6C1828946DB77699DD9AC63D7,2020-09-25 04:57:40.616000,2020-09-25 04:57:40.992000
3khgbgwd25fymdy3,failed,not_found,10,461453F94FA0E3CBB011685E22CDAFD2AF0DFDC3,BE40A5C8EB81704DBC1586190159AA7EDC1DA11D,BC0AAAB8C872FE46C9A224EFDE1E0B3A5C42AAF2,8C9DF7FE2C6C8E253048D07EB1F3986841CF2407,2020-09-25 04:57:40.992000,2020-09-25 04:57:41.999000
3khgbgwd25fymdy3,failed,not_found,16,461453F94FA0E3CBB011685E22CDAFD2AF0DFDC3,73713518E8BD7110D0C6D84F0682C1E0B7541F79,A1DEB529DE86E7CABC3212778374933D68FB7F2F,8D79F73DCD91FC4F5017422FAC70074D6DB8DD81,2020-09-25 04:57:42,2020-09-25 04:57:43.567000
3khgbgwd25fymdy3,failed,not_found,33,461453F94FA0E3CBB011685E22CDAFD2AF0DFDC3,92BBADCB0697F5EB1792C607EE2DC1C291A98ADC,B8F6E68B36BEE2BF548750BDCCC3C2A7DB56A623,8C9E4277399C612C2032CD3C98C052F0D6EA4961,2020-09-25 04:57:43.567000,2020-09-25 04:57:44.485000
3khgbgwd25fymdy3,failed,not_found,47,461453F94FA0E3CBB011685E22CDAFD2AF0DFDC3,C303038FDCC72805A160FF64E994333A49ECDA71,6A365870758A1E3E7A9EE0E82BCC0D6226A9EAAA,8D62C3DC2AADE43324329A5F5FFD97710234DD0B,2020-09-25 04:57:44.485000,2020-09-25 04:57:45.518000
3khgbgwd25fymdy3,failed,not_found,65,461453F94FA0E3CBB011685E22CDAFD2AF0DFDC3,2BAF092E8667C00CA3D9686C76D8EC3CC6BC7C5B,29A39144AD141242436D07901F7A8B91F7516A66,8D599159A555665F199DD0F9E81277417C8D3973,2020-09-25 04:57:45.519000,2020-09-25 04:57:46.672000
gu2us73icra446xy,failed,not_found,,,,,9288B75B5FF8861EFF32A6BE8825CC38A4F9F8C2,2020-09-25 04:57:40.617000,2020-09-25 04:57:41.277000
gu2us73icra446xy,failed,not_found,9,461453F94FA0E3CBB011685E22CDAFD2AF0DFDC3,8885EA6F74A694825B13B8A7080F6CF164DF74FB,C4B21A66B27E82FEF6AC97CEAEFE42DFF5C7511C,928C4709E663B0FF152FD1F1CBDD6AAFA3B548D9,2020-09-25 04:57:41.278000,2020-09-25 04:57:42.532000
gu2us73icra446xy,failed,not_found,14,461453F94FA0E3CBB011685E22CDAFD2AF0DFDC3,98EAC67EA6814038285F1A100D786AD8A0CD2A5E,288C100FFA656938C23F32207CAF0DA932ECD247,2FD03FFE27AF20DD6B1CBE5ABEFEF7B06693D557,2020-09-25 04:57:42.532000,2020-09-25 04:57:43.556000
gu2us73icra446xy,failed,not_found,38,461453F94FA0E3CBB011685E22CDAFD2AF0DFDC3,B0A63BC3FDA67A7ADD1BE08BAA8309C4B204D29B,856DAB2FDC9EED88A27BE2265FA6BD5489EF178E,2FD0BA57A34DC2792AF470398F72F37F9E51DC2D,2020-09-25 04:57:43.557000,2020-09-25 04:57:44.788000
gu2us73icra446xy,failed,not_found,53,461453F94FA0E3CBB011685E22CDAFD2AF0DFDC3,CDAEBA458F6129776643751934076A51D851C348,8CAA470B905758742203E3EB45941719FCA9FEEC,928FA1C68048456991707113975701FD75CB311B,2020-09-25 04:57:44.788000,2020-09-25 04:57:46.050000
gu2us73icra446xy,failed,not_found,81,461453F94FA0E3CBB011685E22CDAFD2AF0DFDC3,AD1FC4AE877B2FFEB3C84F1A6B76E9B057AAEF4E,A7112F8CC2F9299C72212EB0FFB85725004333B5,2FC9C98197456811E1B81C88848C722AF250582C,2020-09-25 04:57:46.050000,2020-09-25 04:57:47.217000
ovecvgmy35pt76p3,failed,not_found,8,461453F94FA0E3CBB011685E22CDAFD2AF0DFDC3,ACBBB426CE1D0641A590BF1FC1CF05416FC0FF6F,D39328D2EAE3816F9C5D5D1BB19D1C14E2E79482,E6288334BC0F95345817811880DDEA184E63AE69,2020-09-25 04:57:40.631000,2020-09-25 04:57:41.776000
ovecvgmy35pt76p3,failed,not_found,15,461453F94FA0E3CBB011685E22CDAFD2AF0DFDC3,8E76F1F6E8499CCE975C451560586A5F8BF0BFDB,103336165A0D2EFCAD3605339843A0A7710B8B92,E61D63442BE06CC8CCA60C972DE1C3AE3DD7871E,2020-09-25 04:57:41.777000,2020-09-25 04:57:43.045000
ovecvgmy35pt76p3,failed,not_found,29,461453F94FA0E3CBB011685E22CDAFD2AF0DFDC3,1804C06A266F0DA26DF58CD559E01C2F7C3FC42A,963879BB424D9A637A63105D5C26A2453C2C2272,7088D485934E8A403B81531F8C90BDC75FA43C98,2020-09-25 04:57:43.046000,2020-09-25 04:57:44.009000
ovecvgmy35pt76p3,failed,not_found,41,461453F94FA0E3CBB011685E22CDAFD2AF0DFDC3,5DE37A3371AAE7638748EB43C9F1CE66E09D4470,D4C381686A379E3CC3C09F95E1F6E4BFF27C489C,706B1ED9AF5CCAC90AD488AE2691B358FA598CBB,2020-09-25 04:57:44.009000,2020-09-25 04:57:45.002000
ovecvgmy35pt76p3,failed,not_found,59,461453F94FA0E3CBB011685E22CDAFD2AF0DFDC3,E8BAE7393740A700D50B010DED9D9EC9A66B390D,C333C56EAAD404ACDDE2FB3A675C5F5DA46A81E2,706A7674A217BA905FE677E82236B7B968A23DB7,2020-09-25 04:57:45.002000,2020-09-25 04:57:45.885000
ovecvgmy35pt76p3,failed,not_found,73,461453F94FA0E3CBB011685E22CDAFD2AF0DFDC3,449D8A5D4B4ECC0FBB659C14DCD712ADCC3E41DE,6532EB51C1EA8B674F4AEFCFA31323AE4C4212E4,E617AD78CD262D6F68817BE6B178063B35F5FF77,2020-09-25 04:57:45.885000,2020-09-25 04:57:46.920000
c6kcdvxpfptu6v3w,failed,not_found,17,461453F94FA0E3CBB011685E22CDAFD2AF0DFDC3,2BE597D0A2255A4E8F44CBFB126B7A7A12A9737B,7355A4A20BA4C083C921464302108C121BAC7EF2,20462CBA5DA4C2D963567D17D0B7249718114A68,2020-09-25 04:57:42.041000,2020-09-25 04:57:43.685000
c6kcdvxpfptu6v3w,failed,not_found,34,461453F94FA0E3CBB011685E22CDAFD2AF0DFDC3,BACB47406A231AB60EC33D1ED5081C603B209655,724E86E7F5DA715529DC0ECAA013AE4BDC680E4C,200473B7974E8D78B75B28DBD6C218DA3A0B8059,2020-09-25 04:57:43.686000,2020-09-25 04:57:44.681000
c6kcdvxpfptu6v3w,failed,not_found,50,461453F94FA0E3CBB011685E22CDAFD2AF0DFDC3,5FB384605F53DCBF1CB02143D318DA3E8EE38A24,86CDD0D92AB972538416A382D99666736CDDF141,2037A6568C5771A5D8FF5C64FC1819247E6FEE7B,2020-09-25 04:57:44.681000,2020-09-25 04:57:45.921000
c6kcdvxpfptu6v3w,failed,not_found,74,461453F94FA0E3CBB011685E22CDAFD2AF0DFDC3,7355A4A20BA4C083C921464302108C121BAC7EF2,1CD48F4ED0F1821FFBF1940802A13EEFD4C27502,6FB41ED1D68FCC399DCE81600CE30360DCFFE263,2020-09-25 04:57:45.922000,2020-09-25 04:57:46.756000
c6kcdvxpfptu6v3w,failed,not_found,88,461453F94FA0E3CBB011685E22CDAFD2AF0DFDC3,8A5E7C2D09835974B4D58252BAD51FD8AD54F9CE,B3DA9D673321B92253DCCD38A9740F2C562C91EA,6FAF20169322148B8E2C10D6728DE50F0851D23D,2020-09-25 04:57:46.757000,2020-09-25 04:57:47.581000
c6kcdvxpfptu6v3w,failed,not_found,188,461453F94FA0E3CBB011685E22CDAFD2AF0DFDC3,97151BC6EB9D63C26A672D955EB6D66E3CCB9B9C,D1C60F9BCF2DBA07A775978F66C9927D3A9490BB,6FB20BB05A841CDDB308E85A4D117FCFC911F5EA,2020-09-25 04:57:47.581000,2020-09-25 04:57:52.398000
r2k43fuecqmu73gk,failed,not_found,18,461453F94FA0E3CBB011685E22CDAFD2AF0DFDC3,303509AB910EF207B7438C27435C4A2FD579F1B1,76D2EBA82BBCCA3DF9F254A9A8372A10A26F3D14,88F5FD94C520B22A1A5B98EC20003F046ED601DD,2020-09-25 04:57:42.049000,2020-09-25 04:57:43.202000
r2k43fuecqmu73gk,failed,not_found,23,461453F94FA0E3CBB011685E22CDAFD2AF0DFDC3,75D77007F098513C70773B5EC46159DD41F2F7ED,81E18725397D620DA548ABBE24D9CD263DEF2FDC,2E414CD28823B5AEB51FD172AA0EE3E9EB9BCA90,2020-09-25 04:57:43.202000,2020-09-25 04:57:43.982000
r2k43fuecqmu73gk,failed,not_found,40,461453F94FA0E3CBB011685E22CDAFD2AF0DFDC3,61B8BDC91AA7BC9A05EB5A3D652FFF88C98E6911,8DBEF8D824437770261B4C7453F2815DB7FC9165,2E44E8EB8C7711C1157BD8025F07165CFF8FA2B6,2020-09-25 04:57:43.983000,2020-09-25 04:57:45.088000
r2k43fuecqmu73gk,failed,not_found,60,461453F94FA0E3CBB011685E22CDAFD2AF0DFDC3,4E81EA3528D6FB79B10B0F11C6FC96CE1C060021,8358BDDA9C9A680B4E3A2809E5C24F5B3624D5C2,2E12778C3FBE28C9E9C8AC6A76FF4509DC41599B,2020-09-25 04:57:45.089000,2020-09-25 04:57:45.799000
r2k43fuecqmu73gk,failed,not_found,70,461453F94FA0E3CBB011685E22CDAFD2AF0DFDC3,72A33E374DE5AD1E617394896F0FD8B092D3E7C4,DFF9E741D00F74998FE83CD6260EE4D9E0B0DBFA,88E2D25A66ED63030F25819F4ADB7D1AF0E5BD77,2020-09-25 04:57:45.800000,2020-09-25 04:57:46.821000
r2k43fuecqmu73gk,failed,not_found,89,461453F94FA0E3CBB011685E22CDAFD2AF0DFDC3,FFA72BD683BC2FCF988356E6BEC1E490F313FB07,58F3E2956EABB81F673E2FB90E16E001DB4AC3AE,88DF5D708E931C431902AAABEA981E7951E00085,2020-09-25 04:57:46.821000,2020-09-25 04:57:47.771000
rvorvu7rcsurivk2,failed,not_found,19,461453F94FA0E3CBB011685E22CDAFD2AF0DFDC3,B74DABBE248B935CDC1038CD5C9280878C8C94E7,F3F3F4900B87CF4A6B4A7F9402502FC457B7B1FC,05AD6F4906142276C606558C9C3B8876B43CD90F,2020-09-25 04:57:42.070000,2020-09-25 04:57:43.066000
rvorvu7rcsurivk2,failed,not_found,31,461453F94FA0E3CBB011685E22CDAFD2AF0DFDC3,3239007CE1FB2ECDFDF2067DF23B949295DC5EF6,C0804913BB431D64E0621E5BCE5DA97D624CACD1,39AB354F12B497FCD443B85BEAB5BAF4B391CFAC,2020-09-25 04:57:43.066000,2020-09-25 04:57:44.691000
rvorvu7rcsurivk2,failed,not_found,51,461453F94FA0E3CBB011685E22CDAFD2AF0DFDC3,484A10BA2B8D48A5F0216674C8DD50EF27BC32F3,489606DA64FD4B68A76C49386298695E6C30B5E2,39A551CD188151147DC4D19523D06A09B5287C29,2020-09-25 04:57:44.691000,2020-09-25 04:57:45.837000
rvorvu7rcsurivk2,failed,not_found,71,461453F94FA0E3CBB011685E22CDAFD2AF0DFDC3,4B351545DD58473F36B0A20E5500AC6ED51E8CD5,022A5535F42B1A9F9AA755C4EAB5F36FEF9781D8,05C383DC813C464B7132569722BE5243A9FF735C,2020-09-25 04:57:45.838000,2020-09-25 04:57:47.160000
rvorvu7rcsurivk2,failed,not_found,99,461453F94FA0E3CBB011685E22CDAFD2AF0DFDC3,D87698D8E2276C7E93D531B7C2A1B27D58C71876,2F26D43258285FEB39E4320888DFAFA8A0D20E11,399B6E76080F8677D08B626CFFA7AB7ACB974D3E,2020-09-25 04:57:47.160000,2020-09-25 04:57:48.217000
rvorvu7rcsurivk2,failed,not_found,119,461453F94FA0E3CBB011685E22CDAFD2AF0DFDC3,D245C3E824456945C6759599CB8A0547135A066D,ED36124515F71E2E2401D70D9EFC3CAEB08D611B,05B451C0562FDE23307AFA84FD6A37652E615233,2020-09-25 04:57:48.218000,2020-09-25 04:57:49.845000
3fqewk5wg7mipasc,failed,not_found,20,461453F94FA0E3CBB011685E22CDAFD2AF0DFDC3,9E1E4F5B5F94812D02C4D18CB4086CE71CA5C614,39CF2F22E5018C01FD57DEB1AB8FDFA4592633FB,22A3E5C3A74CC41D21E90F14862D3FAA9F41506C,2020-09-25 04:57:42.070000,2020-09-25 04:57:43.046000
3fqewk5wg7mipasc,failed,not_found,30,461453F94FA0E3CBB011685E22CDAFD2AF0DFDC3,4856C97DC4F2271BC896DF9CABD217EE2D869D68,61FA7E7C766577D76EBABF19330993DEFA8AF3C3,229D865D7AC084D30E5F5016CE5A8C21740F74F4,2020-09-25 04:57:43.046000,2020-09-25 04:57:43.837000
3fqewk5wg7mipasc,failed,not_found,37,461453F94FA0E3CBB011685E22CDAFD2AF0DFDC3,945AA2F6C2EC644B533D048C79E035A6CF092C4F,0C3D5E19E3C75B505C8ACD26F89DCA2DF970553E,22775B953E662151549C114CB8EE5FBDBCBDAD02,2020-09-25 04:57:43.838000,2020-09-25 04:57:44.639000
3fqewk5wg7mipasc,failed,not_found,49,461453F94FA0E3CBB011685E22CDAFD2AF0DFDC3,844AE9CAD04325E955E2BE1521563B79FE7094B7,16DB78459B845F4E728405EB694E32929E2B318A,18671DE5092C67883BFB2450C3267B92618BEC66,2020-09-25 04:57:44.640000,2020-09-25 04:57:45.528000
3fqewk5wg7mipasc,failed,not_found,66,461453F94FA0E3CBB011685E22CDAFD2AF0DFDC3,62468408C3D5E66141C59A6381E969B25F1ADBC5,B198C0B4B8C551F174FBB841A172616E3DB3124D,185F2A57B0C4620582602761097D17DB81654F70,2020-09-25 04:57:45.528000,2020-09-25 04:57:46.509000
3fqewk5wg7mipasc,failed,not_found,84,461453F94FA0E3CBB011685E22CDAFD2AF0DFDC3,02758CD398E3F842EF82478078AAAE0273770DB2,7F04E089C6BED83E04FB2AE196BDE34B808094F5,18AE6D2FF062CACFD9F7E5942DE71787021B10B8,2020-09-25 04:57:46.510000,2020-09-25 04:57:47.927000
6bdylzr2b7dpuahx,failed,not_found,21,461453F94FA0E3CBB011685E22CDAFD2AF0DFDC3,C239952D0C8E4EABC3E6B0A8E0B623689174E3C6,BF0FB582E37F738CD33C3651125F2772705BB8E8,4CA64E677ECFF23B138CFE70A6A02E94BDF3A805,2020-09-25 04:57:42.071000,2020-09-25 04:57:42.875000
6bdylzr2b7dpuahx,failed,not_found,24,461453F94FA0E3CBB011685E22CDAFD2AF0DFDC3,B86BE002D4D6F3E2999E8EEAC9B72CAA796944BE,87B529BCF6B52BE28BBB22EC4AA702F9AE42D551,4CA782CE00ADBCDDB93DE3FCACF84445353D7772,2020-09-25 04:57:42.876000,2020-09-25 04:57:44.324000
6bdylzr2b7dpuahx,failed,not_found,46,461453F94FA0E3CBB011685E22CDAFD2AF0DFDC3,AB2DDDA35F3F2D6B9EF654053E192F04850A569A,9288B75B5FF8861EFF32A6BE8825CC38A4F9F8C2,8BE58BA7A28DC6B4F211CE8EE86783B85133488D,2020-09-25 04:57:44.325000,2020-09-25 04:57:46.223000
6bdylzr2b7dpuahx,failed,not_found,80,461453F94FA0E3CBB011685E22CDAFD2AF0DFDC3,A2C6C931D8627C6605288970889DDB88C7BA2142,CC09DFB016081AD50686DAC96440BB2D6F343251,4C8B019E2B132FDD831419E13F59E7B7FA80476A,2020-09-25 04:57:46.223000,2020-09-25 04:57:47.238000
6bdylzr2b7dpuahx,failed,not_found,86,461453F94FA0E3CBB011685E22CDAFD2AF0DFDC3,6F1F13BF7774A849849F2EDF76FBE6022C6D4C1A,029E107A59D2B4FEBD06A6115167BD6D048D9C0A,8BE79CE3261C027CE94F84D6CBE45F03BE9B8B59,2020-09-25 04:57:47.238000,2020-09-25 04:57:47.959000
6bdylzr2b7dpuahx,failed,not_found,112,461453F94FA0E3CBB011685E22CDAFD2AF0DFDC3,1188DC549FDF5E8054E1FE8C789A632CD1872F7E,5790B62AD6C79A1092B30993A8F0F7F23A969FD6,8C00FA7369A7A308F6A137600F0FA07990D9D451,2020-09-25 04:57:47.960000,2020-09-25 04:57:48.943000
yrv7twu7fwyesf7j,failed,not_found,22,461453F94FA0E3CBB011685E22CDAFD2AF0DFDC3,C49A177510CAA653DA6727BF0E07FB7F56A0F09D,0F6E56C326DC9719942E8BBA58C22F71332DA891,90BF7147B422A1BABEFA503656EBD17987424441,2020-09-25 04:57:42.077000,2020-09-25 04:57:42.992000
yrv7twu7fwyesf7j,failed,not_found,27,461453F94FA0E3CBB011685E22CDAFD2AF0DFDC3,484F666C491BCDE22B45E0E19D1CEA5ACC5A9611,2CE9BE1FC88B9D0FA03F387C9E4F000B5D4B2AE9,E2D9035061E3D133B2CA4DA3383AEAACCC0733E1,2020-09-25 04:57:42.992000,2020-09-25 04:57:44.066000
yrv7twu7fwyesf7j,failed,not_found,45,461453F94FA0E3CBB011685E22CDAFD2AF0DFDC3,3A51E32A303A0E0A3AB8AA1CCBE98FF8791E2341,901C2689FDABE7165AB7AC4E8231F12A2674916E,E2CF09F998248C71139B24B2C92740AEDB1C6D2A,2020-09-25 04:57:44.066000,2020-09-25 04:57:45.231000
yrv7twu7fwyesf7j,failed,not_found,61,461453F94FA0E3CBB011685E22CDAFD2AF0DFDC3,23A2D8DDF761F35CC63BDF65E604B76A7E2F6971,6565F31D9EC0C7DFFEA1920BE3BA4C73EF35B5C4,E300CEE2255A22B3DF52E798A3237D53AFAEC2F3,2020-09-25 04:57:45.231000,2020-09-25 04:57:46.919000
yrv7twu7fwyesf7j,failed,not_found,91,461453F94FA0E3CBB011685E22CDAFD2AF0DFDC3,39157328C19734ACD46BC6CD247F5E673D9EE9C8,90A40EAF6090BD260237BDFE9391A2EFF35E8733,90A5D1355C4B5840E950EB61E673863A6AE3ACA1,2020-09-25 04:57:46.919000,2020-09-25 04:57:48.303000
yrv7twu7fwyesf7j,failed,not_found,121,461453F94FA0E3CBB011685E22CDAFD2AF0DFDC3,88F5FD94C520B22A1A5B98EC20003F046ED601DD,9B047A91AC809AA020A1F42E3E785DBCEBF3652F,90B64F9E18B59AF322EBD28B8F8CD65C53E10CE1,2020-09-25 04:57:48.304000,2020-09-25 04:57:49.177000
meua3tja7un63qhs,failed,not_found,25,461453F94FA0E3CBB011685E22CDAFD2AF0DFDC3,F6CD4DBF5850AC4386DD9A424918AD3C6BA2716F,1034775A01EA629979D0A601EC85FDF2F584CC45,5475E1C23C16B6FEFC2C56FA20FF674726D7FE26,2020-09-25 04:57:42.974000,2020-09-25 04:57:43.748000
meua3tja7un63qhs,failed,not_found,36,461453F94FA0E3CBB011685E22CDAFD2AF0DFDC3,E68CC9C2E262E01C4C71C8F66F07517B0AB5E245,0C6D3655763B1A3A60FC42135CD60765AFE953BA,547C1CDB516798EC66A01F04A5884DCE1A151919,2020-09-25 04:57:43.749000,2020-09-25 04:57:44.827000
meua3tja7un63qhs,failed,not_found,54,461453F94FA0E3CBB011685E22CDAFD2AF0DFDC3,AB10D5040BCBBA912FA448B8CF2A653DC8ACDC2C,A3AFBDEE30238E44899C9F8B7666D12B09C8EE32,546E52A979FB0FBBDF1DDF360FB20AA03D22AACE,2020-09-25 04:57:44.829000,2020-09-25 04:57:45.739000
meua3tja7un63qhs,failed,not_found,68,461453F94FA0E3CBB011685E22CDAFD2AF0DFDC3,D60C2D85EAD93D23F1C00874D334BBF8A96CD529,6E4B0D429CD87AB6C25D72E298294C583FF8BA4A,36D68478366CB8627866757EBCE7FB3C17FC1CB8,2020-09-25 04:57:45.739000,2020-09-25 04:57:46.733000
meua3tja7un63qhs,failed,not_found,87,461453F94FA0E3CBB011685E22CDAFD2AF0DFDC3,3D615DEF97F387631F50201FAFA6E7B67FDF3FEF,277F5717A62B3A728C98B3168E484BC08B4997E3,36EE8D47E570B8D5515460A9972F3CFD9EDFDFCE,2020-09-25 04:57:46.734000,2020-09-25 04:57:47.582000
meua3tja7un63qhs,failed,not_found,103,461453F94FA0E3CBB011685E22CDAFD2AF0DFDC3,DA8D76F5F5819693B5C96F499BA19F7404014769,1B91B86B67317A63636FE38ABE6C4E701A2B1A99,370B15E4932CF76C7ACB9B240A960C20267C2430,2020-09-25 04:57:47.582000,2020-09-25 04:57:48.815000
dnokstatw2gw2pnw,failed,not_found,26,461453F94FA0E3CBB011685E22CDAFD2AF0DFDC3,20462CBA5DA4C2D963567D17D0B7249718114A68,3F3E911D64F8DED71208D614782ABED41F4D7A0D,A3D264895F685D16FC834D0685A094AE622F2206,2020-09-25 04:57:42.984000,2020-09-25 04:57:44.009000
dnokstatw2gw2pnw,failed,not_found,42,461453F94FA0E3CBB011685E22CDAFD2AF0DFDC3,5856DB884578915E7C7A0B7B11E4145B1D2A4E2B,9781B0EE81E95941073AFA37542B36ED71018D49,A2415E2FEF1972055EC0CBDF688717DF4C453AED,2020-09-25 04:57:44.010000,2020-09-25 04:57:45.370000
dnokstatw2gw2pnw,failed,not_found,75,461453F94FA0E3CBB011685E22CDAFD2AF0DFDC3,0B58A95E539FFA6C05C010F5C1DA35FB8038E3A8,474648D2DFC1C060A5CA74C8A5976807B7FB5FE0,A3E7A4395E7C1F30692018E4FB0980B103E38488,2020-09-25 04:57:45.370000,2020-09-25 04:57:47.627000
dnokstatw2gw2pnw,failed,not_found,104,461453F94FA0E3CBB011685E22CDAFD2AF0DFDC3,41CEB66108B70108F148BF7778260A87723AACA1,828112B80D28A92311A8C6C7CCF369B316C40744,A24908D1E26872E1715F9901E80FB5FA6EEBEE91,2020-09-25 04:57:47.627000,2020-09-25 04:57:48.362000
dnokstatw2gw2pnw,failed,not_found,123,461453F94FA0E3CBB011685E22CDAFD2AF0DFDC3,90D43CF5541ECF57C1833FED33FFDFF239C4817C,FCC70D3F500C2EA62004137B0137201A93A2B57E,A23A7219B1EA9D583E66DFF26D62573DE64A9C29,2020-09-25 04:57:48.362000,2020-09-25 04:57:50.069000
dnokstatw2gw2pnw,failed,not_found,159,461453F94FA0E3CBB011685E22CDAFD2AF0DFDC3,81E18725397D620DA548ABBE24D9CD263DEF2FDC,43FF3346A3F8E4ED27F631DC956C4CD8D6173D7A,A40D5345ACA7439DAEA3801C3C473731B68A6E9B,2020-09-25 04:57:50.069000,2020-09-25 04:57:50.929000
h37zzz6gaojbo5uv,failed,not_found,28,461453F94FA0E3CBB011685E22CDAFD2AF0DFDC3,92429BB4B6FE1B166AE0347D03B3DC3ACF578BCC,410118E874D2263F1CDCD567F81875A8E38B2B3C,65BBE89EF47A0440A72402C40645C9315ADD55F8,2020-09-25 04:57:43,2020-09-25 04:57:44.149000
h37zzz6gaojbo5uv,failed,not_found,35,461453F94FA0E3CBB011685E22CDAFD2AF0DFDC3,BE9B12FAAB7429842D643E2308390ECD8961E0A1,8358BDDA9C9A680B4E3A2809E5C24F5B3624D5C2,698B8708CF4EA02D27CA09274F3351B4F66A5834,2020-09-25 04:57:44.150000,2020-09-25 04:57:44.638000
h37zzz6gaojbo5uv,failed,not_found,48,461453F94FA0E3CBB011685E22CDAFD2AF0DFDC3,049852A10805835E9AB2C551D6C438BE6DE8B24C,16FD7E5D67B7054EE4E7FDDF04AFB48216CA640A,699388030AFC5C110822C85DE97A51545B192987,2020-09-25 04:57:44.639000,2020-09-25 04:57:45.483000
h37zzz6gaojbo5uv,failed,not_found,64,461453F94FA0E3CBB011685E22CDAFD2AF0DFDC3,21310F48066A4CAADEB2BFD324F0B38F8E1448D6,7C1BEFB5D6897981ECE52817A2D3B702A9EB30D9,69B53A5AE5025DA8947F7C32F69CA90375ED2A4E,2020-09-25 04:57:45.483000,2020-09-25 04:57:46.340000
h37zzz6gaojbo5uv,failed,not_found,83,461453F94FA0E3CBB011685E22CDAFD2AF0DFDC3,BF0FB582E37F738CD33C3651125F2772705BB8E8,FB016E16B8CD7A0E53DEEF31ED8754E4F6B8E837,65A90AB81C44DD7D9B73B5529B1151798534AF74,2020-09-25 04:57:46.340000,2020-09-25 04:57:47.526000
h37zzz6gaojbo5uv,failed,not_found,101,461453F94FA0E3CBB011685E22CDAFD2AF0DFDC3,F006B0489AF7D6A13CD55A4F14C90593812458F6,638D91FC9EF661348A6994D04C3499BC03F50BBE,65B1E5658FDB9950F9822B90D76C30616898CCC8,2020-09-25 04:57:47.526000,2020-09-25 04:57:48.482000
pkvwdrcqobwhbpmm,failed,not_found,39,461453F94FA0E3CBB011685E22CDAFD2AF0DFDC3,2DF0522DBDFDB583489B59B6D30CF9B4FC12F8AA,045854B3F7B2E2BDE8A128C4A92732F1AF5DDACE,8628D2ACCA1C9BE596DED1DF9D0099BBDB1352B3,2020-09-25 04:57:43.982000,2020-09-25 04:57:46.942000
pkvwdrcqobwhbpmm,failed,not_found,92,461453F94FA0E3CBB011685E22CDAFD2AF0DFDC3,F3936F97C14EFCFD18154DF4443B91FEDD071F47,6D163F649ECBE9DC20F016236EF36D7E1559E98E,D43EF31799FDCE5A235D1E76F4324C00F6804B05,2020-09-25 04:57:46.942000,2020-09-25 04:57:48.078000
pkvwdrcqobwhbpmm,failed,not_found,116,461453F94FA0E3CBB011685E22CDAFD2AF0DFDC3,98BCA63DD82E13A637FF8D0EC28135663DB08CA1,A4E120350425BAD920307FFA74440F95D0172302,D4825DF61F9C8FC64C57CFAE943BF1D705B06ACE,2020-09-25 04:57:48.078000,2020-09-25 04:57:48.940000
pkvwdrcqobwhbpmm,failed,not_found,134,461453F94FA0E3CBB011685E22CDAFD2AF0DFDC3,F117B31DF6A73D6F015BCEE4E6AB13474B18A16F,447A24F3402C4774D89E7AAD2D876D0BF64E3267,D439FC3B5F0A81796F4622320197A90032CAE4DB,2020-09-25 04:57:48.941000,2020-09-25 04:57:50.492000
pkvwdrcqobwhbpmm,failed,not_found,163,461453F94FA0E3CBB011685E22CDAFD2AF0DFDC3,ABC426893B642BDA2F78D7CAE99B251126F89F74,B411027C926A9BFFCF7DA91E3CAF1856A321EFFD,861BCFDD148973985E7FE97C7455C9E4AC4E13BE,2020-09-25 04:57:50.492000,2020-09-25 04:57:51.219000
pkvwdrcqobwhbpmm,failed,not_found,180,461453F94FA0E3CBB011685E22CDAFD2AF0DFDC3,5262556D44A7F2434990FDE1AE7973C67DF49E58,B940AAC942E9929E673C3533F510C5261B50790C,85FB52CF11DC1F7DB0CF16F5F2F5939AA7736A86,2020-09-25 04:57:51.219000,2020-09-25 04:57:52.182000
ztjhmdbx2seb2277,failed,not_found,43,461453F94FA0E3CBB011685E22CDAFD2AF0DFDC3,77FE98445048C5776661BB54AECAA7A11AE85D78,E5CC91BAFE7CCD68003E873D32E38027638D49D7,8EC7FE7F2A1189EB79A07C02FB3F1FD57132E42D,2020-09-25 04:57:44.018000,2020-09-25 04:57:44.829000
ztjhmdbx2seb2277,failed,not_found,55,461453F94FA0E3CBB011685E22CDAFD2AF0DFDC3,435397A34B281D8F31ED3EC388FC692C8D06CEA0,92BBADCB0697F5EB1792C607EE2DC1C291A98ADC,6B13A2C3331FB5F8B37F0AEE9341D5CF1C21F3AD,2020-09-25 04:57:44.829000,2020-09-25 04:57:47.037000
ztjhmdbx2seb2277,failed,not_found,97,461453F94FA0E3CBB011685E22CDAFD2AF0DFDC3,431702B3A68A6015F9955DD4FD0129175B43EA0F,E8BAE7393740A700D50B010DED9D9EC9A66B390D,6B0962E99C62CFDFCAD6D91384B11D499FCE6D46,2020-09-25 04:57:47.038000,2020-09-25 04:57:48.078000
ztjhmdbx2seb2277,failed,not_found,117,461453F94FA0E3CBB011685E22CDAFD2AF0DFDC3,B0DB2F173F0DB364BABF7A465D796B3C048F1F33,A99B0D9E5FD5BC3C8F2D006EC91F8C7F40E09CB8,8EB53B7C8D8E2FF830DA324A05BE8CE954BABC55,2020-09-25 04:57:48.078000,2020-09-25 04:57:48.941000
ztjhmdbx2seb2277,failed,not_found,135,461453F94FA0E3CBB011685E22CDAFD2AF0DFDC3,6532EB51C1EA8B674F4AEFCFA31323AE4C4212E4,8B7C64EC9D8209C142530B3488050B85D55D69D6,6B185DEEB249E4BA6182ECA077530C45E98A6C5F,2020-09-25 04:57:48.942000,2020-09-25 04:57:50.241000
ztjhmdbx2seb2277,failed,not_found,160,461453F94FA0E3CBB011685E22CDAFD2AF0DFDC3,C91102131E6B9CECFC56C4A29ADA4E638D7872F7,38F0B34A86E19A2C65B20F95BFB0CBE40E3165C9,8EB722FA1AE9DDE1914BC21FEA22819D4DE99DB4,2020-09-25 04:57:50.241000,2020-09-25 04:57:51.513000
bnbbuy6dm4tko3rv,failed,not_found,44,461453F94FA0E3CBB011685E22CDAFD2AF0DFDC3,870D9148A25F84C138F72DC647ABC390ED34383B,5CCC3569C67B7F1BB733664D43DF4645F2A4B04D,CF556653E704F7B619E1BBC0AE86A8E2E185A17F,2020-09-25 04:57:44.025000,2020-09-25 04:57:45.148000
bnbbuy6dm4tko3rv,failed,not_found,62,461453F94FA0E3CBB011685E22CDAFD2AF0DFDC3,8EA58F28DCA60F56C6F2131BDFE9BF5FAF2233CE,F4D3FBD1E4918978D1D13604798CECB5EE5C9188,CF1B12AEFB377371A610921CDAA342153FB1A762,2020-09-25 04:57:45.148000,2020-09-25 04:57:46.339000
bnbbuy6dm4tko3rv,failed,not_found,82,461453F94FA0E3CBB011685E22CDAFD2AF0DFDC3,E88F8E72100709E226F22DF6A50365480054ECD2,A56A0120A21557832000D5C68FCD7DE08E82A3B0,375AAFD4E280B95136969E191AF4D9A1FA7C4FD9,2020-09-25 04:57:46.340000,2020-09-25 04:57:47.839000
bnbbuy6dm4tko3rv,failed,not_found,109,461453F94FA0E3CBB011685E22CDAFD2AF0DFDC3,A8503903F97FF27F5D1C3CA38817329F581925E6,E5CC91BAFE7CCD68003E873D32E38027638D49D7,372082F3E01DE6A6333D30329C6903A19D0E8E87,2020-09-25 04:57:47.840000,2020-09-25 04:57:48.786000
bnbbuy6dm4tko3rv,failed,not_found,130,461453F94FA0E3CBB011685E22CDAFD2AF0DFDC3,B4A96C0852DD0841579D33E09A98D641EACCD73E,82ED9AEC94184EC6DD299A5CDB3378B04BB17489,CF4DB0E0480FEB1E8F59C3D774EB9275283D579D,2020-09-25 04:57:48.786000,2020-09-25 04:57:49.916000
bnbbuy6dm4tko3rv,failed,not_found,153,461453F94FA0E3CBB011685E22CDAFD2AF0DFDC3,8ABC4D5F6182C7E79B087D1ED9E5CF652C83E52C,AE95BDA37A5BB4685FEBB7F06649D6CE949B5316,372A38794527887333B52ED1D707609D808C0659,2020-09-25 04:57:49.917000,2020-09-25 04:57:50.750000
ndu6ynu5qau5lvyc,failed,not_found,56,461453F94FA0E3CBB011685E22CDAFD2AF0DFDC3,0006DE2E77E3C3EC5E1825B076E5257FD200ED0A,425835370C1FBE178C21CB53C76672F12BDE091A,7992F172EDBE69B99F0190651BAC14DD0FD9E5C8,2020-09-25 04:57:44.975000,2020-09-25 04:57:46.165000
ndu6ynu5qau5lvyc,failed,not_found,67,461453F94FA0E3CBB011685E22CDAFD2AF0DFDC3,890480E14E634C8B4467C475E355A6FBF3D99CD5,1C0736CF3744A3B87C2D2269B8BD3388C7E60552,798A57B4E129699A521A03E7F72BC0FDEC31F4D6,2020-09-25 04:57:46.166000,2020-09-25 04:57:46.585000
ndu6ynu5qau5lvyc,failed,not_found,85,461453F94FA0E3CBB011685E22CDAFD2AF0DFDC3,624B7391B9790E7CD2AF6A7238239BA3D6928A57,AA7630738F82C4DF26BB8EFF131564DACDEAC64C,7968BB694D05C0337227862CCA2207D66D7AAF10,2020-09-25 04:57:46.586000,2020-09-25 04:57:47.504000
ndu6ynu5qau5lvyc,failed,not_found,100,461453F94FA0E3CBB011685E22CDAFD2AF0DFDC3,5008E49954AC0CA0565FE8AF61D61617212ACBC7,7F5D5A72EE056586F3743751EF90B0FDF42EF9C7,221546DAE86B003139B13BD6F6AE1B4B42B59DF8,2020-09-25 04:57:47.504000,2020-09-25 04:57:48.322000
ndu6ynu5qau5lvyc,failed,not_found,122,461453F94FA0E3CBB011685E22CDAFD2AF0DFDC3,2AA5F598F9A1812F01CD99E3B59BB87362ED7438,FA5F1AB3468F808B2FB05F2155C0481A3532C787,2201444B080E69C8E68217EE2FDA1E3F9CDDFDE6,2020-09-25 04:57:48.322000,2020-09-25 04:57:49.326000
ndu6ynu5qau5lvyc,failed,not_found,142,461453F94FA0E3CBB011685E22CDAFD2AF0DFDC3,BD6FFF1AD5A88A8D43870D43EC4450081B4B2BBA,5D765770B4DB110D88787457978AB4008CF65CAC,221E976B546E60048A01950250399B8534D4E4B7,2020-09-25 04:57:49.327000,2020-09-25 04:57:50.058000
jpxzv4bwk765eqvl,failed,not_found,57,461453F94FA0E3CBB011685E22CDAFD2AF0DFDC3,F24F8BEA2779A79111F33F6832B062BED306B9CB,BE8737597F2E6B4F805893202C935125829A902E,022A5535F42B1A9F9AA755C4EAB5F36FEF9781D8,2020-09-25 04:57:44.984000,2020-09-25 04:57:45.881000
jpxzv4bwk765eqvl,failed,not_found,72,461453F94FA0E3CBB011685E22CDAFD2AF0DFDC3,7C1BEFB5D6897981ECE52817A2D3B702A9EB30D9,B85E6AB2B5F115536B2DA847A3FB99B8A985D437,023EBBC57BEB7F45473B3DC2AA811FB3AABA4466,2020-09-25 04:57:45.881000,2020-09-25 04:57:46.824000
jpxzv4bwk765eqvl,failed,not_found,90,461453F94FA0E3CBB011685E22CDAFD2AF0DFDC3,5C8B811887778DCF705F3D39F19E40A21889451F,0E2EEC125A6AC8D5EBF5DB36B776A3DA5510E7A0,58ED9C9C35E433EE58764D62892B4FFD518A3CD0,2020-09-25 04:57:46.825000,2020-09-25 04:57:47.772000
jpxzv4bwk765eqvl,failed,not_found,108,461453F94FA0E3CBB011685E22CDAFD2AF0DFDC3,5856DB884578915E7C7A0B7B11E4145B1D2A4E2B,A99B0D9E5FD5BC3C8F2D006EC91F8C7F40E09CB8,025B66CEBC070FCB0519D206CF0CF4965C20C96E,2020-09-25 04:57:47.772000,2020-09-25 04:57:48.627000
jpxzv4bwk765eqvl,failed,not_found,126,461453F94FA0E3CBB011685E22CDAFD2AF0DFDC3,01384A5D9C6D34352701BF86D04E5F406CB256AE,855D23C80D1A2C5DCA44EB6BD3D57BE8F88E4F02,58F3E2956EABB81F673E2FB90E16E001DB4AC3AE,2020-09-25 04:57:48.628000,2020-09-25 04:57:49.545000
jpxzv4bwk765eqvl,failed,not_found,144,461453F94FA0E3CBB011685E22CDAFD2AF0DFDC3,F9246DEF2B653807236DA134F2AEAB103D58ABFE,8D41994D1D18E94403C3F67D0699E4C9D2248D4A,58FAB58A7DC8E99B9313F6E488E2140D4BE28416,2020-09-25 04:57:49.545000,2020-09-25 04:57:50.368000
mhh5t7flvp4ga6nc,failed,not_found,58,461453F94FA0E3CBB011685E22CDAFD2AF0DFDC3,29DDD25C8383FDA559D4E0E88F820AB88C26212A,52A022F16D8CDBF019E132F1538A1798F167973A,24592DB1CDA066CDCA41F6403CED661839CDE223,2020-09-25 04:57:44.993000,2020-09-25 04:57:45.799000
mhh5t7flvp4ga6nc,failed,not_found,69,461453F94FA0E3CBB011685E22CDAFD2AF0DFDC3,57DE17E5368653AA53B6EFA4CBEE2F8DEB4314FA,79D110419709C4B3D1F92FC3CE121B5317DBE8B3,2F82D46CE19DC3B1724BD1E5855B3A15CB1DE6A4,2020-09-25 04:57:45.799000,2020-09-25 04:57:47.663000
mhh5t7flvp4ga6nc,failed,not_found,106,461453F94FA0E3CBB011685E22CDAFD2AF0DFDC3,5820D7E2CC290462233845BA807D616494CF0D7D,66BD39FE805AED414ADE400CAAD862C9CC3AC34E,248CE89A310534DF139DF6A36BD87EB4CA237DCF,2020-09-25 04:57:47.664000,2020-09-25 04:57:49.074000
mhh5t7flvp4ga6nc,failed,not_found,129,461453F94FA0E3CBB011685E22CDAFD2AF0DFDC3,3D5D6178C44537E3692853B344385F6572A55767,FB016E16B8CD7A0E53DEEF31ED8754E4F6B8E837,2490CB542EB59E2A028C229DE1986BDB3F94D0B2,2020-09-25 04:57:49.075000,2020-09-25 04:57:49.636000
mhh5t7flvp4ga6nc,failed,not_found,145,461453F94FA0E3CBB011685E22CDAFD2AF0DFDC3,F244C5F5DDE2F29CA1F88E4C9F9FACCC48BCA857,AE95BDA37A5BB4685FEBB7F06649D6CE949B5316,2F8B9500DC98C13FD28CC51E47D3416DE423ED78,2020-09-25 04:57:49.636000,2020-09-25 04:57:50.440000
mhh5t7flvp4ga6nc,failed,not_found,162,461453F94FA0E3CBB011685E22CDAFD2AF0DFDC3,798A57B4E129699A521A03E7F72BC0FDEC31F4D6,EAA823552F959DFD038E9AC8FA89345A738B6C00,2F81DA22A649EBB0CCD20A97527207E2E841F5F6,2020-09-25 04:57:50.441000,2020-09-25 04:57:51.634000
higk2wrjjk66kquc,failed,not_found,76,461453F94FA0E3CBB011685E22CDAFD2AF0DFDC3,2BB85DC5BD3C6F0D81A4F2B5882176C6BF7ECF5A,F6D600CF13B3BBE2A91A0653F1EC9D00E7CB3A6B,062BC90436CC706CF983BD110852E0205F53CC79,2020-09-25 04:57:45.989000,2020-09-25 04:57:47.071000
higk2wrjjk66kquc,failed,not_found,98,461453F94FA0E3CBB011685E22CDAFD2AF0DFDC3,393046812C24A855F669A80F8D8C38789D41EAC8,1AE039EE0B11DB79E4B4B29CBA9F752864A0259E,29DDD25C8383FDA559D4E0E88F820AB88C26212A,2020-09-25 04:57:47.072000,2020-09-25 04:57:47.926000
higk2wrjjk66kquc,failed,not_found,111,461453F94FA0E3CBB011685E22CDAFD2AF0DFDC3,63540827C4832D214984EA47B7A68C593F9F862F,E1DE607E31C2C0FB6F8FC959BF7B58CE35D95990,061E017AC8FB0EAF3A8915A920EFB9AC201CA3EC,2020-09-25 04:57:47.927000,2020-09-25 04:57:48.671000
higk2wrjjk66kquc,failed,not_found,128,461453F94FA0E3CBB011685E22CDAFD2AF0DFDC3,12D552E8AF7AA2B71B218B5BBF6A5FEFA6F26BA0,4317CB1BED0C6090ABEBB45440A040AD68383CAC,061E0496931D23A81A2B685C9339D36857DD0FA1,2020-09-25 04:57:48.671000,2020-09-25 04:57:49.343000
higk2wrjjk66kquc,failed,not_found,294,461453F94FA0E3CBB011685E22CDAFD2AF0DFDC3,9A48EC8AAFB2E8C9E20408596383DB74F1196747,D12032F45328C06F053921479CF770A208378B9F,29DE7EE0866D4F4340AE0CFD72ADC3519F65461A,2020-09-25 04:57:49.344000,2020-09-25 04:58:01.114000
higk2wrjjk66kquc,failed,not_found,360,461453F94FA0E3CBB011685E22CDAFD2AF0DFDC3,01FF9C8571D1C09FA8D2ACCE727D5530FEC10038,AA34219475E41282095DD3C088009EE562AF14E5,2A0FAD3CA7A190C43D8ED7896727BD426E8C2EFA,2020-09-25 04:58:01.115000,2020-09-25 04:58:02.231000
pyya2k35ujcdysmb,failed,not_found,77,461453F94FA0E3CBB011685E22CDAFD2AF0DFDC3,76F6698A624DD1762A5CACC832460EC9E8A34774,1BB9F857B41ABFB3BE0570F8A86DDCFD198713A2,E19F193179F75B67137D15392C625503D50A4EA3,2020-09-25 04:57:45.999000,2020-09-25 04:57:48.264000
pyya2k35ujcdysmb,failed,not_found,120,461453F94FA0E3CBB011685E22CDAFD2AF0DFDC3,9C1E47FF205F349D69D569AE7ED15366A5554A46,63DE54637F349FD686CF1C036827B5BE826B9F7C,E1B54925C59ECE813269B9A3309B7A5EB57E9B98,2020-09-25 04:57:48.264000,2020-09-25 04:57:49.049000
pyya2k35ujcdysmb,failed,not_found,139,461453F94FA0E3CBB011685E22CDAFD2AF0DFDC3,B56B9FE93F83B4FA69234B17A060E8A8E7446D19,BFB14B9ADF1F19E59258CAE7FCDBAAC9937B7B10,5AD3FB658E490BAD9515F363374AA41D65D31A02,2020-09-25 04:57:49.049000,2020-09-25 04:57:50.023000
pyya2k35ujcdysmb,failed,not_found,157,461453F94FA0E3CBB011685E22CDAFD2AF0DFDC3,82ED9AEC94184EC6DD299A5CDB3378B04BB17489,B058FBDEA69774C28EAC1111E167BC0AD4A904E0,E1BAB4F5B0E9D7891DCD9790C8F186D81728348F,2020-09-25 04:57:50.024000,2020-09-25 04:57:50.788000
pyya2k35ujcdysmb,failed,not_found,171,461453F94FA0E3CBB011685E22CDAFD2AF0DFDC3,8056080EE822B5CA1A8FFF52B7242A82C5E42FBB,6E4B0D429CD87AB6C25D72E298294C583FF8BA4A,5AE12CAAA489A0739F56E79CC287526FAB55A6FB,2020-09-25 04:57:50.788000,2020-09-25 04:57:51.696000
pyya2k35ujcdysmb,failed,not_found,187,461453F94FA0E3CBB011685E22CDAFD2AF0DFDC3,AE95BDA37A5BB4685FEBB7F06649D6CE949B5316,E37322752F135A344FA33E17F4AFA74C27A687E6,5ADA85FC78D694F57ADBDCDF3EA7CC39CA552A85,2020-09-25 04:57:51.697000,2020-09-25 04:57:53.410000
l5oq6foijccdj3di,failed,not_found,78,461453F94FA0E3CBB011685E22CDAFD2AF0DFDC3,A6C983C2F7EEADD55CE9169E540EBD95423FC260,5FB384605F53DCBF1CB02143D318DA3E8EE38A24,046F2D59A85FAE693676A87533717C57436261C2,2020-09-25 04:57:46.008000,2020-09-25 04:57:46.942000
l5oq6foijccdj3di,failed,not_found,93,461453F94FA0E3CBB011685E22CDAFD2AF0DFDC3,070229A4CC2CFFB24EB667298A7DB5E8D11EB701,021DDCD687FD505B7EA7E75DA6CEF0D778AA07FB,6136AA93127F01CEF039273CBEF75F6842994100,2020-09-25 04:57:46.942000,2020-09-25 04:57:47.638000
l5oq6foijccdj3di,failed,not_found,105,461453F94FA0E3CBB011685E22CDAFD2AF0DFDC3,4FDDFAD51B24DDABB62FB59071F4DC421E76C685,B34A34E1B206DBB9B6213FF70644B9306C9E7A12,6117337636B8CB979F09B67530477DFFCA61BF88,2020-09-25 04:57:47.639000,2020-09-25 04:57:48.627000
l5oq6foijccdj3di,failed,not_found,125,461453F94FA0E3CBB011685E22CDAFD2AF0DFDC3,081C9DF6A615A300B382C004DFE2CC37B561C9A0,42D47C736518BFA495CA31AEE40AE468F0BDA2A6,0451F142D2EF187FABB9A9A17725DA6C51BA3978,2020-09-25 04:57:48.627000,2020-09-25 04:57:49.832000
l5oq6foijccdj3di,failed,not_found,152,461453F94FA0E3CBB011685E22CDAFD2AF0DFDC3,96E0D19D735D47039844EA83372183BB606F87B4,3239007CE1FB2ECDFDF2067DF23B949295DC5EF6,6118DDB580EEDD6FE5F8D3CC0DF1EE17D8A2A4C6,2020-09-25 04:57:49.833000,2020-09-25 04:57:51.238000
l5oq6foijccdj3di,failed,not_found,252,461453F94FA0E3CBB011685E22CDAFD2AF0DFDC3,9C4DAED4759AA66D0E93EB27093BD21CFE2C2271,8358BDDA9C9A680B4E3A2809E5C24F5B3624D5C2,0485027A0A349D454D978F6C1CECDD29EA17769A,2020-09-25 04:57:51.239000,2020-09-25 04:57:56.643000
hmf5c6uivdylcwb5,failed,not_found,94,461453F94FA0E3CBB011685E22CDAFD2AF0DFDC3,FE857C3043412FD5454ED5FEF55C4C572E5B70CF,968CB7DA0C56E66F22B78CBA0562FE132939D8BF,221E976B546E60048A01950250399B8534D4E4B7,2020-09-25 04:57:46.981000,2020-09-25 04:57:48.143000
hmf5c6uivdylcwb5,failed,not_found,107,461453F94FA0E3CBB011685E22CDAFD2AF0DFDC3,1A2B77AD0A742CD804B9DD747E2DD8E38D06C915,A2C6C931D8627C6605288970889DDB88C7BA2142,2201444B080E69C8E68217EE2FDA1E3F9CDDFDE6,2020-09-25 04:57:48.144000,2020-09-25 04:57:48.598000
hmf5c6uivdylcwb5,failed,not_found,124,461453F94FA0E3CBB011685E22CDAFD2AF0DFDC3,1D702DA43D588FE9D308D3879A6F5E61BB2ECCFA,E1468D867FA3230EC1DACFCA87A800BAF22E79E0,93F4DAF4F0DE5E6867CE20A0F9C7C059834DACAE,2020-09-25 04:57:48.598000,2020-09-25 04:57:49.239000
hmf5c6uivdylcwb5,failed,not_found,141,461453F94FA0E3CBB011685E22CDAFD2AF0DFDC3,DC1B98C6BEC07E442FB53E01229000A98531BC6E,A1FEE8537C847D330F1F7F592BE24360C5D6051F,93FFDC0C36C316208AC6291DE754D733B4D88A13,2020-09-25 04:57:49.240000,2020-09-25 04:57:50.492000
hmf5c6uivdylcwb5,failed,not_found,164,461453F94FA0E3CBB011685E22CDAFD2AF0DFDC3,E5CC91BAFE7CCD68003E873D32E38027638D49D7,F9674F45A25CAA977E7B872807E0A070C121F5FA,221546DAE86B003139B13BD6F6AE1B4B42B59DF8,2020-09-25 04:57:50.493000,2020-09-25 04:57:51.171000
hmf5c6uivdylcwb5,failed,not_found,179,461453F94FA0E3CBB011685E22CDAFD2AF0DFDC3,509EAB4C5D10C9A9A24B4EA0CE402C047A2D64E6,E5A3CA10182C35F691BCF678F193D10F4B0F972F,93F97B76A7D0F0947C4C75AC62017E45BBFE6C08,2020-09-25 04:57:51.172000,2020-09-25 04:57:52.061000
xp343vuosuce55d2,failed,not_found,95,461453F94FA0E3CBB011685E22CDAFD2AF0DFDC3,438F3EA4C9FB0DB63F5377A3271AB5435FAD7E04,9B2BC7EFD661072AFADC533BE8DCF1C19D8C2DCC,35B503FB546815CC9EDE91022555B5D0ED04E389,2020-09-25 04:57:46.993000,2020-09-25 04:57:47.885000
xp343vuosuce55d2,failed,not_found,110,461453F94FA0E3CBB011685E22CDAFD2AF0DFDC3,B22C4BF9747DBBC843F1BBBA272FDB7B6045EB01,BF0FB582E37F738CD33C3651125F2772705BB8E8,35DBE43445BB44D817084200BA05E8A0573EDFD4,2020-09-25 04:57:47.885000,2020-09-25 04:57:48.671000
xp343vuosuce55d2,failed,not_found,127,461453F94FA0E3CBB011685E22CDAFD2AF0DFDC3,36EFABA1FFE1D0246B36C141F9226F4F09B8951C,84F0FEBFDFA8FBC6A2EA27F87EBB31F050AFD04D,35C23F6F5F7236061086AF1BDA9E4131314504FE,2020-09-25 04:57:48.671000,2020-09-25 04:57:50.057000
xp343vuosuce55d2,failed,not_found,158,461453F94FA0E3CBB011685E22CDAFD2AF0DFDC3,38EF2FCFE72C49C634FE082D6CAB5D8F423B4626,F8D27B163B9247B232A2EEE68DD8B698695C28DE,D89267FB10BF625D31FF7687AF7D12B03BBF757C,2020-09-25 04:57:50.057000,2020-09-25 04:57:51.042000
xp343vuosuce55d2,failed,not_found,178,461453F94FA0E3CBB011685E22CDAFD2AF0DFDC3,AC330D98115D6DA8A82E24469BFB03A5B365AB56,733CB01BFBABADA6AC5C363C4449D7D563C794C1,D84F6589F8FF75C8A8AE50716DBE7BBA36BDC1F0,2020-09-25 04:57:51.042000,2020-09-25 04:57:51.806000
xp343vuosuce55d2,failed,not_found,192,461453F94FA0E3CBB011685E22CDAFD2AF0DFDC3,A20CB2416BDECC60B681FEE20113361DB7DDE5DB,B778066DAD76D6EEA7D0D31A82F168A84C0D7955,D8733048FC8EC9102466AD8F3098622BF1BF71FD,2020-09-25 04:57:51.806000,2020-09-25 04:57:52.761000
vvamqqxawnzgrpjv,failed,not_found,96,461453F94FA0E3CBB011685E22CDAFD2AF0DFDC3,7CA5DD27BAA6DCDDD537CE8CB5E11E63642F48F1,1A020A414D8AB25F54415C8C1E75A5562A9DD9A6,4CA782CE00ADBCDDB93DE3FCACF84445353D7772,2020-09-25 04:57:47.001000,2020-09-25 04:57:49.167000
vvamqqxawnzgrpjv,failed,not_found,140,461453F94FA0E3CBB011685E22CDAFD2AF0DFDC3,6FB20BB05A841CDDB308E85A4D117FCFC911F5EA,1C79D5A473214714A761C0A40DD2D5B031F7E980,4C8B019E2B132FDD831419E13F59E7B7FA80476A,2020-09-25 04:57:49.167000,2020-09-25 04:57:50.348000
vvamqqxawnzgrpjv,failed,not_found,161,461453F94FA0E3CBB011685E22CDAFD2AF0DFDC3,9127D95DAA81291F26BE45B1A73E2F1145887B94,1079E628FC6B0025656AC024F2D9975C441498CD,4CA64E677ECFF23B138CFE70A6A02E94BDF3A805,2020-09-25 04:57:50.349000,2020-09-25 04:57:51.383000
vvamqqxawnzgrpjv,failed,not_found,183,461453F94FA0E3CBB011685E22CDAFD2AF0DFDC3,F959CBDE3403ED478355F6281B96D476684F416C,FBC2856A48705F3ED17E504F8FC89EC6433ED25D,A171F8332AA037A2855C390488F8EFDFD438AAE6,2020-09-25 04:57:51.384000,2020-09-25 04:57:53.759000
vvamqqxawnzgrpjv,failed,not_found,227,461453F94FA0E3CBB011685E22CDAFD2AF0DFDC3,D9F061CC5EE68CC916586CF8522E73FFB8848C3F,B55936939AE2D18010E70C2E83604465791731A6,A1688972E4AA4F24C4C9AA2372CD387B82834C40,2020-09-25 04:57:53.759000,2020-09-25 04:57:56.035000
vvamqqxawnzgrpjv,failed,not_found,265,461453F94FA0E3CBB011685E22CDAFD2AF0DFDC3,04C3468BE24740347CBCC00534C940DBCBCABC82,55E1E19071A6DD27F7C16AC3BE494C5891E1E414,A1699AF5D7E0294E45D42FFA697F762BA26340E9,2020-09-25 04:57:56.036000,2020-09-25 04:57:56.799000
733m4nouklfcu6x7,failed,not_found,113,461453F94FA0E3CBB011685E22CDAFD2AF0DFDC3,C3ACB0492A644E27A549BC3CDF3B7A129186E3BF,64A0B5722613DDFC2EB84897C550FBF4A096DE0D,6F1F74A4038660B39189EFFF0A1261D54339BBB5,2020-09-25 04:57:47.978000,2020-09-25 04:57:48.867000
733m4nouklfcu6x7,failed,not_found,132,461453F94FA0E3CBB011685E22CDAFD2AF0DFDC3,3970FA79EC2752446D668ECD575354101C5E29AA,58F3E2956EABB81F673E2FB90E16E001DB4AC3AE,6F1F13BF7774A849849F2EDF76FBE6022C6D4C1A,2020-09-25 04:57:48.867000,2020-09-25 04:57:50.140000
733m4nouklfcu6x7,failed,not_found,146,461453F94FA0E3CBB011685E22CDAFD2AF0DFDC3,2BAF092E8667C00CA3D9686C76D8EC3CC6BC7C5B,55580D71B317A072F4A4DCF6EA4EDB015734AEE7,6F1A2314C4A1ADEDFB7D419B6BB10D7BC40119F6,2020-09-25 04:57:50.141000,2020-09-25 04:57:51.030000
733m4nouklfcu6x7,failed,not_found,177,461453F94FA0E3CBB011685E22CDAFD2AF0DFDC3,8B64F593CAC2ED05C0FA703AEF50FF71925B569C,DAD19570682F47FB775B263330BD62B7BF0DEEA8,803FB98BA0FE1709C087E9138CC6096F22083CA5,2020-09-25 04:57:51.031000,2020-09-25 04:57:52.527000
733m4nouklfcu6x7,failed,not_found,202,461453F94FA0E3CBB011685E22CDAFD2AF0DFDC3,C7273E54DC970FD18543F521DA883C823BE4AF01,4B483F57D9660EBF33FA3CCA670FFD1BBB0F315A,8054F105829438B029E7265BB1070F9258705112,2020-09-25 04:57:52.528000,2020-09-25 04:57:53.509000
733m4nouklfcu6x7,failed,not_found,219,461453F94FA0E3CBB011685E22CDAFD2AF0DFDC3,9EFF16EA25FF27BC438A3FBF23C5315E576467AF,CCBB2D86A63075F4A2B799A36EF0338F488B0F14,8049F8C058587A66246E8A93A56957CE29165F72,2020-09-25 04:57:53.509000,2020-09-25 04:57:55.022000
2im2cmoyc25kg4zm,failed,not_found,114,461453F94FA0E3CBB011685E22CDAFD2AF0DFDC3,1F5D00297D1B9FCC09CCDE62CA1043E3621FA973,FC30F566E7B50D9C6ED6BB86DA4BF4B07AD52DE5,4AC4F120C119C72356BC9C33BF14E26D2BF052D4,2020-09-25 04:57:47.996000,2020-09-25 04:57:48.878000
2im2cmoyc25kg4zm,failed,not_found,133,461453F94FA0E3CBB011685E22CDAFD2AF0DFDC3,C5F214F7F9CCBF09324C9AA032760150243A196C,901C2689FDABE7165AB7AC4E8231F12A2674916E,4AD0B40B0FC679CC300F398BCEBE9D000833F62C,2020-09-25 04:57:48.878000,2020-09-25 04:57:49.751000
2im2cmoyc25kg4zm,failed,not_found,148,461453F94FA0E3CBB011685E22CDAFD2AF0DFDC3,63BF46A63F9C21FD315CD061B3EAA3EB05283A0A,3E04505D362AA324E6E4E1C8516CCD9EF4D41B9C,4AD9C116A1942D58A714433CA24F087F18036A7E,2020-09-25 04:57:49.752000,2020-09-25 04:57:50.570000
2im2cmoyc25kg4zm,failed,not_found,165,461453F94FA0E3CBB011685E22CDAFD2AF0DFDC3,C2B45199FC6F98E21BFAFE0833348F288FA337E3,9EA65D1BB607ADA4B9A6B2A58BAA2C960DF8BDEA,A69221A7EC7498D2F88A0FB795261013FA36CAAE,2020-09-25 04:57:50.571000,2020-09-25 04:57:51.553000
2im2cmoyc25kg4zm,failed,not_found,185,461453F94FA0E3CBB011685E22CDAFD2AF0DFDC3,EF1A9BE231A6C3AC94B9E2BFC86990B16C923A45,E013D74009BC7D03CD4BAFAD011CFBB93C63563C,A68D02474552FA8A1B2332F8E4D64F7A25C8CF0F,2020-09-25 04:57:51.554000,2020-09-25 04:57:52.475000
2im2cmoyc25kg4zm,failed,not_found,201,461453F94FA0E3CBB011685E22CDAFD2AF0DFDC3,12779DC4CCBB9C0A0AD99679C5F06B3E15A5CC49,1DC17C4A52A458B5C8B1E79157F8665696210E10,A690C6AA8102C027D297AF3401BFE16918CCF7A6,2020-09-25 04:57:52.475000,2020-09-25 04:57:53.942000
4q5tke6cm65ftvt4,failed,not_found,115,461453F94FA0E3CBB011685E22CDAFD2AF0DFDC3,5B1F0DAF378A1FAFCFD5FA9CDC66D1023DC0276E,CD9BFE309010778D64ED5E55D5EEAA92B2020DE8,8EC7FE7F2A1189EB79A07C02FB3F1FD57132E42D,2020-09-25 04:57:48.012000,2020-09-25 04:57:48.795000
4q5tke6cm65ftvt4,failed,not_found,131,461453F94FA0E3CBB011685E22CDAFD2AF0DFDC3,5F0BFF8BF2C7528E41DB149245F4736C75CC7779,8F22AFDD06AA4238ADD93A8EA6FBC2BB9C652711,8EE28EAF0874AF9B03EBBD79B5EB5059E2547355,2020-09-25 04:57:48.796000,2020-09-25 04:57:49.773000
4q5tke6cm65ftvt4,failed,not_found,150,461453F94FA0E3CBB011685E22CDAFD2AF0DFDC3,B93503D458D9FE97DE5C12D211082871D08F1284,FC30F566E7B50D9C6ED6BB86DA4BF4B07AD52DE5,8EE0534532EA31AA5172B1892F53B2F25C76EB02,2020-09-25 04:57:49.773000,2020-09-25 04:57:50.738000
4q5tke6cm65ftvt4,failed,not_found,170,461453F94FA0E3CBB011685E22CDAFD2AF0DFDC3,7044955A4D7B04CF70011D73B467B13CE5E69D41,0512FE6BE9CCA0ED133152E64010B2FBA141EB10,CC4C2CB58527EA1C6421330EF3EFE3344E0D4A9E,2020-09-25 04:57:50.739000,2020-09-25 04:57:51.886000
4q5tke6cm65ftvt4,failed,not_found,196,461453F94FA0E3CBB011685E22CDAFD2AF0DFDC3,64A0B5722613DDFC2EB84897C550FBF4A096DE0D,EDC9D832FBEAF949F610D3F6A55537291B4E8F26,CC4A3AE960E3617F49BF9887B79186C14CBA6813,2020-09-25 04:57:51.887000,2020-09-25 04:57:53.365000
4q5tke6cm65ftvt4,failed,not_found,206,461453F94FA0E3CBB011685E22CDAFD2AF0DFDC3,0C3D5E19E3C75B505C8ACD26F89DCA2DF970553E,A4F11D693FAB6E949B2B7C18153C3F7989896007,CC3E3D891997A8E62D828F71BC48D295E622623A,2020-09-25 04:57:53.365000,2020-09-25 04:57:53.943000
zfmx5m2iaps4df37,failed,not_found,136,461453F94FA0E3CBB011685E22CDAFD2AF0DFDC3,F37374DB9FA6EF14CED64FD294E8D8683F032EC8,FD449127D30D8F5D124653D9EF736EDF4A12B4DC,98BCA63DD82E13A637FF8D0EC28135663DB08CA1,2020-09-25 04:57:48.986000,2020-09-25 04:57:49.729000
zfmx5m2iaps4df37,failed,not_found,147,461453F94FA0E3CBB011685E22CDAFD2AF0DFDC3,2AA5F598F9A1812F01CD99E3B59BB87362ED7438,79D110419709C4B3D1F92FC3CE121B5317DBE8B3,716EE92A2E93ED69113D8F81E98530BA9A30DC31,2020-09-25 04:57:49.729000,2020-09-25 04:57:50.597000
zfmx5m2iaps4df37,failed,not_found,166,461453F94FA0E3CBB011685E22CDAFD2AF0DFDC3,E5CC91BAFE7CCD68003E873D32E38027638D49D7,431702B3A68A6015F9955DD4FD0129175B43EA0F,71539D1911ECB826069A4D156771AC4F9F4632A7,2020-09-25 04:57:50.597000,2020-09-25 04:57:51.251000
zfmx5m2iaps4df37,failed,not_found,184,461453F94FA0E3CBB011685E22CDAFD2AF0DFDC3,9492CC046A0BB01638C2332073AA0600B3F31252,513753D2C4A1246DCC21241C5BE5022CCBD2645C,98E659B5B701076BE433B4723F20A1811739588A,2020-09-25 04:57:51.252000,2020-09-25 04:57:52.361000
zfmx5m2iaps4df37,failed,not_found,200,461453F94FA0E3CBB011685E22CDAFD2AF0DFDC3,90D43CF5541ECF57C1833FED33FFDFF239C4817C,B86137AE9681701901C6720E55C16805B46BD8E3,7158D1E0D9F90F7999ACB3B073DA762C9B2C3275,2020-09-25 04:57:52.362000,2020-09-25 04:57:53.151000
zfmx5m2iaps4df37,failed,not_found,217,461453F94FA0E3CBB011685E22CDAFD2AF0DFDC3,3076FB1CCEB8341322019AD26F69BFC0AA845334,C63110BDD8736D2C2A733FF962F58D58FDE63A2D,98AEF7B834D688773CE2BCC5A32761A4943CF623,2020-09-25 04:57:53.151000,2020-09-25 04:57:53.871000
6jftsbv4rrjiegad,failed,not_found,137,461453F94FA0E3CBB011685E22CDAFD2AF0DFDC3,99339F3E68BCCC1391BF14C821D80766FE0C5956,819C8AFEDAC733315A8F3DB80F043F13090C49F6,12AD30E5D25AA67F519780E2111E611A455FDC89,2020-09-25 04:57:48.997000,2020-09-25 04:57:49.799000
6jftsbv4rrjiegad,failed,not_found,151,461453F94FA0E3CBB011685E22CDAFD2AF0DFDC3,FD449127D30D8F5D124653D9EF736EDF4A12B4DC,DB621E29A90544FF5AC75E5BD0FEE679A6812F44,12CF6DB4DAE106206D6C6B09988E865C0509843B,2020-09-25 04:57:49.800000,2020-09-25 04:57:50.622000
6jftsbv4rrjiegad,failed,not_found,167,461453F94FA0E3CBB011685E22CDAFD2AF0DFDC3,17CDC54BBDBDED0574C04FEE37C4030455C2F28E,75FE5236E67FFA4A44C1152C35EAB36360E4D7DF,12B1A5769D38FF47CF68C2235E1BDA315DF400F2,2020-09-25 04:57:50.623000,2020-09-25 04:57:51.556000
6jftsbv4rrjiegad,failed,not_found,168,461453F94FA0E3CBB011685E22CDAFD2AF0DFDC3,8ADA1AB31B9B49CFFF5A450816053BF4CB72E4AC,DD0C8EEC5CA402A9FA4478F10C31A440F71F6885,CA99E68B7D90A7E981D60350037E7C9991C89ED2,2020-09-25 04:57:51.556000,2020-09-25 04:57:52.843000
6jftsbv4rrjiegad,failed,not_found,210,461453F94FA0E3CBB011685E22CDAFD2AF0DFDC3,7272FA27A7F99E88D59BE2018E3F14FB88BF9786,BAD761187765BC646585D1910D067596770959B5,CA94704217260E7483DA88719CACD7A94C564D5C,2020-09-25 04:57:52.844000,2020-09-25 04:57:54.272000
6jftsbv4rrjiegad,failed,not_found,235,461453F94FA0E3CBB011685E22CDAFD2AF0DFDC3,98BCA63DD82E13A637FF8D0EC28135663DB08CA1,0A7208B8903DD3FF5CDFA218A3823AF498CE69CE,CACD9D63B759B35555D8C965A3E01071E9DFB44C,2020-09-25 04:57:54.273000,2020-09-25 04:57:55.064000
vji7zqdohjpgaii7,failed,not_found,138,461453F94FA0E3CBB011685E22CDAFD2AF0DFDC3,B76A047C20D3E4F9B5A64428298DA55A90D62472,AFF320BA96E4338B61A008D2CA250FFE0E23B09C,04A28A62F27D9C4A60F9ED0C4264E98B988C65A3,2020-09-25 04:57:49.007000,2020-09-25 04:57:49.753000
vji7zqdohjpgaii7,failed,not_found,149,461453F94FA0E3CBB011685E22CDAFD2AF0DFDC3,98AEF7B834D688773CE2BCC5A32761A4943CF623,67458CBE6A595F5620AE39EDF538E2994793E130,04DFE047ACDF7A6620ACA782FAFC5EF1AE7F4754,2020-09-25 04:57:49.754000,2020-09-25 04:57:50.725000
vji7zqdohjpgaii7,failed,not_found,169,461453F94FA0E3CBB011685E22CDAFD2AF0DFDC3,D777D31F95081D0F7223AAD5F8A74977D524145D,A8C1AED4343C2CA514C9CA125488FD2764353F1B,04EE5E1B23127D26A36F71C66810D88B0B80BB91,2020-09-25 04:57:50.726000,2020-09-25 04:57:51.843000
vji7zqdohjpgaii7,failed,not_found,193,461453F94FA0E3CBB011685E22CDAFD2AF0DFDC3,8056080EE822B5CA1A8FFF52B7242A82C5E42FBB,C1BB67D3FBED68D4BAD400D1A49C5B79ECE3965E,84FF05983C7537E8BCF6FDCF6D1688C46B684471,2020-09-25 04:57:51.844000,2020-09-25 04:57:52.901000
vji7zqdohjpgaii7,failed,not_found,211,461453F94FA0E3CBB011685E22CDAFD2AF0DFDC3,A69221A7EC7498D2F88A0FB795261013FA36CAAE,372A38794527887333B52ED1D707609D808C0659,84F0FEBFDFA8FBC6A2EA27F87EBB31F050AFD04D,2020-09-25 04:57:52.902000,2020-09-25 04:57:54.532000
vji7zqdohjpgaii7,failed,not_found,239,461453F94FA0E3CBB011685E22CDAFD2AF0DFDC3,F9674F45A25CAA977E7B872807E0A070C121F5FA,E3500E2C9F6B87085056893C4279AEA0B3F37782,85041E7C5DF043B03F2C19421998F1751C002E49,2020-09-25 04:57:54.532000,2020-09-25 04:57:55.726000
tczjy2r6oijspo4b,failed,not_found,154,461453F94FA0E3CBB011685E22CDAFD2AF0DFDC3,929BF37C657D4F69C76324E5FEA760A62483813B,14D57DEDF0A4554A2D21AD53CCCC43E31158C733,BAF223E9DF62D3261F1675C6CFC4E5D50F15FA57,2020-09-25 04:57:49.984000,2020-09-25 04:57:50.788000
tczjy2r6oijspo4b,failed,not_found,172,461453F94FA0E3CBB011685E22CDAFD2AF0DFDC3,EE7CD2A763435C7006095BD167C790ABE5BC4DEA,330CD3DB6AD266DC70CDB512B036957D03D9BC59,BACB47406A231AB60EC33D1ED5081C603B209655,2020-09-25 04:57:50.789000,2020-09-25 04:57:51.629000
tczjy2r6oijspo4b,failed,not_found,186,461453F94FA0E3CBB011685E22CDAFD2AF0DFDC3,9BA9334DA769A7C96D464F9EA38A970088B6FECB,B8BF2948E7830586F64EE92CCEABFB202E2FBF85,260B86A04CBEDE605F183624C2FCA3CE81FD24A1,2020-09-25 04:57:51.630000,2020-09-25 04:57:52.653000
tczjy2r6oijspo4b,failed,not_found,205,461453F94FA0E3CBB011685E22CDAFD2AF0DFDC3,949545960655C17A26F6525F67C554233CFE163F,BA39D0333CF0F2026F58D8A493168F92A016CAA1,25F49247646F1F9C9C4B31217AE004308B271359,2020-09-25 04:57:52.653000,2020-09-25 04:57:56.353000
tczjy2r6oijspo4b,failed,not_found,270,461453F94FA0E3CBB011685E22CDAFD2AF0DFDC3,33D88F331408141F2A2CC563239E54E48F7A211B,43C83536DACCD110FF11E049A890064F6F87BEB2,25E078CD1E537A7418318168F7E1990EF2A160C8,2020-09-25 04:57:56.353000,2020-09-25 04:57:57.237000
tczjy2r6oijspo4b,failed,not_found,288,461453F94FA0E3CBB011685E22CDAFD2AF0DFDC3,3E04505D362AA324E6E4E1C8516CCD9EF4D41B9C,3F43D0584A2613C9DB631382FF486DC6B95EA1C8,BAFF362A8319E1F89FE4C9F3B8A1734E2E2E32AB,2020-09-25 04:57:57.238000,2020-09-25 04:57:58.243000
akj5n6sxfq5sjtwh,failed,not_found,155,461453F94FA0E3CBB011685E22CDAFD2AF0DFDC3,BB004C7F4C5C9FAE5E001864537F89388444F572,138ED47EE2156E6492FDE0B61338D973C9717F32,E8AD8C4FDC3FE152150C005BB2EAA6A0990B74DF,2020-09-25 04:57:49.992000,2020-09-25 04:57:50.859000
akj5n6sxfq5sjtwh,failed,not_found,173,461453F94FA0E3CBB011685E22CDAFD2AF0DFDC3,FFA72BD683BC2FCF988356E6BEC1E490F313FB07,E8466E02C893B9A6602A251CCEA100F252E25B4B,4FF53BC47097B50DA5B68D72C5B25CC079F4A787,2020-09-25 04:57:50.859000,2020-09-25 04:57:51.860000
akj5n6sxfq5sjtwh,failed,not_found,195,461453F94FA0E3CBB011685E22CDAFD2AF0DFDC3,18B160CD5E22BFC345AEE7BA84B7EA45BF457FCA,34133CC3192CF7538089B14511400DF21BA5A077,5008E49954AC0CA0565FE8AF61D61617212ACBC7,2020-09-25 04:57:51.860000,2020-09-25 04:57:53.096000
akj5n6sxfq5sjtwh,failed,not_found,216,461453F94FA0E3CBB011685E22CDAFD2AF0DFDC3,4E0C20FE5369CF91793AE0762B6D6EBFE8DD7D93,061E0496931D23A81A2B685C9339D36857DD0FA1,E88F8E72100709E226F22DF6A50365480054ECD2,2020-09-25 04:57:53.096000,2020-09-25 04:57:55.039000
akj5n6sxfq5sjtwh,failed,not_found,248,461453F94FA0E3CBB011685E22CDAFD2AF0DFDC3,0C6D3655763B1A3A60FC42135CD60765AFE953BA,0C3D5E19E3C75B505C8ACD26F89DCA2DF970553E,E8BAE7393740A700D50B010DED9D9EC9A66B390D,2020-09-25 04:57:55.039000,2020-09-25 04:57:55.846000
akj5n6sxfq5sjtwh,failed,not_found,258,461453F94FA0E3CBB011685E22CDAFD2AF0DFDC3,0FF9E71478E9B35216D92F73A54969853EB5D4E9,20571FE948D23E8B62CEDE1B33298F1BF324EE17,4FF3BECDCA79A51D1A83FF0A11A2FD9250B9B942,2020-09-25 04:57:55.847000,2020-09-25 04:57:57.145000
vbtnttavxva42saq,failed,not_found,156,461453F94FA0E3CBB011685E22CDAFD2AF0DFDC3,F0A3054C76604DC75D3F57F55C27F1BFB643F107,0BD524A66A928A093AD1ADD79AD24C5DA6D805CE,E17745C64255D2920D9B9FCF9EF930C426EE4A91,2020-09-25 04:57:50.001000,2020-09-25 04:57:51.774000
vbtnttavxva42saq,failed,not_found,190,461453F94FA0E3CBB011685E22CDAFD2AF0DFDC3,68F175CCABE727AA2D2309BCD8789499CEE36ED7,AE95BDA37A5BB4685FEBB7F06649D6CE949B5316,270934A4F7B669AA387F2D475FBE793D03694547,2020-09-25 04:57:51.774000,2020-09-25 04:57:52.722000
vbtnttavxva42saq,failed,not_found,207,461453F94FA0E3CBB011685E22CDAFD2AF0DFDC3,02758CD398E3F842EF82478078AAAE0273770DB2,AC990FD1FF5058EFA43A809E948B23EF998D021B,26C28F29B611DF4DE23ACF5D9DC1EB4895EF5E8B,2020-09-25 04:57:52.722000,2020-09-25 04:57:53.580000
vbtnttavxva42saq,failed,not_found,221,461453F94FA0E3CBB011685E22CDAFD2AF0DFDC3,D965855F77A59FBBC5D1224DFB9C12A992355079,E8BAE7393740A700D50B010DED9D9EC9A66B390D,E19F193179F75B67137D15392C625503D50A4EA3,2020-09-25 04:57:53.581000,2020-09-25 04:57:54.678000
vbtnttavxva42saq,failed,not_found,241,461453F94FA0E3CBB011685E22CDAFD2AF0DFDC3,DB5DE88B4914F60CDEEF581ECCA8DEA59EF26A90,B4A96C0852DD0841579D33E09A98D641EACCD73E,E1B54925C59ECE813269B9A3309B7A5EB57E9B98,2020-09-25 04:57:54.678000,2020-09-25 04:57:55.472000
vbtnttavxva42saq,failed,not_found,243,461453F94FA0E3CBB011685E22CDAFD2AF0DFDC3,D76110E770FB5F6D09CB801D6379C33A1A6C0CC3,0F89912E6A4C4A8ACE43C58FF8B83CA299BFF74F,26B09A4C9F6A9D4815DB46EBA3626A0ED8D71E8F,2020-09-25 04:57:55.472000,2020-09-25 04:57:56.140000
tiiuvtkwi7mof6dl,failed,not_found,174,461453F94FA0E3CBB011685E22CDAFD2AF0DFDC3,CA4E9DFE87DE87E502F3B503D07EC8EFCAEE2549,A1B28D636A56AAFFE92ADCCA937AA4BD5333BB4C,453E51CBAA4C2169EBCB05583247DD6201E87FAD,2020-09-25 04:57:50.980000,2020-09-25 04:57:51.854000
tiiuvtkwi7mof6dl,failed,not_found,194,461453F94FA0E3CBB011685E22CDAFD2AF0DFDC3,18CA9EA099BB9861E354D2A6FF49337A7E81C2F3,D11217B44873FD7C879E541844B4C20B9A7E5CFB,454BE75256A4A5EC2B7FE2EB2E1C62F2736AB175,2020-09-25 04:57:51.854000,2020-09-25 04:57:52.584000
tiiuvtkwi7mof6dl,failed,not_found,204,461453F94FA0E3CBB011685E22CDAFD2AF0DFDC3,19D353B8AA0927DF82CB26E0396C57BE27C0ACC5,08F06A0DDAFABF9A26FCB2E392A1435F9E048216,453A763984BCF3E2FBD94B3CF2AE90EA02E4A145,2020-09-25 04:57:52.584000,2020-09-25 04:57:53.462000
tiiuvtkwi7mof6dl,failed,not_found,218,461453F94FA0E3CBB011685E22CDAFD2AF0DFDC3,2F69F8C4DC02DD15A39BFDB4078A791D89ECEAA2,CDA2C336AD87E22DF02983887A3F74B21070D02D,8287DADC415B3E667C617EEFB6E7D654C7AC0C47,2020-09-25 04:57:53.462000,2020-09-25 04:57:54.155000
tiiuvtkwi7mof6dl,failed,not_found,233,461453F94FA0E3CBB011685E22CDAFD2AF0DFDC3,E4240508EFC308D01665A07BD98B8564740D3376,F5746F6257DFE87E3A90753C2A0439926C55552F,828112B80D28A92311A8C6C7CCF369B316C40744,2020-09-25 04:57:54.156000,2020-09-25 04:57:56.046000
tiiuvtkwi7mof6dl,failed,not_found,266,461453F94FA0E3CBB011685E22CDAFD2AF0DFDC3,768B488AE2C61B6FA837E3AB8DB7601E1A0B8492,56927E61B51E6F363FB55498150A6DDFCF7077F2,8275CE20C53D79EC51CA87292E7FC58F238F100C,2020-09-25 04:57:56.047000,2020-09-25 04:57:56.895000
uek456z7s5ayexgk,failed,not_found,175,461453F94FA0E3CBB011685E22CDAFD2AF0DFDC3,26B09A4C9F6A9D4815DB46EBA3626A0ED8D71E8F,39379E4177FFFB0ED90C2013D97668BD284A1798,BA671B70E696AB2F85ACA3D998B8008D14556715,2020-09-25 04:57:50.994000,2020-09-25 04:57:51.806000
uek456z7s5ayexgk,failed,not_found,191,461453F94FA0E3CBB011685E22CDAFD2AF0DFDC3,CDA2C336AD87E22DF02983887A3F74B21070D02D,2F644DDEF8BAA31BA0240E6C6D36665D90DA57C9,BA856D21B1A22CAE677A712DA4C9F0852D799DF8,2020-09-25 04:57:51.806000,2020-09-25 04:57:52.572000
uek456z7s5ayexgk,failed,not_found,203,461453F94FA0E3CBB011685E22CDAFD2AF0DFDC3,303509AB910EF207B7438C27435C4A2FD579F1B1,96B70F86B45623B4EC71E8E953DCD61A05D5BAAC,BA8546AE9B27F0C81F98A6C12D96B7DAB0814991,2020-09-25 04:57:52.573000,2020-09-25 04:57:53.509000
uek456z7s5ayexgk,failed,not_found,220,461453F94FA0E3CBB011685E22CDAFD2AF0DFDC3,58F3E2956EABB81F673E2FB90E16E001DB4AC3AE,EFE48A6A2A02B68D1767C13B9646FA62EA8310B2,070229A4CC2CFFB24EB667298A7DB5E8D11EB701,2020-09-25 04:57:53.510000,2020-09-25 04:57:54.416000
uek456z7s5ayexgk,failed,not_found,237,461453F94FA0E3CBB011685E22CDAFD2AF0DFDC3,6C94F282709D385C94087D5F6FB6D8F6648EE3D1,FA5F1AB3468F808B2FB05F2155C0481A3532C787,070D387230C1B95A05811C5B722FBD21A1076BDB,2020-09-25 04:57:54.417000,2020-09-25 04:57:55.748000
uek456z7s5ayexgk,failed,not_found,255,461453F94FA0E3CBB011685E22CDAFD2AF0DFDC3,BA8546AE9B27F0C81F98A6C12D96B7DAB0814991,F37374DB9FA6EF14CED64FD294E8D8683F032EC8,0706B3AF0059CB226E4AACDEDB6794678F402905,2020-09-25 04:57:55.748000,2020-09-25 04:57:56.760000
xexcgydg4fyz4jzk,failed,not_found,176,461453F94FA0E3CBB011685E22CDAFD2AF0DFDC3,672A56A583C658372E63ACEB43E7F791C2819548,E96C071A67833C2C93D74F7C84C99148E15181F8,47E49319DD67784F1E65B5793371BE467365979E,2020-09-25 04:57:51.004000,2020-09-25 04:57:52.217000
xexcgydg4fyz4jzk,failed,not_found,189,461453F94FA0E3CBB011685E22CDAFD2AF0DFDC3,B8BF2948E7830586F64EE92CCEABFB202E2FBF85,547C1CDB516798EC66A01F04A5884DCE1A151919,AE2AC9BCEF573A31B2055560BD92BBE4EF9223E3,2020-09-25 04:57:52.218000,2020-09-25 04:57:53.033000
xexcgydg4fyz4jzk,failed,not_found,215,461453F94FA0E3CBB011685E22CDAFD2AF0DFDC3,78BC2254D3B31CD865F7682633AA438212132532,10192D0D83B2439FA4B3FF35C5FA8AAE845B7BF3,47F9D1E0155089917FFA734EF759089326C3761A,2020-09-25 04:57:53.033000,2020-09-25 04:57:54.199000
xexcgydg4fyz4jzk,failed,not_found,234,461453F94FA0E3CBB011685E22CDAFD2AF0DFDC3,296DD68C9017BF7FC7CEC9ACB43A6FAA942408FF,F5C3DA7642BB037E0D279359AE88CD7FC03A98A0,47E1157F7DA6DF80EC00D745D73ACD7B0A380BCF,2020-09-25 04:57:54.200000,2020-09-25 04:57:55.774000
xexcgydg4fyz4jzk,failed,not_found,256,461453F94FA0E3CBB011685E22CDAFD2AF0DFDC3,16FD7E5D67B7054EE4E7FDDF04AFB48216CA640A,47A83EC4D144FB8094A57DC5AEB39E9F6F174036,AE236568ED01527850FA0D5BEFBBF6C6BDA47AF0,2020-09-25 04:57:55.774000,2020-09-25 04:57:56.734000
xexcgydg4fyz4jzk,failed,not_found,277,461453F94FA0E3CBB011685E22CDAFD2AF0DFDC3,21EB2176DFD7364A8E3705ABF518E880362425FC,79E3B585803DE805CCBC00C1EF36B1E74372861D,AE2A1BEA5F2D240B721DB02F0705C0F484BD82D4,2020-09-25 04:57:56.734000,2020-09-25 04:57:58.322000
sxpuhkobxwlkby7q,failed,not_found,222,461453F94FA0E3CBB011685E22CDAFD2AF0DFDC3,03910F285A33F365838EC66EF2C2EF754D046760,B33C5B8DDD2EB50EE0B9916547EBDE2BCA3BC567,C545ED3BE029B226D74B3F798235951D2FEEE3E1,2020-09-25 04:57:51.982000,2020-09-25 04:57:54.512000
sxpuhkobxwlkby7q,failed,not_found,238,461453F94FA0E3CBB011685E22CDAFD2AF0DFDC3,7ECA215D5B0611D5A6131F7616C7B60003781B78,DEF8C760A79FEF2358E03AE5A1950086ABEB953E,91BAB54C6923454F4E5EDC59313C45002B238665,2020-09-25 04:57:54.512000,2020-09-25 04:57:56.687000
sxpuhkobxwlkby7q,failed,not_found,281,461453F94FA0E3CBB011685E22CDAFD2AF0DFDC3,1C2F0929A4A8D9661D83E70FDE96B61040ECA14D,AD0FCFD83EA4899DB34735E599701592DEA13690,91BA193FB362FB7B6679A7A83A3050F3C44A5468,2020-09-25 04:57:56.687000,2020-09-25 04:57:58.091000
sxpuhkobxwlkby7q,failed,not_found,302,461453F94FA0E3CBB011685E22CDAFD2AF0DFDC3,F6AAFCFB722532DA3E2A54135000E672B9473835,47C362713928A711FC105AF54993576E41CB1B7F,C542D452D42DBD01A071D2DA1CE6EE15AF40F5C2,2020-09-25 04:57:58.091000,2020-09-25 04:57:59.394000
sxpuhkobxwlkby7q,failed,not_found,321,461453F94FA0E3CBB011685E22CDAFD2AF0DFDC3,A1FEE8537C847D330F1F7F592BE24360C5D6051F,4FF53BC47097B50DA5B68D72C5B25CC079F4A787,C51701910DEA998F4F51287A71B7E94449A3E9BC,2020-09-25 04:57:59.394000,2020-09-25 04:58:00.261000
sxpuhkobxwlkby7q,failed,not_found,326,461453F94FA0E3CBB011685E22CDAFD2AF0DFDC3,3212FA08FB2358B271606E21B1DFBD6717B94FA3,E5A3CA10182C35F691BCF678F193D10F4B0F972F,91ADCDFCA830A1BBAD3A10377B25D695A92BF251,2020-09-25 04:58:00.261000,2020-09-25 04:58:00.806000
aeyvfm5y65uwpua4,failed,not_found,198,461453F94FA0E3CBB011685E22CDAFD2AF0DFDC3,D7EB93B50A4D1EEDBC5354C312428680F3AA9025,6B9EA8927AB6E94E216067E65372182343A5AFA2,2D6C93A2336368D9A5778416FD4DDDD97FF37D40,2020-09-25 04:57:51.982000,2020-09-25 04:57:52.830000
aeyvfm5y65uwpua4,failed,not_found,209,461453F94FA0E3CBB011685E22CDAFD2AF0DFDC3,AC75BB0CC3E5CACA5A61972EC294B9F5C6A7EE61,5DE37A3371AAE7638748EB43C9F1CE66E09D4470,CBF0CCD9D80D7A2F82E4FB61C36FB6898A4EBA50,2020-09-25 04:57:52.831000,2020-09-25 04:57:53.657000
aeyvfm5y65uwpua4,failed,not_found,223,461453F94FA0E3CBB011685E22CDAFD2AF0DFDC3,7BE4752877553A96CD4035D0C526BCD09E81CC64,FD449127D30D8F5D124653D9EF736EDF4A12B4DC,2D63EC24CB7CA7ACFBC1439752A54A916195067D,2020-09-25 04:57:53.657000,2020-09-25 04:57:55.175000
aeyvfm5y65uwpua4,failed,not_found,250,461453F94FA0E3CBB011685E22CDAFD2AF0DFDC3,671A68ABADA1402FB00676055F48EA123B9B060C,7992F172EDBE69B99F0190651BAC14DD0FD9E5C8,2D418A89F79DB4A8E658BA549FBB974D1D22DD1A,2020-09-25 04:57:55.175000,2020-09-25 04:57:56.295000
aeyvfm5y65uwpua4,failed,not_found,269,461453F94FA0E3CBB011685E22CDAFD2AF0DFDC3,4FCF975D71A8663E8066BD1431D8E9459DBE2EAB,E37322752F135A344FA33E17F4AFA74C27A687E6,CC1BDE73D48DEF3202C688A158D0718C885360D4,2020-09-25 04:57:56.295000,2020-09-25 04:57:57.552000
aeyvfm5y65uwpua4,failed,not_found,291,461453F94FA0E3CBB011685E22CDAFD2AF0DFDC3,D5C6F62A5D1B3C711CA5E6F9D3772A432E96F6C2,F6CD4DBF5850AC4386DD9A424918AD3C6BA2716F,CC100DC017A25E244C35C964BB518E4308415ACC,2020-09-25 04:57:57.553000,2020-09-25 04:57:58.226000
7otgeybpf33fo3ri,failed,not_found,199,461453F94FA0E3CBB011685E22CDAFD2AF0DFDC3,303509AB910EF207B7438C27435C4A2FD579F1B1,9F5068310818ED7C70B0BC4087AB55CB12CB4377,FB8796036069BB4787D639F92681ECC2FD7AEB22,2020-09-25 04:57:51.994000,2020-09-25 04:57:52.813000
7otgeybpf33fo3ri,failed,not_found,208,461453F94FA0E3CBB011685E22CDAFD2AF0DFDC3,0E300A0942899B995AE08CEF58062BCFEB51EEDF,724E86E7F5DA715529DC0ECAA013AE4BDC680E4C,76F6698A624DD1762A5CACC832460EC9E8A34774,2020-09-25 04:57:52.814000,2020-09-25 04:57:53.870000
7otgeybpf33fo3ri,failed,not_found,228,461453F94FA0E3CBB011685E22CDAFD2AF0DFDC3,58A9921DD0A1389356634625C5B14ACC1194A95C,E05EAB588285C01E8807F00A07CDBBC4662A58D9,76F3A81A0784DCF536F6DE19F98EAEB1F89DECCF,2020-09-25 04:57:53.870000,2020-09-25 04:57:54.695000
7otgeybpf33fo3ri,failed,not_found,242,461453F94FA0E3CBB011685E22CDAFD2AF0DFDC3,746B3C4BADCCA09003DD091AF028560A61E0A48E,F5E1B96BFE700FF8BF09DE5A02181EBB48E218F7,76F3558CB26F41F89DEC685BAE666018B6AB808B,2020-09-25 04:57:54.695000,2020-09-25 04:57:56.011000
7otgeybpf33fo3ri,failed,not_found,264,461453F94FA0E3CBB011685E22CDAFD2AF0DFDC3,34DE7F9028A53D5238D779B00DAF7438FDE1D7A0,CDA9361C072A86719AA3D5A283F5BFBCBF82133B,FBBC3BD58B471F6227DC0F05265C6A37C770905F,2020-09-25 04:57:56.012000,2020-09-25 04:57:57.044000
7otgeybpf33fo3ri,failed,not_found,286,461453F94FA0E3CBB011685E22CDAFD2AF0DFDC3,D53AE170BF6650A2C6640484FE1B5DD1C0AB895B,C303038FDCC72805A160FF64E994333A49ECDA71,FB855A4E362D9DA8661A42D324AB5A06D02E3935,2020-09-25 04:57:57.044000,2020-09-25 04:57:58.188000
rsdo4x5wasr7cuws,failed,not_found,212,461453F94FA0E3CBB011685E22CDAFD2AF0DFDC3,599A708756048993A1029B2775EEF8C9E40BB640,AEF6C1FBA0FC16F4931638BF065085B974D3E90F,06D77E461C9814243DA2C6145544D5BB3B46B52E,2020-09-25 04:57:52.977000,2020-09-25 04:57:53.729000
rsdo4x5wasr7cuws,failed,not_found,226,461453F94FA0E3CBB011685E22CDAFD2AF0DFDC3,1C70C2AA7F3772CE07C4EF6B18A6E330150372EE,B70629C29A032979E5AD00CC51D2330845AAFD6A,06E72526BBE040C51C5ADFBAA07ADD9AEB5E1FA1,2020-09-25 04:57:53.730000,2020-09-25 04:57:54.627000
rsdo4x5wasr7cuws,failed,not_found,240,461453F94FA0E3CBB011685E22CDAFD2AF0DFDC3,2129BE984516F5A6449836F1FA36D42A1E191B4D,6BE5AA34A5C391724677A3FDC2AA77B3768F6E26,2DFDEA5DD415B95594BFB12D59FE841167F94B5F,2020-09-25 04:57:54.628000,2020-09-25 04:57:56.108000
rsdo4x5wasr7cuws,failed,not_found,253,461453F94FA0E3CBB011685E22CDAFD2AF0DFDC3,6D6EC2A2E2ED8BFF2D4834F8D669D82FC2A9FA8D,CBD00958A3B897774E333D75C24E6A75F5220DCC,2E414CD28823B5AEB51FD172AA0EE3E9EB9BCA90,2020-09-25 04:57:56.108000,2020-09-25 04:57:56.730000
rsdo4x5wasr7cuws,failed,not_found,274,461453F94FA0E3CBB011685E22CDAFD2AF0DFDC3,03910F285A33F365838EC66EF2C2EF754D046760,D87698D8E2276C7E93D531B7C2A1B27D58C71876,06D0FB9C6860E8D7FB99EA310A016707AFAA71CE,2020-09-25 04:57:56.730000,2020-09-25 04:57:57.594000
rsdo4x5wasr7cuws,failed,not_found,292,461453F94FA0E3CBB011685E22CDAFD2AF0DFDC3,B42C797CC8CD63C60FB643E820A11D113DF4F5C8,C422F88699C18A4F299D834391B15F07DBE60625,2E12778C3FBE28C9E9C8AC6A76FF4509DC41599B,2020-09-25 04:57:57.594000,2020-09-25 04:57:58.484000
qzxwt5it6fazfbll,failed,not_found,213,461453F94FA0E3CBB011685E22CDAFD2AF0DFDC3,587B1EAF1E22E148EFB010DAA337ACDCD4DB5CBA,B568135C5E345BAFB080C11FDDF348E545A722E5,9B31F1F1C1554F9FFB3455911F82E818EF7C7883,2020-09-25 04:57:52.988000,2020-09-25 04:57:54.304000
qzxwt5it6fazfbll,failed,not_found,236,461453F94FA0E3CBB011685E22CDAFD2AF0DFDC3,6B7ABD237CF25E5F787F365AF5FC4C86F0213A9F,DF445006932A7BA942F3EBB4457D7ABF2E4006E0,9B2BC7EFD661072AFADC533BE8DCF1C19D8C2DCC,2020-09-25 04:57:54.305000,2020-09-25 04:57:55.134000
qzxwt5it6fazfbll,failed,not_found,249,461453F94FA0E3CBB011685E22CDAFD2AF0DFDC3,103336165A0D2EFCAD3605339843A0A7710B8B92,AC00AEBA1AE2A80CF4184C4362157BF91487B902,108FBE210539A1E6868FC43A0BB0A38DCA12D558,2020-09-25 04:57:55.135000,2020-09-25 04:57:55.902000
qzxwt5it6fazfbll,failed,not_found,267,461453F94FA0E3CBB011685E22CDAFD2AF0DFDC3,876C7CE43774366250D3E768E690DAB9D4B5D5A3,C49A177510CAA653DA6727BF0E07FB7F56A0F09D,9B3E7A0AD9A054984CC87E7CA9D5C117202D45D4,2020-09-25 04:57:55.903000,2020-09-25 04:57:57.146000
qzxwt5it6fazfbll,failed,not_found,275,461453F94FA0E3CBB011685E22CDAFD2AF0DFDC3,963879BB424D9A637A63105D5C26A2453C2C2272,8737307DE84C2621E6399E99123967A9590297F2,1099983E2C5C3ECDAD0B7D5AABD2AC6BF2CBBF70,2020-09-25 04:57:57.146000,2020-09-25 04:57:57.637000
qzxwt5it6fazfbll,failed,not_found,293,461453F94FA0E3CBB011685E22CDAFD2AF0DFDC3,E81D56AE3FE9919F3A42AB11100901E6BAEC4FCB,3B5C6ED2C1DECEB32BF1AD9B7B272F4CE9CE0656,1096D71C2EA45A68E4D3A375CAE590FBF349DEAB,2020-09-25 04:57:57.637000,2020-09-25 04:57:58.542000
tj66ct4ue57exquj,failed,not_found,214,461453F94FA0E3CBB011685E22CDAFD2AF0DFDC3,2E12778C3FBE28C9E9C8AC6A76FF4509DC41599B,99339F3E68BCCC1391BF14C821D80766FE0C5956,5333C98E703385743AE931ECC929C5E4B32A0CD0,2020-09-25 04:57:53,2020-09-25 04:57:54.073000
tj66ct4ue57exquj,failed,not_found,232,461453F94FA0E3CBB011685E22CDAFD2AF0DFDC3,DCC6C70E8F4340CBD633F506BC9E7D99818601D9,CBD85D49F9C8BC2FCAB1255C7D196524FE926659,531BE6C3195A757C116B9566B944DD0B2B6A23B0,2020-09-25 04:57:54.074000,2020-09-25 04:57:55.540000
tj66ct4ue57exquj,failed,not_found,251,461453F94FA0E3CBB011685E22CDAFD2AF0DFDC3,D5607ADD1FDDB657482E23F09AB173310C802590,C239952D0C8E4EABC3E6B0A8E0B623689174E3C6,5D84900DBE6D6365684A9675B81A68ACE9577A68,2020-09-25 04:57:55.540000,2020-09-25 04:57:56.353000
tj66ct4ue57exquj,failed,not_found,346,461453F94FA0E3CBB011685E22CDAFD2AF0DFDC3,6BE5AA34A5C391724677A3FDC2AA77B3768F6E26,6245DC873D6F613C795D48663D65BD8A2266CAF6,5D88F3DA731A028B3D7C81252C7B6B981F3DDA27,2020-09-25 04:57:56.353000,2020-09-25 04:58:01.682000
tj66ct4ue57exquj,failed,not_found,367,461453F94FA0E3CBB011685E22CDAFD2AF0DFDC3,509EAB4C5D10C9A9A24B4EA0CE402C047A2D64E6,9C97E5840578697030ABFC7784442E32EFD8E91D,5D83B34F5D5D6D29BBBDC4C165C871800A323A7B,2020-09-25 04:58:01.683000,2020-09-25 04:58:03.351000
tj66ct4ue57exquj,failed,not_found,389,461453F94FA0E3CBB011685E22CDAFD2AF0DFDC3,9CFA49D7F6C1774FFECC12AD3F3E59BD781285EF,0512FE6BE9CCA0ED133152E64010B2FBA141EB10,53134D9637D9FBE565FA1E3AF82B23CC964C56D6,2020-09-25 04:58:03.352000,2020-09-25 04:58:03.724000
2efhawqrjpo5gnhu,failed,not_found,229,461453F94FA0E3CBB011685E22CDAFD2AF0DFDC3,64CB2B32C10ADD4B93D725B7DED238CCCD6D6DBA,F6740DEABFD5F62612FA025A5079EA72846B1F67,AC5CECEF6AF649F2A7F047D102FE9B461DA9234E,2020-09-25 04:57:53.978000,2020-09-25 04:57:56.211000
2efhawqrjpo5gnhu,failed,not_found,268,461453F94FA0E3CBB011685E22CDAFD2AF0DFDC3,CBB5AE37E2927A915D70FA71572D2EA203F03E83,D54247E35545388D9C42E4716EDC59F67907789F,AC61D1722091F2FC4760776AF2C230D9DC679C03,2020-09-25 04:57:56.212000,2020-09-25 04:57:57.203000
2efhawqrjpo5gnhu,failed,not_found,287,461453F94FA0E3CBB011685E22CDAFD2AF0DFDC3,01FF9C8571D1C09FA8D2ACCE727D5530FEC10038,81B756ABCFBE8D4719C0610F8E24D34DC30905BB,BEE5A27A9DD05BD7D9B6E046AEDEF43D2A4B85CE,2020-09-25 04:57:57.204000,2020-09-25 04:57:58.970000
2efhawqrjpo5gnhu,failed,not_found,314,461453F94FA0E3CBB011685E22CDAFD2AF0DFDC3,34DE7F9028A53D5238D779B00DAF7438FDE1D7A0,D0F7C04A73689ABBE1CBCE1B3D9F861577004E0A,AC633C90E126E0BCA96F14ECE5D222B586FA0D56,2020-09-25 04:57:58.970000,2020-09-25 04:58:00.161000
2efhawqrjpo5gnhu,failed,not_found,338,461453F94FA0E3CBB011685E22CDAFD2AF0DFDC3,37A8BA9E3F05417EFE93DF626641EFF271E0A3C2,89FD4FB2A5FD73B50F2E5D85C4707883F8CD5130,BF0FB582E37F738CD33C3651125F2772705BB8E8,2020-09-25 04:58:00.162000,2020-09-25 04:58:01.608000
2efhawqrjpo5gnhu,failed,not_found,363,461453F94FA0E3CBB011685E22CDAFD2AF0DFDC3,C05CE5DB16F4921BAFFAF58585BE90D0A3980FEB,CD39C258265B25EAA4ABA4FDCB2DF98104CAA362,BEE59851195B09DFC88D8F1F31F9FABC7171FAAD,2020-09-25 04:58:01.609000,2020-09-25 04:58:03.159000
545xqph4ie6g4k5t,failed,not_found,230,461453F94FA0E3CBB011685E22CDAFD2AF0DFDC3,ED7FDF68D504AEED4E28C6396B3E4A4ED04406B9,09A70E396DE93F54D4541BBB0EC8E2B23761F34F,A22B1C2EF2255987F8AB8AA0B1A8E23F5023EEB8,2020-09-25 04:57:53.998000,2020-09-25 04:57:56.732000
545xqph4ie6g4k5t,failed,not_found,276,461453F94FA0E3CBB011685E22CDAFD2AF0DFDC3,963879BB424D9A637A63105D5C26A2453C2C2272,A2C6C931D8627C6605288970889DDB88C7BA2142,A1FC8E424167AD70B6FA4953D9348BCD82CEB788,2020-09-25 04:57:56.732000,2020-09-25 04:57:57.517000
545xqph4ie6g4k5t,failed,not_found,290,461453F94FA0E3CBB011685E22CDAFD2AF0DFDC3,0E300A0942899B995AE08CEF58062BCFEB51EEDF,DDBB2A38252ADDA53E4492DDF982CA6CC6E10EC0,A1EC0D0861AF76DF5AADDC17AD18DDC8F4281FE2,2020-09-25 04:57:57.518000,2020-09-25 04:57:58.504000
545xqph4ie6g4k5t,failed,not_found,306,461453F94FA0E3CBB011685E22CDAFD2AF0DFDC3,8701E70AC4C0C9E1FE47EA853FC997D29BE5D65C,98F788200CC64060695B07555F09A8FE47679AC8,25E078CD1E537A7418318168F7E1990EF2A160C8,2020-09-25 04:57:58.504000,2020-09-25 04:57:59.518000
545xqph4ie6g4k5t,failed,not_found,323,461453F94FA0E3CBB011685E22CDAFD2AF0DFDC3,4B351545DD58473F36B0A20E5500AC6ED51E8CD5,F14CD501D414CEA4595CF40ECF6E109332D6E0D7,25C5206EE19969289F291F22B23052DA48F948A5,2020-09-25 04:57:59.518000,2020-09-25 04:58:01.617000
545xqph4ie6g4k5t,failed,not_found,364,461453F94FA0E3CBB011685E22CDAFD2AF0DFDC3,8A6F5A21493685B50F1B46A87A2099D6C410F237,03910F285A33F365838EC66EF2C2EF754D046760,25F49247646F1F9C9C4B31217AE004308B271359,2020-09-25 04:58:01.618000,2020-09-25 04:58:02.824000
rnuu6h2eczhngfyr,failed,not_found,231,461453F94FA0E3CBB011685E22CDAFD2AF0DFDC3,C7273E54DC970FD18543F521DA883C823BE4AF01,23A2D8DDF761F35CC63BDF65E604B76A7E2F6971,F6D600CF13B3BBE2A91A0653F1EC9D00E7CB3A6B,2020-09-25 04:57:53.998000,2020-09-25 04:57:55.010000
rnuu6h2eczhngfyr,failed,not_found,247,461453F94FA0E3CBB011685E22CDAFD2AF0DFDC3,8A136F5D0DACBBB6D8537DA4A806C44EF7E9037B,437296E9A530803DF10C74FB353794077D1C75CB,F6F59B64B2494F29899E8072BCB0E6B3E070A917,2020-09-25 04:57:55.010000,2020-09-25 04:57:56.758000
rnuu6h2eczhngfyr,failed,not_found,278,461453F94FA0E3CBB011685E22CDAFD2AF0DFDC3,09A70E396DE93F54D4541BBB0EC8E2B23761F34F,4FF53BC47097B50DA5B68D72C5B25CC079F4A787,F7026246823C6322921F3AB87537EBB020AB01E5,2020-09-25 04:57:56.758000,2020-09-25 04:57:58.208000
rnuu6h2eczhngfyr,failed,not_found,304,461453F94FA0E3CBB011685E22CDAFD2AF0DFDC3,D08660B6D70B6249A57D89BB7A8F2EA2C952BD35,575F15A0A41B951BEE03E25B2A0A3FC3E8D7C7D1,F1C8901A569F67638748D7BE97969541B3ECC59D,2020-09-25 04:57:58.208000,2020-09-25 04:57:59.179000
rnuu6h2eczhngfyr,failed,not_found,320,461453F94FA0E3CBB011685E22CDAFD2AF0DFDC3,4280688117CB33E2D1A07CD84DDAD3B3FC9685AF,6E4B0D429CD87AB6C25D72E298294C583FF8BA4A,F1E6D86A0B66950A9AB4F7A5458848873733BAC9,2020-09-25 04:57:59.179000,2020-09-25 04:58:00.311000
rnuu6h2eczhngfyr,failed,not_found,340,461453F94FA0E3CBB011685E22CDAFD2AF0DFDC3,29A39144AD141242436D07901F7A8B91F7516A66,7C1BEFB5D6897981ECE52817A2D3B702A9EB30D9,F1F9D1DBD7E56F99C61C3712D5F4A02153FD9AD4,2020-09-25 04:58:00.312000,2020-09-25 04:58:01.165000
rtiyjga2tkw3ndpr,failed,not_found,244,461453F94FA0E3CBB011685E22CDAFD2AF0DFDC3,D39328D2EAE3816F9C5D5D1BB19D1C14E2E79482,88748052843CC93A02BE1D9E9B5B358AB3A104AA,4352D58B2641E8C1787750EFD3A07A88224967AC,2020-09-25 04:57:54.986000,2020-09-25 04:57:55.797000
rtiyjga2tkw3ndpr,failed,not_found,257,461453F94FA0E3CBB011685E22CDAFD2AF0DFDC3,39F91959416763AFD34DBEEC05474411B964B2DC,4FF53BC47097B50DA5B68D72C5B25CC079F4A787,4381E471E9358AE4D815021302C7F2E16502BEE1,2020-09-25 04:57:55.798000,2020-09-25 04:57:56.730000
rtiyjga2tkw3ndpr,failed,not_found,273,461453F94FA0E3CBB011685E22CDAFD2AF0DFDC3,1B90395827F7499A37C73F09BC5AA0225808F6FC,0F6E5CA4BF5565D9AA9FDDCA165AFC6A5305763D,435B0937725ECC8252F906800E46C90974408B63,2020-09-25 04:57:56.730000,2020-09-25 04:57:57.839000
rtiyjga2tkw3ndpr,failed,not_found,297,461453F94FA0E3CBB011685E22CDAFD2AF0DFDC3,0C6CA58153400FA077EABB14773E36FD61BF0D75,EE7CD2A763435C7006095BD167C790ABE5BC4DEA,399B6E76080F8677D08B626CFFA7AB7ACB974D3E,2020-09-25 04:57:57.839000,2020-09-25 04:57:58.862000
rtiyjga2tkw3ndpr,failed,not_found,312,461453F94FA0E3CBB011685E22CDAFD2AF0DFDC3,D317C7889162E9EC4A1DA1A1095C2A0F377536D9,0A5000E5FF2977E0D236B9F5B47590D8888494DF,394629DFE5305F4207B4BB080782C13304B9F545,2020-09-25 04:57:58.862000,2020-09-25 04:58:00.616000
rtiyjga2tkw3ndpr,failed,not_found,343,461453F94FA0E3CBB011685E22CDAFD2AF0DFDC3,69B53A5AE5025DA8947F7C32F69CA90375ED2A4E,12779DC4CCBB9C0A0AD99679C5F06B3E15A5CC49,3947C9CA680EE8897FF5CAFD4B56BE912EBE17D4,2020-09-25 04:58:00.617000,2020-09-25 04:58:02.312000
dicu4b2qs4hfdxa7,failed,not_found,245,461453F94FA0E3CBB011685E22CDAFD2AF0DFDC3,C2C1DD3C0E1F370A53784792E4293A84483AEBBD,CA95B3584C44DED8107AF5B3D8C25C562CC64DD4,0085057C17BD2E1809E284825F06F94E72FB418C,2020-09-25 04:57:55.008000,2020-09-25 04:57:55.725000
dicu4b2qs4hfdxa7,failed,not_found,254,461453F94FA0E3CBB011685E22CDAFD2AF0DFDC3,16FD7E5D67B7054EE4E7FDDF04AFB48216CA640A,F14CD501D414CEA4595CF40ECF6E109332D6E0D7,2398B7FD6C9C97A20FDD7E637CBDAD175D5B761F,2020-09-25 04:57:55.726000,2020-09-25 04:57:58.187000
dicu4b2qs4hfdxa7,failed,not_found,303,461453F94FA0E3CBB011685E22CDAFD2AF0DFDC3,AD4DCBA30D00ADD8C7EA047D1CE85A3F15FB6296,D1B1A550FEE3A05E71CA9080D14CCA3B746C0C17,237F905E744850CFE3B5108C9112FDFCE8DC05D6,2020-09-25 04:57:58.188000,2020-09-25 04:57:59.572000
dicu4b2qs4hfdxa7,failed,not_found,325,461453F94FA0E3CBB011685E22CDAFD2AF0DFDC3,58F3E2956EABB81F673E2FB90E16E001DB4AC3AE,B70629C29A032979E5AD00CC51D2330845AAFD6A,235D3444236ABC28F412E93814F6B783200D4630,2020-09-25 04:57:59.573000,2020-09-25 04:58:00.643000
dicu4b2qs4hfdxa7,failed,not_found,344,461453F94FA0E3CBB011685E22CDAFD2AF0DFDC3,02928855BFAD787F8B363F21860D1E7D156E0655,D8A2D0080B0C73E1DC0EC9F33B497F64E5FB3F52,00786179DB0E6514142F44DB4166638712F34DAE,2020-09-25 04:58:00.644000,2020-09-25 04:58:01.746000
dicu4b2qs4hfdxa7,failed,not_found,371,461453F94FA0E3CBB011685E22CDAFD2AF0DFDC3,C8FB78B704A62F01CDBC90004783D3C227874028,EF4D8571D6569C67A3E97B356CBBEBC19473B34F,00B57BF614F7ED3051073B5D4526FF0B23AF217B,2020-09-25 04:58:01.746000,2020-09-25 04:58:03.404000
yd35tycga43x3ldv,failed,not_found,246,461453F94FA0E3CBB011685E22CDAFD2AF0DFDC3,E4A23FEACFA0D7064C6694BE91BF94805E3CE487,86CDD0D92AB972538416A382D99666736CDDF141,6AD2D73B1A0A931AD792117D58A6C65EF411EBC2,2020-09-25 04:57:55.009000,2020-09-25 04:57:55.915000
yd35tycga43x3ldv,failed,not_found,260,461453F94FA0E3CBB011685E22CDAFD2AF0DFDC3,24F97F98C45E4754655BE66799049763DAEE99CE,7F3D20E72A24ED2EBD92AA9C430B805BA389D02B,CF6A061268FF0EEFD323E0E91B1E9DF24098E413,2020-09-25 04:57:55.916000,2020-09-25 04:57:56.893000
yd35tycga43x3ldv,failed,not_found,280,461453F94FA0E3CBB011685E22CDAFD2AF0DFDC3,65C362597C3AB32C18442D45C061B08167E5F401,AFF499AF071A2DE2EADC22B67B48ACC91EEEF394,6AE6C0AF05A3F2688CD6241FAAF5F2027E8032B0,2020-09-25 04:57:56.894000,2020-09-25 04:57:58.775000
yd35tycga43x3ldv,failed,not_found,310,461453F94FA0E3CBB011685E22CDAFD2AF0DFDC3,AB803469D8B0C3F00620D98DE99CA8F646428E66,0C3D5E19E3C75B505C8ACD26F89DCA2DF970553E,CF556653E704F7B619E1BBC0AE86A8E2E185A17F,2020-09-25 04:57:58.776000,2020-09-25 04:57:59.806000
yd35tycga43x3ldv,failed,not_found,328,461453F94FA0E3CBB011685E22CDAFD2AF0DFDC3,2C064760AA6657E2C575DD897C2588B170A3FF12,036A7CD36D6F7A97C7B4AF896D9F11AB719F0DF7,CF6A6080091BB210AA3892FEFE2F6A396DA08DF3,2020-09-25 04:57:59.807000,2020-09-25 04:58:01.067000
yd35tycga43x3ldv,failed,not_found,358,461453F94FA0E3CBB011685E22CDAFD2AF0DFDC3,C3D92B0696196558E784EF7252A5370192720BE5,81E18725397D620DA548ABBE24D9CD263DEF2FDC,6B0962E99C62CFDFCAD6D91384B11D499FCE6D46,2020-09-25 04:58:01.067000,2020-09-25 04:58:02.142000
odlgatgxp6m2miji,failed,not_found,261,461453F94FA0E3CBB011685E22CDAFD2AF0DFDC3,AE95BDA37A5BB4685FEBB7F06649D6CE949B5316,BE9B12FAAB7429842D643E2308390ECD8961E0A1,1B3E48D75E7F7E61D1B9BBE24BA15A38B454380D,2020-09-25 04:57:55.976000,2020-09-25 04:57:56.982000
odlgatgxp6m2miji,failed,not_found,282,461453F94FA0E3CBB011685E22CDAFD2AF0DFDC3,76D2EBA82BBCCA3DF9F254A9A8372A10A26F3D14,91799AD097018FD5F83B70B978068FB83F72934F,1AFF59F9B2579D78284EF7173A183F34086D4B56,2020-09-25 04:57:56.983000,2020-09-25 04:57:57.862000
odlgatgxp6m2miji,failed,not_found,298,461453F94FA0E3CBB011685E22CDAFD2AF0DFDC3,CA95B3584C44DED8107AF5B3D8C25C562CC64DD4,98E659B5B701076BE433B4723F20A1811739588A,1B54FC6897A77F5BD006D0DB06971735E6527D1E,2020-09-25 04:57:57.863000,2020-09-25 04:57:58.635000
odlgatgxp6m2miji,failed,not_found,307,461453F94FA0E3CBB011685E22CDAFD2AF0DFDC3,2DF58694C18525A4892F514D01039BCF44A05433,43E187B8C7361F47EA968ED5389435865D7F4FE7,910842202572BBB890692971614758AD9F3FEBD7,2020-09-25 04:57:58.635000,2020-09-25 04:57:59.557000
odlgatgxp6m2miji,failed,not_found,324,461453F94FA0E3CBB011685E22CDAFD2AF0DFDC3,9B24B2149631167704362E07356A9E9BFC1F0F05,F37374DB9FA6EF14CED64FD294E8D8683F032EC8,912709C7F560CC3E9FE9604B58D598B1BFAED8C7,2020-09-25 04:57:59.558000,2020-09-25 04:58:00.348000
odlgatgxp6m2miji,failed,not_found,342,461453F94FA0E3CBB011685E22CDAFD2AF0DFDC3,20462CBA5DA4C2D963567D17D0B7249718114A68,08F06A0DDAFABF9A26FCB2E392A1435F9E048216,9127D95DAA81291F26BE45B1A73E2F1145887B94,2020-09-25 04:58:00.349000,2020-09-25 04:58:01.288000
maedwlfsgpslq6if,failed,not_found,262,461453F94FA0E3CBB011685E22CDAFD2AF0DFDC3,0ED0EA324C931CF41CB5272BFB1D015B3D5772A9,12779DC4CCBB9C0A0AD99679C5F06B3E15A5CC49,E1BAB4F5B0E9D7891DCD9790C8F186D81728348F,2020-09-25 04:57:55.988000,2020-09-25 04:57:57.460000
maedwlfsgpslq6if,failed,not_found,289,461453F94FA0E3CBB011685E22CDAFD2AF0DFDC3,7260949459C2D4D4A5ABC3AC10C1AD6939E6525C,1C8B3C3D8BC705883B7799C915B2FE1E0FEB006F,0B3C8C2B2B1A1CA4429B9649F533BEB4D7470AEA,2020-09-25 04:57:57.460000,2020-09-25 04:57:58.483000
maedwlfsgpslq6if,failed,not_found,305,461453F94FA0E3CBB011685E22CDAFD2AF0DFDC3,0CC18E42E5ECADFE76862CE2EB7189EFA17A11FD,F9A3542D5863CD665B7FF758E73DAD40832D0064,E1B54925C59ECE813269B9A3309B7A5EB57E9B98,2020-09-25 04:57:58.484000,2020-09-25 04:57:59.339000
maedwlfsgpslq6if,failed,not_found,309,461453F94FA0E3CBB011685E22CDAFD2AF0DFDC3,994FB6A842C0CEE1F1C4CBA9A7604C5FF6014CFC,87C08DDFD32C62F3C56D371F9774D27BFDBB807B,E19F193179F75B67137D15392C625503D50A4EA3,2020-09-25 04:57:59.339000,2020-09-25 04:58:00.025000
maedwlfsgpslq6if,failed,not_found,334,461453F94FA0E3CBB011685E22CDAFD2AF0DFDC3,87D73471FDC64BD9CEDF84435D20CA4EB5C36FE8,41CEB66108B70108F148BF7778260A87723AACA1,0B45375A2CE8065E8A649D52CC35F39D128745A8,2020-09-25 04:58:00.025000,2020-09-25 04:58:00.889000
maedwlfsgpslq6if,failed,not_found,350,461453F94FA0E3CBB011685E22CDAFD2AF0DFDC3,B214C768C88BB08F017BE30CBB603939F3DDA661,7E317CFA44E7B6013DE4BC5F837C376A77179C72,0B343CDB8934729DC91B1CAD7BD2D05F705E90E0,2020-09-25 04:58:00.890000,2020-09-25 04:58:03.040000
rj6mfxdyy7hn6sk4,failed,not_found,263,461453F94FA0E3CBB011685E22CDAFD2AF0DFDC3,7A3E534C033E3836BD5AF223B642853C502AB33A,1CDCB48F64E21D5ACAFE2471912E2E76F600EDFA,6CC25EF1B7BA8E6AB5B4F62B3D7D1B6C2E5DB6F3,2020-09-25 04:57:56.011000,2020-09-25 04:57:56.769000
rj6mfxdyy7hn6sk4,failed,not_found,279,461453F94FA0E3CBB011685E22CDAFD2AF0DFDC3,5DA69B086B833FC1DFCF2D9C8B9C3B03137C7EFD,C8DE26D2D119BE7F509E672EE1A3D5FB25DCBA97,6CBACBF2C525B09A55464D836432812A30FEF414,2020-09-25 04:57:56.770000,2020-09-25 04:57:59.023000
rj6mfxdyy7hn6sk4,failed,not_found,318,461453F94FA0E3CBB011685E22CDAFD2AF0DFDC3,14D57DEDF0A4554A2D21AD53CCCC43E31158C733,9772EFB535397C942C3AB8804FB35CFFAD012438,6CB7D0F355B60EF166439E96876BCDEBF8FD8E0F,2020-09-25 04:57:59.023000,2020-09-25 04:58:00.066000
rj6mfxdyy7hn6sk4,failed,not_found,337,461453F94FA0E3CBB011685E22CDAFD2AF0DFDC3,BF735F669481EE1CCC348F0731551C933D1E2278,C5F214F7F9CCBF09324C9AA032760150243A196C,C74E2C7FB511861A489C60F7503A6FD74C12723E,2020-09-25 04:58:00.067000,2020-09-25 04:58:01.128000
rj6mfxdyy7hn6sk4,failed,not_found,361,461453F94FA0E3CBB011685E22CDAFD2AF0DFDC3,0990E0F4F2C127BDDA9B6726400FAC077F6C83B0,AE6A8C18E7499B586CD36246AC4BCAFFBBF93AB2,C74C79346BFB34C050CD3DF4E3C73D43A1383A60,2020-09-25 04:58:01.129000,2020-09-25 04:58:02.560000
rj6mfxdyy7hn6sk4,failed,not_found,386,461453F94FA0E3CBB011685E22CDAFD2AF0DFDC3,D56A98D38FC3C75E0347EEF3DD9C12749AF7C7C5,CE47F0356D86CF0A1A2008D97623216D560FB0A8,C74469EC04787CC458FB1DCDF456C5092CF08B19,2020-09-25 04:58:02.561000,2020-09-25 04:58:03.249000
76mxa7wtsx63sexh,failed,not_found,283,461453F94FA0E3CBB011685E22CDAFD2AF0DFDC3,D7829A21726220AF77401BE5B2B132963A0BE82B,D7DB8E82604F806766FC3F80213CF719A0481D0B,620C95FD5C1C4DA2D212C7F05494E49C6130BDAF,2020-09-25 04:57:56.997000,2020-09-25 04:57:59.488000
76mxa7wtsx63sexh,failed,not_found,322,461453F94FA0E3CBB011685E22CDAFD2AF0DFDC3,14D57DEDF0A4554A2D21AD53CCCC43E31158C733,54DE63F4587058B79152A75A0238D7F7A0279215,3DCFC8F04E088BB33228FED97662D4E87B0F195A,2020-09-25 04:57:59.489000,2020-09-25 04:58:00.325000
76mxa7wtsx63sexh,failed,not_found,341,461453F94FA0E3CBB011685E22CDAFD2AF0DFDC3,C1B79C4CD9B713BBB6B0522155B46A7BFE3BFAAE,E5CC91BAFE7CCD68003E873D32E38027638D49D7,3DC748C2DFF1F8E9DA5626BB3CBAAFF31D706C10,2020-09-25 04:58:00.325000,2020-09-25 04:58:01.504000
76mxa7wtsx63sexh,failed,not_found,362,461453F94FA0E3CBB011685E22CDAFD2AF0DFDC3,D56A98D38FC3C75E0347EEF3DD9C12749AF7C7C5,656347EBA74F6320B85192EE22F805CF50098711,620DB859CB0F86B02F81919DA10799E71D92762A,2020-09-25 04:58:01.505000,2020-09-25 04:58:02.520000
76mxa7wtsx63sexh,failed,not_found,383,461453F94FA0E3CBB011685E22CDAFD2AF0DFDC3,A96DA63E4415E776FBFCCF3DA7154C804534B6E7,901CBA6FF3B90618D3FFEFF040353C267F690DF8,621EA822CEAC095845A0CFFFA503D2993AB10FF3,2020-09-25 04:58:02.520000,2020-09-25 04:58:03.492000
76mxa7wtsx63sexh,failed,not_found,405,461453F94FA0E3CBB011685E22CDAFD2AF0DFDC3,EBDD9A8BC45D0543D0FDC93940EE06E56E749A99,1D04FF920CE804CE357FE62C665901C578BC26D6,3DD93E6A1959804D0E36D26E83CA86E3AD3F4DE4,2020-09-25 04:58:03.493000,2020-09-25 04:58:04.479000
nhvhb3h6cmuwa22j,failed,not_found,284,461453F94FA0E3CBB011685E22CDAFD2AF0DFDC3,733CB01BFBABADA6AC5C363C4449D7D563C794C1,DA9E02BB8080E473157052F70439B7886AA8569D,9F5068310818ED7C70B0BC4087AB55CB12CB4377,2020-09-25 04:57:57.015000,2020-09-25 04:57:57.827000
nhvhb3h6cmuwa22j,failed,not_found,296,461453F94FA0E3CBB011685E22CDAFD2AF0DFDC3,F5F4019509109A07E90C45A022CEED9ECA1643C8,34979DBD475FFED9CF6556E349DDEDEE69104345,02ED4F8DB11F1303BA21B16AA1CF2A0A48547ACA,2020-09-25 04:57:57.827000,2020-09-25 04:57:58.751000
nhvhb3h6cmuwa22j,failed,not_found,295,461453F94FA0E3CBB011685E22CDAFD2AF0DFDC3,ED96C0D8C4EA7753D8F2A63BB00AFBF96C419853,0F6E5CA4BF5565D9AA9FDDCA165AFC6A5305763D,9F688C46E0046AD2C026C18D9343252279E42535,2020-09-25 04:57:58.752000,2020-09-25 04:57:59.990000
nhvhb3h6cmuwa22j,failed,not_found,333,461453F94FA0E3CBB011685E22CDAFD2AF0DFDC3,3076FB1CCEB8341322019AD26F69BFC0AA845334,E6C04728E9339DF22F331B7017D4A7AA3F252F0B,02FAEC637620B6DFF329022CEAA4D83BA23CEC6F,2020-09-25 04:57:59.990000,2020-09-25 04:58:00.928000
nhvhb3h6cmuwa22j,failed,not_found,352,461453F94FA0E3CBB011685E22CDAFD2AF0DFDC3,4FF53BC47097B50DA5B68D72C5B25CC079F4A787,61B8BDC91AA7BC9A05EB5A3D652FFF88C98E6911,02F250898E6213FC6B5BAEA368322BEE015AD677,2020-09-25 04:58:00.928000,2020-09-25 04:58:01.915000
nhvhb3h6cmuwa22j,failed,not_found,377,461453F94FA0E3CBB011685E22CDAFD2AF0DFDC3,43A8F247F9FA636BE30D4DFE66B55233A2D8A738,F0F5074A6DADD3DC22E1FAA18FD6D89CBC52771A,9F7D6E6420183C2B76D3CE99624EBC98A21A967E,2020-09-25 04:58:01.915000,2020-09-25 04:58:02.801000
yygl3e4qdppgvo7g,failed,not_found,285,461453F94FA0E3CBB011685E22CDAFD2AF0DFDC3,15BE17C99FACE24470D40AF782D6A9C692AB36D6,C9278B602025FAE439BB554BC4E1184CFF1A2ABF,356B94BAD3096790E409790898144A4030AC225C,2020-09-25 04:57:57.015000,2020-09-25 04:57:58.648000
yygl3e4qdppgvo7g,failed,not_found,308,461453F94FA0E3CBB011685E22CDAFD2AF0DFDC3,DEB594A54845BBF48E218828522BC204C2E3DAE1,138B95F9A10E8BEBA6B142ADAC7331765C61ACE4,BA405E953DBE33BA2388F6B5954EDFBCE4CD1196,2020-09-25 04:57:58.648000,2020-09-25 04:58:00.796000
yygl3e4qdppgvo7g,failed,not_found,348,461453F94FA0E3CBB011685E22CDAFD2AF0DFDC3,29A39144AD141242436D07901F7A8B91F7516A66,724E86E7F5DA715529DC0ECAA013AE4BDC680E4C,BA38FDB6FE97442388C35FE83F371BB1C6C4324B,2020-09-25 04:58:00.797000,2020-09-25 04:58:01.761000
yygl3e4qdppgvo7g,failed,not_found,372,461453F94FA0E3CBB011685E22CDAFD2AF0DFDC3,6E4B0D429CD87AB6C25D72E298294C583FF8BA4A,F8D27B163B9247B232A2EEE68DD8B698695C28DE,356ACBA2D112CA4D1457F27D2EA0759BF82EE898,2020-09-25 04:58:01.761000,2020-09-25 04:58:02.535000
yygl3e4qdppgvo7g,failed,not_found,385,461453F94FA0E3CBB011685E22CDAFD2AF0DFDC3,3F65766ADE067D9D08920E3B74DAB9040EDD26B2,A6C983C2F7EEADD55CE9169E540EBD95423FC260,BA348901BC6A0FE4DA86C53433414A3124934FCF,2020-09-25 04:58:02.536000,2020-09-25 04:58:03.724000
yygl3e4qdppgvo7g,failed,not_found,408,461453F94FA0E3CBB011685E22CDAFD2AF0DFDC3,645C3F0545E0975A49F69EC272C0C3EA28586825,0EB07340EF2D1608FC16F6268E1DA0C532EB3D11,356E3DFC797A52AB79C83323C5EAEF4CA638ED52,2020-09-25 04:58:03.724000,2020-09-25 04:58:04.726000
ay6nsgdhx53zhf7n,failed,not_found,299,461453F94FA0E3CBB011685E22CDAFD2AF0DFDC3,9B047A91AC809AA020A1F42E3E785DBCEBF3652F,47C362713928A711FC105AF54993576E41CB1B7F,C0BAB92DD18FF83E315CC114238F71CF6E782D66,2020-09-25 04:57:57.983000,2020-09-25 04:57:59.093000
ay6nsgdhx53zhf7n,failed,not_found,319,461453F94FA0E3CBB011685E22CDAFD2AF0DFDC3,63540827C4832D214984EA47B7A68C593F9F862F,3D615DEF97F387631F50201FAFA6E7B67FDF3FEF,3A209C005F58AF0BCDDEDC4423CFFD3AB3B826F5,2020-09-25 04:57:59.093000,2020-09-25 04:57:59.916000
ay6nsgdhx53zhf7n,failed,not_found,330,461453F94FA0E3CBB011685E22CDAFD2AF0DFDC3,77375E4B8A1B4838D5A65C0E9638C4856D5137B3,23A2D8DDF761F35CC63BDF65E604B76A7E2F6971,C0BFC0A0341BD0293F093DEC6966B99038A31B79,2020-09-25 04:57:59.916000,2020-09-25 04:58:01.683000
ay6nsgdhx53zhf7n,failed,not_found,368,461453F94FA0E3CBB011685E22CDAFD2AF0DFDC3,FFA72BD683BC2FCF988356E6BEC1E490F313FB07,431702B3A68A6015F9955DD4FD0129175B43EA0F,C0AEABA1B55519FE5384AA44D0312BE98216DA71,2020-09-25 04:58:01.684000,2020-09-25 04:58:02.621000
ay6nsgdhx53zhf7n,failed,not_found,387,461453F94FA0E3CBB011685E22CDAFD2AF0DFDC3,38F0B34A86E19A2C65B20F95BFB0CBE40E3165C9,BEBA52AC89045D6EAD68E977DF3F98BCF8330AAF,3A27CC4147062E4EFDF46F848FEA7FF032A04E5F,2020-09-25 04:58:02.622000,2020-09-25 04:58:03.598000
ay6nsgdhx53zhf7n,failed,not_found,406,461453F94FA0E3CBB011685E22CDAFD2AF0DFDC3,9772EFB535397C942C3AB8804FB35CFFAD012438,BF735F669481EE1CCC348F0731551C933D1E2278,3A4D13F52A4C9A13AD60D94615D4C0B2F5F69E3C,2020-09-25 04:58:03.599000,2020-09-25 04:58:05.120000
ehmggkdw7cb4d45z,failed,not_found,300,461453F94FA0E3CBB011685E22CDAFD2AF0DFDC3,F6CD4DBF5850AC4386DD9A424918AD3C6BA2716F,27EE4854D03F81FAEA3884A44303BE00DEEEE555,7AB8B08DF8B90D108EFC37D74CA90A7B939A023D,2020-09-25 04:57:57.983000,2020-09-25 04:57:58.790000
ehmggkdw7cb4d45z,failed,not_found,311,461453F94FA0E3CBB011685E22CDAFD2AF0DFDC3,4FDDFAD51B24DDABB62FB59071F4DC421E76C685,58A7199712C0E52B3C5F2F8E8B27B5A62BE58BC8,2CD5474E33D12629156B92FBD61FAAB22D07B0F7,2020-09-25 04:57:58.790000,2020-09-25 04:57:59.773000
ehmggkdw7cb4d45z,failed,not_found,327,461453F94FA0E3CBB011685E22CDAFD2AF0DFDC3,F0A3054C76604DC75D3F57F55C27F1BFB643F107,A36D13036750E477E0C5628A5BE4FECB63286D80,2CD317C624803B77EAD32C96382884B0CAD4DB3F,2020-09-25 04:57:59.774000,2020-09-25 04:58:00.660000
ehmggkdw7cb4d45z,failed,not_found,345,461453F94FA0E3CBB011685E22CDAFD2AF0DFDC3,5C83A9F985E2ACFBC3D3E5DB7F5C7C91FF7FE7AA,06BBEAA6F73759A1795EB461D39D2AA168F305D1,2CCCE975EAA30BC303DE0B5FCE50A25917F6A531,2020-09-25 04:58:00.660000,2020-09-25 04:58:01.801000
ehmggkdw7cb4d45z,failed,not_found,374,461453F94FA0E3CBB011685E22CDAFD2AF0DFDC3,AC330D98115D6DA8A82E24469BFB03A5B365AB56,856DAB2FDC9EED88A27BE2265FA6BD5489EF178E,7AAF5597B18D82CC90CA95FB7976A1CEA4A32E06,2020-09-25 04:58:01.801000,2020-09-25 04:58:02.763000
ehmggkdw7cb4d45z,failed,not_found,395,461453F94FA0E3CBB011685E22CDAFD2AF0DFDC3,72270EB58EDEBE727AA29E67417628DBCE889FAE,695D811B130673C2DE8DCFC5A9E742790BD25066,7A6EC43FD4CD5990230FCE48EC37AFC578E36CE6,2020-09-25 04:58:02.763000,2020-09-25 04:58:03.807000
ry46enbga7r3pwwg,failed,not_found,301,461453F94FA0E3CBB011685E22CDAFD2AF0DFDC3,5CCC3569C67B7F1BB733664D43DF4645F2A4B04D,562434D987CF49D45649B76ADCA993BEA8F78471,1F7AADAEBD6141DCEA320FE821DC2CF8E7E44B81,2020-09-25 04:57:57.993000,2020-09-25 04:57:58.906000
ry46enbga7r3pwwg,failed,not_found,313,461453F94FA0E3CBB011685E22CDAFD2AF0DFDC3,D37DD572BDA66FC03A33F257975A7F9C167AC8E5,0C6D3655763B1A3A60FC42135CD60765AFE953BA,1F772DD93DA20A6745E334BAFFC7B9765876BB11,2020-09-25 04:57:58.907000,2020-09-25 04:58:01.874000
ry46enbga7r3pwwg,failed,not_found,439,461453F94FA0E3CBB011685E22CDAFD2AF0DFDC3,870E97E5846D8308EA469A5BB5A50D2838503DBE,0B58A95E539FFA6C05C010F5C1DA35FB8038E3A8,85BFDBFCF9E711CF0F1A22C115368724D7C101F7,2020-09-25 04:58:01.874000,2020-09-25 04:58:06.674000
ry46enbga7r3pwwg,failed,not_found,461,461453F94FA0E3CBB011685E22CDAFD2AF0DFDC3,E76E2BC2FC9273BFBA38947EB5572076270D49D5,09A70E396DE93F54D4541BBB0EC8E2B23761F34F,1F7EAF14071F8975AFCF219FD62E8451B40E70BB,2020-09-25 04:58:06.674000,2020-09-25 04:58:07.683000
ry46enbga7r3pwwg,failed,not_found,482,461453F94FA0E3CBB011685E22CDAFD2AF0DFDC3,F9674F45A25CAA977E7B872807E0A070C121F5FA,0A7208B8903DD3FF5CDFA218A3823AF498CE69CE,85C29D07636BEBACFCA0DF5AB31B333882745065,2020-09-25 04:58:07.683000,2020-09-25 04:58:08.523000
ry46enbga7r3pwwg,failed,not_found,498,461453F94FA0E3CBB011685E22CDAFD2AF0DFDC3,FCE1FA95BC61BC2FF9752EE9BB5651805A30FD99,CCD879EE5FBC5FE758C8EC098D40372C7C82C5C0,85C8D89DC303DD8F0D566677FCA8BA6A58A2ACAD,2020-09-25 04:58:08.523000,2020-09-25 04:58:09.354000
lj2rap254aizlscw,failed,not_found,315,461453F94FA0E3CBB011685E22CDAFD2AF0DFDC3,547C1CDB516798EC66A01F04A5884DCE1A151919,B22C4BF9747DBBC843F1BBBA272FDB7B6045EB01,510176C07005D47B23E6796F02C93241A29AA0E9,2020-09-25 04:57:58.985000,2020-09-25 04:58:00.222000
lj2rap254aizlscw,failed,not_found,339,461453F94FA0E3CBB011685E22CDAFD2AF0DFDC3,13F7EAE731CA4600951986921E08ECAB9B1D2AF6,1034775A01EA629979D0A601EC85FDF2F584CC45,E3E7491900ECA759D7FA64E6B1CCBD6AC69474D7,2020-09-25 04:58:00.223000,2020-09-25 04:58:01.386000
lj2rap254aizlscw,failed,not_found,347,461453F94FA0E3CBB011685E22CDAFD2AF0DFDC3,9B047A91AC809AA020A1F42E3E785DBCEBF3652F,79B207AD51842FA215D956B9307B3D01CD347368,50F6216AD70E26B9FE70808380A1754BDF3DD0E5,2020-09-25 04:58:01.386000,2020-09-25 04:58:01.711000
lj2rap254aizlscw,failed,not_found,369,461453F94FA0E3CBB011685E22CDAFD2AF0DFDC3,5B1F0DAF378A1FAFCFD5FA9CDC66D1023DC0276E,88748052843CC93A02BE1D9E9B5B358AB3A104AA,E3D61BAEA0B7CB12CACEDC8821C520557BDFCEA3,2020-09-25 04:58:01.711000,2020-09-25 04:58:02.520000
lj2rap254aizlscw,failed,not_found,384,461453F94FA0E3CBB011685E22CDAFD2AF0DFDC3,58F3E2956EABB81F673E2FB90E16E001DB4AC3AE,B149064611DC466405E1825956F36B202DCE6E4A,E3DAF067B028450B31CF5CE118F2F9AC53146ABD,2020-09-25 04:58:02.520000,2020-09-25 04:58:04.116000
lj2rap254aizlscw,failed,not_found,418,461453F94FA0E3CBB011685E22CDAFD2AF0DFDC3,61004152C709672EE739F2667B56EF5550A51332,36BABBBC06E2BF9D2C992371324B95B812E10A40,50D1473A213DB343E97664C71C09D28EC2692CB3,2020-09-25 04:58:04.116000,2020-09-25 04:58:05.483000
jb25eq3gwgaj72y4,failed,not_found,316,461453F94FA0E3CBB011685E22CDAFD2AF0DFDC3,C49A177510CAA653DA6727BF0E07FB7F56A0F09D,F244C5F5DDE2F29CA1F88E4C9F9FACCC48BCA857,3239007CE1FB2ECDFDF2067DF23B949295DC5EF6,2020-09-25 04:57:59.008000,2020-09-25 04:57:59.819000
jb25eq3gwgaj72y4,failed,not_found,329,461453F94FA0E3CBB011685E22CDAFD2AF0DFDC3,A597AC866E40CAB5A67759ADE4942192E99DE684,91C6AE74A3520AE890F051E992F5C7F6D391E61F,322BB33F4887230B0767F54BA08A450B68D777F2,2020-09-25 04:57:59.819000,2020-09-25 04:58:00.797000
jb25eq3gwgaj72y4,failed,not_found,349,461453F94FA0E3CBB011685E22CDAFD2AF0DFDC3,856B7EFB7E09D02A29DD2FF024B7E1EFE21FE9EB,9B2BC7EFD661072AFADC533BE8DCF1C19D8C2DCC,322C6E3A973BC10FC36DE3037AD27BC89F14723B,2020-09-25 04:58:00.797000,2020-09-25 04:58:01.618000
jb25eq3gwgaj72y4,failed,not_found,365,461453F94FA0E3CBB011685E22CDAFD2AF0DFDC3,C4D43EC18179F7B2E8187D7E284D6D547217B39E,9A1B4E6D96C9321657FA31036A54C4216EE978A2,12D9DA539F47A5591FD53D92BA9BDDF8889689EC,2020-09-25 04:58:01.618000,2020-09-25 04:58:03.388000
jb25eq3gwgaj72y4,failed,not_found,403,461453F94FA0E3CBB011685E22CDAFD2AF0DFDC3,4A69F9226B6113B0681D5C93BBD60D5FCCBE4817,61FA7E7C766577D76EBABF19330993DEFA8AF3C3,12D978C2A4CB4AC17940FE88F899B67A0FF9BAAD,2020-09-25 04:58:03.389000,2020-09-25 04:58:04.327000
jb25eq3gwgaj72y4,failed,not_found,409,461453F94FA0E3CBB011685E22CDAFD2AF0DFDC3,5436FC72ABDEAC39BF58E64E5E12C462A7D3D088,8BE79CE3261C027CE94F84D6CBE45F03BE9B8B59,12F4C3DB1C8FE1C49FE984B02364CFB1946A8BB9,2020-09-25 04:58:04.328000,2020-09-25 04:58:05.174000
v7chfu7guc2ruik6,failed,not_found,317,461453F94FA0E3CBB011685E22CDAFD2AF0DFDC3,263907E9D48FBEAE6E64B10C628AE8BDF466869B,41145C3169D810DB360FF2FCA232093B02C0B262,0A9771723D8DE2E015718303DCC8BCD88AFC620A,2020-09-25 04:57:59.009000,2020-09-25 04:57:59.956000
v7chfu7guc2ruik6,failed,not_found,331,461453F94FA0E3CBB011685E22CDAFD2AF0DFDC3,A1B28D636A56AAFFE92ADCCA937AA4BD5333BB4C,775B0FAFDE71AADC23FFC8782B7BEB1D5A92733E,0AB05FC63CF9AC7070C1D89BB1A1189C319E1A92,2020-09-25 04:57:59.956000,2020-09-25 04:58:00.963000
v7chfu7guc2ruik6,failed,not_found,353,461453F94FA0E3CBB011685E22CDAFD2AF0DFDC3,39BD825F627DDF78E322EB4378C17615506AD3A1,070229A4CC2CFFB24EB667298A7DB5E8D11EB701,90B64F9E18B59AF322EBD28B8F8CD65C53E10CE1,2020-09-25 04:58:00.964000,2020-09-25 04:58:01.843000
v7chfu7guc2ruik6,failed,not_found,375,461453F94FA0E3CBB011685E22CDAFD2AF0DFDC3,5F0BFF8BF2C7528E41DB149245F4736C75CC7779,1C79261551E0F938A0D3959E1F2D74A4B48263FA,90C1BC10DF081A01D50E382D7271955E01FCF6C9,2020-09-25 04:58:01.843000,2020-09-25 04:58:03.160000
v7chfu7guc2ruik6,failed,not_found,401,461453F94FA0E3CBB011685E22CDAFD2AF0DFDC3,E546C96AEB2258BD0733949027E8F96156F6B290,DEF8C760A79FEF2358E03AE5A1950086ABEB953E,0AAF0B549639B01EDB6E190C8551EDC2C8EDA2A5,2020-09-25 04:58:03.161000,2020-09-25 04:58:04.096000
v7chfu7guc2ruik6,failed,not_found,417,461453F94FA0E3CBB011685E22CDAFD2AF0DFDC3,99D5C9A5A7238986D1EA1D7771CF81B4A192C4D0,1F4105C688E835A56AF3D66C787677B57240FFA2,90BF7147B422A1BABEFA503656EBD17987424441,2020-09-25 04:58:04.096000,2020-09-25 04:58:05.329000
dmjqjswmze5elkan,failed,not_found,332,461453F94FA0E3CBB011685E22CDAFD2AF0DFDC3,E81EF60A73B3809F8964F73766B01BAA0A171E20,F001CD2A9E27B7E3ECD120951CAF968213967B31,FE1AF5E909002134BFF834F4AD5E1DE723779002,2020-09-25 04:57:59.989000,2020-09-25 04:58:01.102000
dmjqjswmze5elkan,failed,not_found,359,461453F94FA0E3CBB011685E22CDAFD2AF0DFDC3,81A59766272894D27FE8375C4F83A6BA453671EF,D52A160303C638D9FB03463F8A6B7934D5787F4C,FDFD675D05216549EB7DA545E32ECFCEEAE805F2,2020-09-25 04:58:01.102000,2020-09-25 04:58:02.075000
dmjqjswmze5elkan,failed,not_found,381,461453F94FA0E3CBB011685E22CDAFD2AF0DFDC3,4FF53BC47097B50DA5B68D72C5B25CC079F4A787,6B9EA8927AB6E94E216067E65372182343A5AFA2,25E078CD1E537A7418318168F7E1990EF2A160C8,2020-09-25 04:58:02.075000,2020-09-25 04:58:02.800000
dmjqjswmze5elkan,failed,not_found,391,461453F94FA0E3CBB011685E22CDAFD2AF0DFDC3,D76110E770FB5F6D09CB801D6379C33A1A6C0CC3,C2A3F4315DEC7F4E31D18818E1002B0C6A2E5535,260B86A04CBEDE605F183624C2FCA3CE81FD24A1,2020-09-25 04:58:02.801000,2020-09-25 04:58:04.561000
dmjqjswmze5elkan,failed,not_found,425,461453F94FA0E3CBB011685E22CDAFD2AF0DFDC3,DB16F1A69EDEFED20A2B341CC8E59241F62A399E,0C3D5E19E3C75B505C8ACD26F89DCA2DF970553E,25F49247646F1F9C9C4B31217AE004308B271359,2020-09-25 04:58:04.562000,2020-09-25 04:58:06.626000
dmjqjswmze5elkan,failed,not_found,460,461453F94FA0E3CBB011685E22CDAFD2AF0DFDC3,F1759BB360F666B6A8CE02CD04F028E8425FD9CF,E1468D867FA3230EC1DACFCA87A800BAF22E79E0,FE00A3A835680E67FBBC895A724E2657BB253E97,2020-09-25 04:58:06.627000,2020-09-25 04:58:07.854000
h6joiip5jbkqwf74,failed,not_found,335,461453F94FA0E3CBB011685E22CDAFD2AF0DFDC3,5AFF316FFF256D28BF1E9C1A74FB7385C2EFB2F7,6B9EA8927AB6E94E216067E65372182343A5AFA2,3FE39429CB7077BBB13D2774591A1B80EE493742,2020-09-25 04:58:00.026000,2020-09-25 04:58:01.065000
h6joiip5jbkqwf74,failed,not_found,357,461453F94FA0E3CBB011685E22CDAFD2AF0DFDC3,B8E514ADDC653D61DE1FCB67821BB0303778782F,2083FBB5A67DB15F8ABF0C8319594EE9FBE65DAF,F5FD7EF4307F8C5C398147877F32A9F9F71E2092,2020-09-25 04:58:01.066000,2020-09-25 04:58:02.519000
h6joiip5jbkqwf74,failed,not_found,382,461453F94FA0E3CBB011685E22CDAFD2AF0DFDC3,E81993EA52B73285CFFD02FEC003569D21483001,B568135C5E345BAFB080C11FDDF348E545A722E5,F604131DCC4303E51DB876A017A3DC9684FD626B,2020-09-25 04:58:02.520000,2020-09-25 04:58:03.416000
h6joiip5jbkqwf74,failed,not_found,404,461453F94FA0E3CBB011685E22CDAFD2AF0DFDC3,44354E35E9F7F97AF27686D03B0D591686E35394,87B529BCF6B52BE28BBB22EC4AA702F9AE42D551,F6740DEABFD5F62612FA025A5079EA72846B1F67,2020-09-25 04:58:03.417000,2020-09-25 04:58:04.262000
h6joiip5jbkqwf74,failed,not_found,429,461453F94FA0E3CBB011685E22CDAFD2AF0DFDC3,23A2D8DDF761F35CC63BDF65E604B76A7E2F6971,6DCCA448F8EDC79553CE60E8E21030E942CCC3B9,3FF0DD5AC13713D319E09C40E93E0D26717B851D,2020-09-25 04:58:04.263000,2020-09-25 04:58:05.625000
h6joiip5jbkqwf74,failed,not_found,441,461453F94FA0E3CBB011685E22CDAFD2AF0DFDC3,CFD34B1E1C4FE1363C39169D65389CF3856810B1,CB92FA4D7D71F134CE1F1FFF2BFF53E88DD4A1DB,3FEBFB6A491D30CACC2C2995EDB41717A6F94E95,2020-09-25 04:58:05.625000,2020-09-25 04:58:07.570000
pmafgy3kfznkzfdk,failed,not_found,336,461453F94FA0E3CBB011685E22CDAFD2AF0DFDC3,A231513B758330E6E6DB18F5B6EC6DAAA406C31D,72C2EB697C3CD4CE7408359B386DEE6B2888F714,034AA4B30F77DF0FE183602EA7F8251FF2CF1BA2,2020-09-25 04:58:00.041000,2020-09-25 04:58:00.890000
pmafgy3kfznkzfdk,failed,not_found,351,461453F94FA0E3CBB011685E22CDAFD2AF0DFDC3,1D04FF920CE804CE357FE62C665901C578BC26D6,CF6A6080091BB210AA3892FEFE2F6A396DA08DF3,70FF4E669EC69F8E324537D05ADDAAED76303D8D,2020-09-25 04:58:00.890000,2020-09-25 04:58:01.660000
pmafgy3kfznkzfdk,failed,not_found,366,461453F94FA0E3CBB011685E22CDAFD2AF0DFDC3,7355A4A20BA4C083C921464302108C121BAC7EF2,454BE75256A4A5EC2B7FE2EB2E1C62F2736AB175,71026B999E15ECC0BCCA56B972E210CCA76AD96A,2020-09-25 04:58:01.661000,2020-09-25 04:58:02.353000
pmafgy3kfznkzfdk,failed,not_found,370,461453F94FA0E3CBB011685E22CDAFD2AF0DFDC3,C056D9887C999E8D9DB43CF300E1F73A7E0D1D74,9AC1E6D6D65D8036A42F3F6B88ADC2BEBDE17F17,0338F9F55111FE8E3570E7DE117EF3AF999CC1D7,2020-09-25 04:58:02.354000,2020-09-25 04:58:02.934000
pmafgy3kfznkzfdk,failed,not_found,394,461453F94FA0E3CBB011685E22CDAFD2AF0DFDC3,44730B2450213BC3E2DAA4854458D134F0644FF2,33D88F331408141F2A2CC563239E54E48F7A211B,70F09E981D6D4A34A35F248F0C873CBA356A0612,2020-09-25 04:58:02.934000,2020-09-25 04:58:04.184000
pmafgy3kfznkzfdk,failed,not_found,419,461453F94FA0E3CBB011685E22CDAFD2AF0DFDC3,41CEB66108B70108F148BF7778260A87723AACA1,893BAE43EAC1507C5FBD046C325343D58FC04588,0325B91D3C32D3A24C863D5DFBED00564FAD5C64,2020-09-25 04:58:04.185000,2020-09-25 04:58:05.174000
2e65kcrea6hbuux7,failed,not_found,354,461453F94FA0E3CBB011685E22CDAFD2AF0DFDC3,EE010EF80A27AC0B02CDC2B8B214A6201BB02D2B,4CD4DFFEF3971C902A22100D911CAC639BE2EF5C,82ACC2C54FA8E53FB1A9C990CD0CD00077329DFD,2020-09-25 04:58:00.984000,2020-09-25 04:58:01.762000
2e65kcrea6hbuux7,failed,not_found,373,461453F94FA0E3CBB011685E22CDAFD2AF0DFDC3,EE7CD2A763435C7006095BD167C790ABE5BC4DEA,B940AAC942E9929E673C3533F510C5261B50790C,B81B38902BF026BF2591CA2D73B99CEEB03F0869,2020-09-25 04:58:01.762000,2020-09-25 04:58:02.839000
2e65kcrea6hbuux7,failed,not_found,392,461453F94FA0E3CBB011685E22CDAFD2AF0DFDC3,9B5ED3370E002AEBB2A9B25E3213C1817CCD2D88,9E6BA60AFBF9A4946A52770ABCDFC95703DAD6CB,82B94663F141978FB2252A166A7FCFF0BA3A1701,2020-09-25 04:58:02.839000,2020-09-25 04:58:03.691000
2e65kcrea6hbuux7,failed,not_found,407,461453F94FA0E3CBB011685E22CDAFD2AF0DFDC3,B0DB2F173F0DB364BABF7A465D796B3C048F1F33,0C3D5E19E3C75B505C8ACD26F89DCA2DF970553E,B82D54B92FC8F985B4E3F805288F61632A5DAF61,2020-09-25 04:58:03.692000,2020-09-25 04:58:04.675000
2e65kcrea6hbuux7,failed,not_found,426,461453F94FA0E3CBB011685E22CDAFD2AF0DFDC3,C37F87C0125E26E6ACF54366FA2198209E856ABE,E9CE81CC21B63FD316F642E6AF867D6FE0C3A847,B8240A4C715A2595CE54C82AB175C80214768B4A,2020-09-25 04:58:04.676000,2020-09-25 04:58:05.869000
2e65kcrea6hbuux7,failed,not_found,447,461453F94FA0E3CBB011685E22CDAFD2AF0DFDC3,4CFE65E16DBE9D9ED0CFFBD9BEEEE4EAE50CD33F,11ABDB4D0B944F186A898560CB82C70439957DCA,82DA9678A0BAE60087AA68A3E1D6E6A2C4246D6D,2020-09-25 04:58:05.870000,2020-09-25 04:58:06.794000
fb3ny2ehpqc22wtz,failed,not_found,355,461453F94FA0E3CBB011685E22CDAFD2AF0DFDC3,ECB24A326D382F84B7BD630CFDBE1A0CDCE0245A,746B3C4BADCCA09003DD091AF028560A61E0A48E,EE3AC155F03CDA6BDD8877179A91F3CEEB0FDE05,2020-09-25 04:58:01.028000,2020-09-25 04:58:02.656000
fb3ny2ehpqc22wtz,failed,not_found,388,461453F94FA0E3CBB011685E22CDAFD2AF0DFDC3,1841CB960128806151B61FC6D87AFBE9A98B99D7,0E300A0942899B995AE08CEF58062BCFEB51EEDF,7D928720EC0CB5C2AFE04DF0EBC37BD59B00EAB4,2020-09-25 04:58:02.656000,2020-09-25 04:58:04.011000
fb3ny2ehpqc22wtz,failed,not_found,413,461453F94FA0E3CBB011685E22CDAFD2AF0DFDC3,79E3B585803DE805CCBC00C1EF36B1E74372861D,CEA2E066A7F8EC0F235F5190E25DD3C9F86F084B,EE36437DFD15BFBDE7D7F471727C3050EB4EDCC5,2020-09-25 04:58:04.012000,2020-09-25 04:58:05.380000
fb3ny2ehpqc22wtz,failed,not_found,438,461453F94FA0E3CBB011685E22CDAFD2AF0DFDC3,72C2EB697C3CD4CE7408359B386DEE6B2888F714,A23A7219B1EA9D583E66DFF26D62573DE64A9C29,7D9C03F812241DB08ADA96635E727A2EF7879384,2020-09-25 04:58:05.381000,2020-09-25 04:58:06.231000
fb3ny2ehpqc22wtz,failed,not_found,443,461453F94FA0E3CBB011685E22CDAFD2AF0DFDC3,0B25110BA3473A6DC04AB58A3A0D5E4D6922A0E0,ED9A731373456FA071C12A3E63E2C8BEF0A6E721,EE482116B2A49A2B64536526EADD8DE932F691CD,2020-09-25 04:58:06.232000,2020-09-25 04:58:06.782000
fb3ny2ehpqc22wtz,failed,not_found,464,461453F94FA0E3CBB011685E22CDAFD2AF0DFDC3,56927E61B51E6F363FB55498150A6DDFCF7077F2,87F0596154FE31BEEF033EF8A0C054C83279FA5F,7D921363817BE896B5462E90033DA937BEF7CE3F,2020-09-25 04:58:06.783000,2020-09-25 04:58:07.999000
f23js33hhb2pahhh,failed,not_found,356,461453F94FA0E3CBB011685E22CDAFD2AF0DFDC3,3655BA69BDB86299057FDE2FF1A788003BE1043D,E77B260DADB37C6E0AED1287843512B114705AD2,486740353B905AA4731F82C0B4CC25821A62C6E3,2020-09-25 04:58:01.029000,2020-09-25 04:58:03.038000
f23js33hhb2pahhh,failed,not_found,399,461453F94FA0E3CBB011685E22CDAFD2AF0DFDC3,63B32F7E5389E8DBC5E1BCEFE48312DA7CCEF5D6,0B19BBFDC498CCEA23027B1D7BD8E20121B95E60,488C94BA00DC38397BE3EA051AB3BF8FE660A062,2020-09-25 04:58:03.039000,2020-09-25 04:58:03.800000
f23js33hhb2pahhh,failed,not_found,411,461453F94FA0E3CBB011685E22CDAFD2AF0DFDC3,F6740DEABFD5F62612FA025A5079EA72846B1F67,03CFF90060461087D34FFB7B485C3AD30143775C,3CAA25A190B2F030DE86D0E99329E4D399472FB4,2020-09-25 04:58:03.800000,2020-09-25 04:58:04.785000
f23js33hhb2pahhh,failed,not_found,431,461453F94FA0E3CBB011685E22CDAFD2AF0DFDC3,CDA2C336AD87E22DF02983887A3F74B21070D02D,335037A5AAAE9FEF4A7A00AE5F68064971F1710D,3C8609D996441A690BF31A7AB0374D9E33FA2210,2020-09-25 04:58:04.785000,2020-09-25 04:58:06.139000
f23js33hhb2pahhh,failed,not_found,458,461453F94FA0E3CBB011685E22CDAFD2AF0DFDC3,198F12E2DEFBE6BEEBC38B2FEDD615AECB38DA7A,C013F6A7A2297FA4CD00D05EF4A1C5222B844B25,488E663B4A88C12E6DE6C12F7A6053F09BF7A61A,2020-09-25 04:58:06.140000,2020-09-25 04:58:07.068000
f23js33hhb2pahhh,failed,not_found,552,461453F94FA0E3CBB011685E22CDAFD2AF0DFDC3,65C362597C3AB32C18442D45C061B08167E5F401,E130296683B896A117CE5DA531A5645644178734,3C89C80E2699FB6358BBB64FDC9547AFCB5C03F7,2020-09-25 04:58:07.069000,2020-09-25 04:58:13.517000
rrtweliwepxwrqc5,failed,not_found,378,461453F94FA0E3CBB011685E22CDAFD2AF0DFDC3,10192D0D83B2439FA4B3FF35C5FA8AAE845B7BF3,216D8778B43123805F3FE3D7157223F34EF74A40,5492E760648AABB7BEC08BC87E8F72F55FBBA90D,2020-09-25 04:58:01.984000,2020-09-25 04:58:03.140000
rrtweliwepxwrqc5,failed,not_found,400,461453F94FA0E3CBB011685E22CDAFD2AF0DFDC3,35DA04A92634AF2392CBA6AF158E00B5589A1CFA,E46C3F0533709EE2112874B13A4FE3868B33E75E,54A4820B46E65509BF3E2B892E66930A41759DE9,2020-09-25 04:58:03.140000,2020-09-25 04:58:04.245000
rrtweliwepxwrqc5,failed,not_found,420,461453F94FA0E3CBB011685E22CDAFD2AF0DFDC3,A59AD84F92B2E5A76EBFE3BE62D3B28AF9BFD127,4EBE3B18F7D38D0A2FDD67B47A55CB9069368723,B3DA9D673321B92253DCCD38A9740F2C562C91EA,2020-09-25 04:58:04.245000,2020-09-25 04:58:05.071000
rrtweliwepxwrqc5,failed,not_found,436,461453F94FA0E3CBB011685E22CDAFD2AF0DFDC3,F2D8A6CDED1F4BC42CA4B1164FB6C6644298BE1B,00C22D3BC1822EB8EA380AF04245337399E796E2,B3D56C1E0AD84BA93AF6DC533A8569C3D0E8A58B,2020-09-25 04:58:05.072000,2020-09-25 04:58:06.520000
rrtweliwepxwrqc5,failed,not_found,459,461453F94FA0E3CBB011685E22CDAFD2AF0DFDC3,73713518E8BD7110D0C6D84F0682C1E0B7541F79,019FEB22CE04CBD0489B7F24BE038518B64FA223,54A35E582F9E178542ECCFA48DBE14F401729969,2020-09-25 04:58:06.521000,2020-09-25 04:58:07.654000
rrtweliwepxwrqc5,failed,not_found,480,461453F94FA0E3CBB011685E22CDAFD2AF0DFDC3,99339F3E68BCCC1391BF14C821D80766FE0C5956,CCF28BC8FB26C8C172DEE741702056914D2849BD,B3C6B4D26A20151F568D39ACFA63E15DBC01CD5D,2020-09-25 04:58:07.654000,2020-09-25 04:58:08.698000
p2iy4jglchfiwhr5,failed,not_found,379,461453F94FA0E3CBB011685E22CDAFD2AF0DFDC3,81F59E8936D0B2105182E4B8200AC07D9274961F,99339F3E68BCCC1391BF14C821D80766FE0C5956,B7A115C65ED1AA30C15E11A19A68EB5AAE7ED0C4,2020-09-25 04:58:02.009000,2020-09-25 04:58:02.929000
p2iy4jglchfiwhr5,failed,not_found,424,461453F94FA0E3CBB011685E22CDAFD2AF0DFDC3,FE1AF5E909002134BFF834F4AD5E1DE723779002,E2CF09F998248C71139B24B2C92740AEDB1C6D2A,B7CC64C566EA6486537BA4187870E2F744763CA5,2020-09-25 04:58:02.929000,2020-09-25 04:58:05.858000
p2iy4jglchfiwhr5,failed,not_found,446,461453F94FA0E3CBB011685E22CDAFD2AF0DFDC3,66BD39FE805AED414ADE400CAAD862C9CC3AC34E,C0EA0458CD62CBE412765927BC2CCAFC1D521CED,B9DE57771D72238A0D8C8D3269A255BA448413B0,2020-09-25 04:58:05.859000,2020-09-25 04:58:06.783000
p2iy4jglchfiwhr5,failed,not_found,478,461453F94FA0E3CBB011685E22CDAFD2AF0DFDC3,2AA5F598F9A1812F01CD99E3B59BB87362ED7438,7A3E534C033E3836BD5AF223B642853C502AB33A,B9CF104FE30CC987D0A5FF725770D134EBDB17CD,2020-09-25 04:58:06.783000,2020-09-25 04:58:08.407000
p2iy4jglchfiwhr5,failed,not_found,504,461453F94FA0E3CBB011685E22CDAFD2AF0DFDC3,B058FBDEA69774C28EAC1111E167BC0AD4A904E0,60CA295745930AFA59DB73F877834B4100C7B712,B7826E5C7C22D696E42AE96B696F66C5E9D86984,2020-09-25 04:58:08.407000,2020-09-25 04:58:09.875000
p2iy4jglchfiwhr5,failed,not_found,591,461453F94FA0E3CBB011685E22CDAFD2AF0DFDC3,4F0E5D4E184C40E2B9A89664005B308A1DEE3756,B058FBDEA69774C28EAC1111E167BC0AD4A904E0,B9EAEADEDD4937363CD25FCD7022E55764B8DBBA,2020-09-25 04:58:09.876000,2020-09-25 04:58:14.652000
7yhers6f43jojofn,failed,not_found,380,461453F94FA0E3CBB011685E22CDAFD2AF0DFDC3,EC469289B6E8B0AAD8A60785551028EC4BB36237,A3AFBDEE30238E44899C9F8B7666D12B09C8EE32,7C0AA4E3B73E407E9F5FEB1912F8BE26D8AA124D,2020-09-25 04:58:02.010000,2020-09-25 04:58:03.195000
7yhers6f43jojofn,failed,not_found,402,461453F94FA0E3CBB011685E22CDAFD2AF0DFDC3,74B41DED505CFABC7A8D439362FC9B6589DE4591,25990FC54D7268C914170A118EE4EE75025451DA,01F73DBD9B56C31E3D3AAEB95F8CF1DEB7D9A72F,2020-09-25 04:58:03.195000,2020-09-25 04:58:04.350000
7yhers6f43jojofn,failed,not_found,422,461453F94FA0E3CBB011685E22CDAFD2AF0DFDC3,99339F3E68BCCC1391BF14C821D80766FE0C5956,41CEB66108B70108F148BF7778260A87723AACA1,7BE4752877553A96CD4035D0C526BCD09E81CC64,2020-09-25 04:58:04.351000,2020-09-25 04:58:05.104000
7yhers6f43jojofn,failed,not_found,428,461453F94FA0E3CBB011685E22CDAFD2AF0DFDC3,E1DE607E31C2C0FB6F8FC959BF7B58CE35D95990,CD39C258265B25EAA4ABA4FDCB2DF98104CAA362,7BE3CB407039AA39EB88EF3B00053D3F92EC32AB,2020-09-25 04:58:05.104000,2020-09-25 04:58:05.942000
7yhers6f43jojofn,failed,not_found,450,461453F94FA0E3CBB011685E22CDAFD2AF0DFDC3,63C6AB74A5C288C2159DDC783BB00F88AB44427C,787403EB1E2F7C9BA1B38D0389AA6719463F0F7E,01FDC8E92D3280847D856DA1F9BFC2B4CD2C2EE8,2020-09-25 04:58:05.942000,2020-09-25 04:58:07.005000
7yhers6f43jojofn,failed,not_found,469,461453F94FA0E3CBB011685E22CDAFD2AF0DFDC3,2AA5F598F9A1812F01CD99E3B59BB87362ED7438,92BBADCB0697F5EB1792C607EE2DC1C291A98ADC,01E19A812AF0A4C9584931CD6DC3EC07CEEE3A23,2020-09-25 04:58:07.005000,2020-09-25 04:58:07.958000
jlgz732ufdmkzw77,failed,not_found,396,461453F94FA0E3CBB011685E22CDAFD2AF0DFDC3,F2D09EBC1F1BD97A7EEF896D015D6BB9C6874753,EE556626236B477A40770AACDE5BB140006EFB4D,6C620C35C0EA16657960882DE88B28968EBC8689,2020-09-25 04:58:02.993000,2020-09-25 04:58:04.367000
jlgz732ufdmkzw77,failed,not_found,423,461453F94FA0E3CBB011685E22CDAFD2AF0DFDC3,6610C977840BA8B53C18DF9DCB27B1123AF86A37,23B32039F3A201FB2C215C07E0EB3F38D67ABD13,3EAA79A75F96F4A082DB92E5FA231452BAD3F80C,2020-09-25 04:58:04.367000,2020-09-25 04:58:06.010000
jlgz732ufdmkzw77,failed,not_found,453,461453F94FA0E3CBB011685E22CDAFD2AF0DFDC3,A4771CB90024F1870D622960519945A3E49B40FE,E1DE607E31C2C0FB6F8FC959BF7B58CE35D95990,6C94F282709D385C94087D5F6FB6D8F6648EE3D1,2020-09-25 04:58:06.010000,2020-09-25 04:58:06.795000
jlgz732ufdmkzw77,failed,not_found,466,461453F94FA0E3CBB011685E22CDAFD2AF0DFDC3,FB9D9128C8F3360FDF0507754C125980654E9E17,7FF1A673A5E1F7E9D2495A36C185B890DBD96553,6C64AE6D7EFDA52A463FB6ADCDAE2D2DDE0677C3,2020-09-25 04:58:06.795000,2020-09-25 04:58:08.302000
jlgz732ufdmkzw77,failed,not_found,495,461453F94FA0E3CBB011685E22CDAFD2AF0DFDC3,B98DF300E5EA67357A7F5DDFBA213E6E8312A27C,2DF58694C18525A4892F514D01039BCF44A05433,3EDD00245D93664A33A724BA377150E5531ED033,2020-09-25 04:58:08.303000,2020-09-25 04:58:09.300000
jlgz732ufdmkzw77,failed,not_found,516,461453F94FA0E3CBB011685E22CDAFD2AF0DFDC3,7185B69E3267E71D0E4CBE30209677205DEA5E67,B79589355A41880DFF82F5225F2940437CEDE925,3ECBB7D8D5F93F4A1E1F9C3784B6B62DB8491633,2020-09-25 04:58:09.301000,2020-09-25 04:58:10.642000
qxedgutno765kwbo,failed,not_found,397,461453F94FA0E3CBB011685E22CDAFD2AF0DFDC3,0B25110BA3473A6DC04AB58A3A0D5E4D6922A0E0,6F1F74A4038660B39189EFFF0A1261D54339BBB5,DB5A100152FB7937F02F00B5DDFFFD012789C242,2020-09-25 04:58:03.021000,2020-09-25 04:58:03.799000
qxedgutno765kwbo,failed,not_found,410,461453F94FA0E3CBB011685E22CDAFD2AF0DFDC3,547C1CDB516798EC66A01F04A5884DCE1A151919,00B57BF614F7ED3051073B5D4526FF0B23AF217B,DB53975D02957099E84F319194B8F5C7C6D15712,2020-09-25 04:58:03.800000,2020-09-25 04:58:04.725000
qxedgutno765kwbo,failed,not_found,427,461453F94FA0E3CBB011685E22CDAFD2AF0DFDC3,A0BD104E35D36F5630B01EB5370597EB09204C99,41145C3169D810DB360FF2FCA232093B02C0B262,DB58ED50E920C51F5C1A044E6A04BA669B14CFD2,2020-09-25 04:58:04.725000,2020-09-25 04:58:06.075000
qxedgutno765kwbo,failed,not_found,457,461453F94FA0E3CBB011685E22CDAFD2AF0DFDC3,8F8911CEB5CAA353735DE1EF566B132AB649EF4C,F24F8BEA2779A79111F33F6832B062BED306B9CB,9C900A7F6F5DD034CFFD192DAEC9CCAA813DB022,2020-09-25 04:58:06.076000,2020-09-25 04:58:07.310000
qxedgutno765kwbo,failed,not_found,477,461453F94FA0E3CBB011685E22CDAFD2AF0DFDC3,ED3ACBBB89C5F1597A44A65D2FA203BDB8E208F2,CB21756D213C09812ED2B03DC111CDE937387F9D,9C82CC00A91EADA99555A5F01875F9E0FBCF97B8,2020-09-25 04:58:07.311000,2020-09-25 04:58:08.969000
qxedgutno765kwbo,failed,not_found,510,461453F94FA0E3CBB011685E22CDAFD2AF0DFDC3,D7DB8E82604F806766FC3F80213CF719A0481D0B,83AEDBDB4BE3AD0ED91850BF1A521B843077759E,9C7FD5461AE339DAD8A39316ECCD0178C6541D26,2020-09-25 04:58:08.970000,2020-09-25 04:58:11.090000
rjmtb55lhelaxkqu,failed,not_found,398,461453F94FA0E3CBB011685E22CDAFD2AF0DFDC3,5AD3FB658E490BAD9515F363374AA41D65D31A02,54FF87E18CF4B351BB078A640A4DC5265969485E,609E598FB6A00BCF7872906B602B705B64541C50,2020-09-25 04:58:03.023000,2020-09-25 04:58:03.943000
rjmtb55lhelaxkqu,failed,not_found,412,461453F94FA0E3CBB011685E22CDAFD2AF0DFDC3,672A56A583C658372E63ACEB43E7F791C2819548,B71E68A80C5156745DDE7741F6DE5E3202ABD092,60769652C04712912E6E21CED1F08DC797789A75,2020-09-25 04:58:03.944000,2020-09-25 04:58:05.158000
rjmtb55lhelaxkqu,failed,not_found,437,461453F94FA0E3CBB011685E22CDAFD2AF0DFDC3,DA8D76F5F5819693B5C96F499BA19F7404014769,38F21DEE29E40DCDF9460A80662B7723562CA008,7A3E534C033E3836BD5AF223B642853C502AB33A,2020-09-25 04:58:05.158000,2020-09-25 04:58:05.969000
rjmtb55lhelaxkqu,failed,not_found,451,461453F94FA0E3CBB011685E22CDAFD2AF0DFDC3,A1DAA9D3975D1EBB231277ECDEF68720D3F00C8F,C3ACB0492A644E27A549BC3CDF3B7A129186E3BF,6081104A3482B46B16BC3B8E50903C7BE6A28CEC,2020-09-25 04:58:05.970000,2020-09-25 04:58:07.682000
rjmtb55lhelaxkqu,failed,not_found,481,461453F94FA0E3CBB011685E22CDAFD2AF0DFDC3,DEF8C760A79FEF2358E03AE5A1950086ABEB953E,FC1E441E097BA36930AA2F615EFB325AF76D2595,7AAF5597B18D82CC90CA95FB7976A1CEA4A32E06,2020-09-25 04:58:07.683000,2020-09-25 04:58:09.330000
rjmtb55lhelaxkqu,failed,not_found,517,461453F94FA0E3CBB011685E22CDAFD2AF0DFDC3,A99B0D9E5FD5BC3C8F2D006EC91F8C7F40E09CB8,E75F2ACA1A18291AFE52E6BE0BAC1F805ABC1439,7A6EC43FD4CD5990230FCE48EC37AFC578E36CE6,2020-09-25 04:58:09.331000,2020-09-25 04:58:10.905000
rpekf7jwt72gtjhu,failed,not_found,414,461453F94FA0E3CBB011685E22CDAFD2AF0DFDC3,A6C983C2F7EEADD55CE9169E540EBD95423FC260,DB5DE88B4914F60CDEEF581ECCA8DEA59EF26A90,F3CFC621FEB3E8DE93319C2A8D4EBF0A3D2692FD,2020-09-25 04:58:04.043000,2020-09-25 04:58:04.769000
rpekf7jwt72gtjhu,failed,not_found,430,461453F94FA0E3CBB011685E22CDAFD2AF0DFDC3,3E53D3979DB07EFD736661C934A1DED14127B684,5582BBEC12380E34D7DFB8C237939A0B317B205E,F3D775C73BC57640A3EB7EFAC31CFAEDD14C9C7C,2020-09-25 04:58:04.769000,2020-09-25 04:58:05.921000
rpekf7jwt72gtjhu,failed,not_found,448,461453F94FA0E3CBB011685E22CDAFD2AF0DFDC3,88748052843CC93A02BE1D9E9B5B358AB3A104AA,8A5E7C2D09835974B4D58252BAD51FD8AD54F9CE,F3EB1E1FF45A3CDE4E02FBD4E805D4FC37A4AD56,2020-09-25 04:58:05.921000,2020-09-25 04:58:06.729000
rpekf7jwt72gtjhu,failed,not_found,501,461453F94FA0E3CBB011685E22CDAFD2AF0DFDC3,23A2D8DDF761F35CC63BDF65E604B76A7E2F6971,80AB167E463DC977F0B02D6880E63DC298029875,2151722FC89329E9FA40448FA875B9B459901E66,2020-09-25 04:58:06.730000,2020-09-25 04:58:10.100000
rpekf7jwt72gtjhu,failed,not_found,500,461453F94FA0E3CBB011685E22CDAFD2AF0DFDC3,5414BCD1B6E8A050DFDF832993E237792F8021D2,0451F142D2EF187FABB9A9A17725DA6C51BA3978,213F2B4AB09EE6FF8CA21B804B2E1BD8835088D3,2020-09-25 04:58:10.101000,2020-09-25 04:58:10.874000
rpekf7jwt72gtjhu,failed,not_found,541,461453F94FA0E3CBB011685E22CDAFD2AF0DFDC3,F1E6676A0551B4D88262536FAAB488B861AACA1A,7158D1E0D9F90F7999ACB3B073DA762C9B2C3275,215616527FB97ED5BE0BF8D2166BDB44EEB6A840,2020-09-25 04:58:10.875000,2020-09-25 04:58:11.866000
5i3cxiu5mzyoeibj,failed,not_found,415,461453F94FA0E3CBB011685E22CDAFD2AF0DFDC3,AE95BDA37A5BB4685FEBB7F06649D6CE949B5316,A3AFBDEE30238E44899C9F8B7666D12B09C8EE32,F38FB55A8CCA6A00CDD024A5EA2CFECB38A48E15,2020-09-25 04:58:04.044000,2020-09-25 04:58:04.819000
5i3cxiu5mzyoeibj,failed,not_found,432,461453F94FA0E3CBB011685E22CDAFD2AF0DFDC3,890480E14E634C8B4467C475E355A6FBF3D99CD5,A99B0D9E5FD5BC3C8F2D006EC91F8C7F40E09CB8,124A65274631BA02B6AA0DEDED144D5FDF6BDC35,2020-09-25 04:58:04.819000,2020-09-25 04:58:05.780000
5i3cxiu5mzyoeibj,failed,not_found,444,461453F94FA0E3CBB011685E22CDAFD2AF0DFDC3,B204DE75B37064EF6A4C6BAF955C5724578D0B32,769A297017BB5E92A9A5A3D76725CA12D694AA30,1259F4C66D5D7A4145D6165680D7770161888F2B,2020-09-25 04:58:05.781000,2020-09-25 04:58:06.795000
5i3cxiu5mzyoeibj,failed,not_found,467,461453F94FA0E3CBB011685E22CDAFD2AF0DFDC3,E00DFD54DC165D5452FBD3530D30186DAD016A0C,513753D2C4A1246DCC21241C5BE5022CCBD2645C,F3A3461889BF97250F50A7BAAAE4A2B92062F6D7,2020-09-25 04:58:06.795000,2020-09-25 04:58:07.758000
5i3cxiu5mzyoeibj,failed,not_found,485,461453F94FA0E3CBB011685E22CDAFD2AF0DFDC3,94318CC2299A3826D81899EB23C25A2B7D6B1FFE,E46C3F0533709EE2112874B13A4FE3868B33E75E,F3889E2C68A673848CA9094F6F4A3653D7692109,2020-09-25 04:58:07.759000,2020-09-25 04:58:08.896000
5i3cxiu5mzyoeibj,failed,not_found,505,461453F94FA0E3CBB011685E22CDAFD2AF0DFDC3,CDAEBA458F6129776643751934076A51D851C348,2AE2CA4BD2B7754F29432C25E03314D52AC4CAF1,1258D0A9D95582B7666FC0AF6E9A798109A9A29D,2020-09-25 04:58:08.897000,2020-09-25 04:58:09.854000
525c4pqrthljrlcd,failed,not_found,416,461453F94FA0E3CBB011685E22CDAFD2AF0DFDC3,547C1CDB516798EC66A01F04A5884DCE1A151919,9B2BC7EFD661072AFADC533BE8DCF1C19D8C2DCC,53D79BBFEDB5DE1C3CF4839B2875859CE54D7BB1,2020-09-25 04:58:04.064000,2020-09-25 04:58:05.482000
525c4pqrthljrlcd,failed,not_found,442,461453F94FA0E3CBB011685E22CDAFD2AF0DFDC3,AC330D98115D6DA8A82E24469BFB03A5B365AB56,327F5823438B8EC86EC33355C147D8455AB1C14B,53E29B5FB53C367EDDCCDDFE9EDFD2D3767B393C,2020-09-25 04:58:05.482000,2020-09-25 04:58:07.954000
525c4pqrthljrlcd,failed,not_found,488,461453F94FA0E3CBB011685E22CDAFD2AF0DFDC3,3D615DEF97F387631F50201FAFA6E7B67FDF3FEF,E46C3F0533709EE2112874B13A4FE3868B33E75E,53D9056AA6A4C568674EB37ED018C978D0348B96,2020-09-25 04:58:07.956000,2020-09-25 04:58:08.927000
525c4pqrthljrlcd,failed,not_found,507,461453F94FA0E3CBB011685E22CDAFD2AF0DFDC3,61F24EBAEC4290FAC31CF34F0FFCDA765A2D9705,F3A3461889BF97250F50A7BAAAE4A2B92062F6D7,719FD0FA327F3CCBCDA0D4EA74C15EA110338942,2020-09-25 04:58:08.927000,2020-09-25 04:58:09.825000
525c4pqrthljrlcd,failed,not_found,523,461453F94FA0E3CBB011685E22CDAFD2AF0DFDC3,FDAF57C097E8CB0110B5B0869598C4819F9005F6,02758CD398E3F842EF82478078AAAE0273770DB2,7185B69E3267E71D0E4CBE30209677205DEA5E67,2020-09-25 04:58:09.825000,2020-09-25 04:58:10.665000
525c4pqrthljrlcd,failed,not_found,537,461453F94FA0E3CBB011685E22CDAFD2AF0DFDC3,E6AB0CADE4A8300EAE81D51189C4B23ADE43B58C,0D7C69551F9186DB589BDF00858314AC136A33DA,71840F45C2478347B872321066F9805D1A1B79FD,2020-09-25 04:58:10.665000,2020-09-25 04:58:12.023000
3bx7jbjzel5q57xy,failed,not_found,433,461453F94FA0E3CBB011685E22CDAFD2AF0DFDC3,3F3E911D64F8DED71208D614782ABED41F4D7A0D,ECB71AE4B08EAB517B9E16D28689974342EEFABB,8839E8FBE28219B85392EEA5A4DBC41D315F4B83,2020-09-25 04:58:05.034000,2020-09-25 04:58:05.989000
3bx7jbjzel5q57xy,failed,not_found,452,461453F94FA0E3CBB011685E22CDAFD2AF0DFDC3,23A2D8DDF761F35CC63BDF65E604B76A7E2F6971,66F8C32B94D73B51A5D2FA079C6A09047C9ABA71,0EAD0000E01B073AE88B1B4A0E63A6B9407BA255,2020-09-25 04:58:05.989000,2020-09-25 04:58:07.250000
3bx7jbjzel5q57xy,failed,not_found,476,461453F94FA0E3CBB011685E22CDAFD2AF0DFDC3,5ACC0FB6043235708F7E018E315101FA2194CBB4,21C9D9F1633246269DEB84A79495E85C07E8466D,8841E775C3DE70E4414F0678DBD532C1F80FF62C,2020-09-25 04:58:07.251000,2020-09-25 04:58:08.085000
3bx7jbjzel5q57xy,failed,not_found,492,461453F94FA0E3CBB011685E22CDAFD2AF0DFDC3,B058FBDEA69774C28EAC1111E167BC0AD4A904E0,3B60AEB127F4A8CDE7F3798B799EBDC3463FB9C7,88529E9AE681FA9FD8DAAB6C26F135D672FE03A7,2020-09-25 04:58:08.085000,2020-09-25 04:58:09.161000
3bx7jbjzel5q57xy,failed,not_found,515,461453F94FA0E3CBB011685E22CDAFD2AF0DFDC3,AE6A8C18E7499B586CD36246AC4BCAFFBBF93AB2,AFD8484F0D84F95EAA11D62D822767FE6381A95D,0E92BF02B3C11B0DD18301A0DE1B164A0546E36F,2020-09-25 04:58:09.161000,2020-09-25 04:58:10.199000
3bx7jbjzel5q57xy,failed,not_found,534,461453F94FA0E3CBB011685E22CDAFD2AF0DFDC3,B55B11A739C43396B10CC621D9C9F9D7F3A8CDE4,0122A605B7C170D6086143448273D9A9844B69E2,0EB07340EF2D1608FC16F6268E1DA0C532EB3D11,2020-09-25 04:58:10.200000,2020-09-25 04:58:11.112000
kiggahdecqhjmfq4,failed,not_found,434,461453F94FA0E3CBB011685E22CDAFD2AF0DFDC3,CDAF0B74C45FD5B1955198A8D92C8A518A53D07B,CC701FCE86D6AF95FC3D5B71645D3430794910C1,A13281DBD8F8E484E95DD273B3EE7FC14C1B0A7A,2020-09-25 04:58:05.035000,2020-09-25 04:58:05.822000
kiggahdecqhjmfq4,failed,not_found,445,461453F94FA0E3CBB011685E22CDAFD2AF0DFDC3,38D3D15DAD843AB99CC257ACBABD4FACF9A3F215,B149064611DC466405E1825956F36B202DCE6E4A,7C0AA4E3B73E407E9F5FEB1912F8BE26D8AA124D,2020-09-25 04:58:05.823000,2020-09-25 04:58:07.205000
kiggahdecqhjmfq4,failed,not_found,463,461453F94FA0E3CBB011685E22CDAFD2AF0DFDC3,72C2EB697C3CD4CE7408359B386DEE6B2888F714,1AFF59F9B2579D78284EF7173A183F34086D4B56,7BE4752877553A96CD4035D0C526BCD09E81CC64,2020-09-25 04:58:07.206000,2020-09-25 04:58:07.714000
kiggahdecqhjmfq4,failed,not_found,483,461453F94FA0E3CBB011685E22CDAFD2AF0DFDC3,B76A047C20D3E4F9B5A64428298DA55A90D62472,87B529BCF6B52BE28BBB22EC4AA702F9AE42D551,7BE3CB407039AA39EB88EF3B00053D3F92EC32AB,2020-09-25 04:58:07.714000,2020-09-25 04:58:08.927000
kiggahdecqhjmfq4,failed,not_found,508,461453F94FA0E3CBB011685E22CDAFD2AF0DFDC3,66BD39FE805AED414ADE400CAAD862C9CC3AC34E,6111C6005AB56498BE5E35666B2522CEBE17D14E,A123F404BD9A15D96CC7930C2BE28103341AC68B,2020-09-25 04:58:08.928000,2020-09-25 04:58:10.165000
kiggahdecqhjmfq4,failed,not_found,533,461453F94FA0E3CBB011685E22CDAFD2AF0DFDC3,5262556D44A7F2434990FDE1AE7973C67DF49E58,3F065BB0B02FB2303E144383D16C47A7DED75AE7,A14993020CC672AE519B1F1C9679CE0982C9733F,2020-09-25 04:58:10.165000,2020-09-25 04:58:11.567000
rh3fhgjx7kdayb4r,failed,not_found,435,461453F94FA0E3CBB011685E22CDAFD2AF0DFDC3,113143469021882C3A4B82F084F8125B08EE471E,885CFB6921E6E7716BB64783348DDB06E17E5B5A,C74E2C7FB511861A489C60F7503A6FD74C12723E,2020-09-25 04:58:05.035000,2020-09-25 04:58:05.922000
rh3fhgjx7kdayb4r,failed,not_found,449,461453F94FA0E3CBB011685E22CDAFD2AF0DFDC3,6FB20BB05A841CDDB308E85A4D117FCFC911F5EA,C25E5C62897BACBA309571C2548084B45050FEDF,657339F813C63A826623414B31961471BAE6D790,2020-09-25 04:58:05.922000,2020-09-25 04:58:07.071000
rh3fhgjx7kdayb4r,failed,not_found,475,461453F94FA0E3CBB011685E22CDAFD2AF0DFDC3,3BADB3EFFB87534736BFAC9A2024AB78401BDBC3,AFF320BA96E4338B61A008D2CA250FFE0E23B09C,654D634FC4281B16FAB7217BABDC3F179A8F2D29,2020-09-25 04:58:07.071000,2020-09-25 04:58:08.212000
rh3fhgjx7kdayb4r,failed,not_found,484,461453F94FA0E3CBB011685E22CDAFD2AF0DFDC3,157CED138D3DE9CBFB5AE0232A319C2980F6C409,EEDF0AF1F892C82F056063827B47283CC9AEAA41,C74C79346BFB34C050CD3DF4E3C73D43A1383A60,2020-09-25 04:58:08.212000,2020-09-25 04:58:08.815000
rh3fhgjx7kdayb4r,failed,not_found,502,461453F94FA0E3CBB011685E22CDAFD2AF0DFDC3,573051CAA3EEEE2B75EBD096BB1F70D3FDAC5F3A,77A56CB237740E24AEA2D61C8C8936232AFC1BD8,C74469EC04787CC458FB1DCDF456C5092CF08B19,2020-09-25 04:58:08.816000,2020-09-25 04:58:09.677000
rh3fhgjx7kdayb4r,failed,not_found,521,461453F94FA0E3CBB011685E22CDAFD2AF0DFDC3,0C6D3655763B1A3A60FC42135CD60765AFE953BA,9B2BC7EFD661072AFADC533BE8DCF1C19D8C2DCC,6565F31D9EC0C7DFFEA1920BE3BA4C73EF35B5C4,2020-09-25 04:58:09.678000,2020-09-25 04:58:10.786000
h7v5lq3nck3prbrt,failed,not_found,454,461453F94FA0E3CBB011685E22CDAFD2AF0DFDC3,E38CCCE275ADC46DF35FB764AA28D4EF722CFA54,73A62B590CC4F290D068FA20A12D6408A0D8B60C,EB60A3BD25E01AF2564EF0397D8508E5D2AFD58A,2020-09-25 04:58:06.028000,2020-09-25 04:58:07.522000
h7v5lq3nck3prbrt,failed,not_found,479,461453F94FA0E3CBB011685E22CDAFD2AF0DFDC3,A2C6C931D8627C6605288970889DDB88C7BA2142,79D9E66BB2FDBF25E846B635D8248FE1194CFD26,EB60858E074016216315AA6F6E8E3D4F17381D5D,2020-09-25 04:58:07.523000,2020-09-25 04:58:08.361000
h7v5lq3nck3prbrt,failed,not_found,496,461453F94FA0E3CBB011685E22CDAFD2AF0DFDC3,1079E628FC6B0025656AC024F2D9975C441498CD,77C7500CC573643E4B3E7F602D0137F8C89CE0B8,F35D115BDD5987D301BE0FD27DAB05F5F4B2ABAE,2020-09-25 04:58:08.362000,2020-09-25 04:58:09.505000
h7v5lq3nck3prbrt,failed,not_found,519,461453F94FA0E3CBB011685E22CDAFD2AF0DFDC3,20974D28EB668E689D4256046E0E32034375A0A2,93F97B76A7D0F0947C4C75AC62017E45BBFE6C08,EB66D8472C766E94E6C9D1939DB6B5553AC2A347,2020-09-25 04:58:09.506000,2020-09-25 04:58:11.158000
h7v5lq3nck3prbrt,failed,not_found,553,461453F94FA0E3CBB011685E22CDAFD2AF0DFDC3,1E85158D31CC733306D2BA3B551C0E88ABA662C6,D7DB8E82604F806766FC3F80213CF719A0481D0B,F37374DB9FA6EF14CED64FD294E8D8683F032EC8,2020-09-25 04:58:11.158000,2020-09-25 04:58:13.168000
h7v5lq3nck3prbrt,failed,not_found,574,461453F94FA0E3CBB011685E22CDAFD2AF0DFDC3,BA820A3CA53A4956C76C04B3BA170D7E67D2179A,6CDF81E5A9BF270CDF4C989D5F7917113591C355,F3889E2C68A673848CA9094F6F4A3653D7692109,2020-09-25 04:58:13.168000,2020-09-25 04:58:13.704000
oam6u3t3tp4no3jj,failed,not_found,455,461453F94FA0E3CBB011685E22CDAFD2AF0DFDC3,5856DB884578915E7C7A0B7B11E4145B1D2A4E2B,3FE39429CB7077BBB13D2774591A1B80EE493742,52DEEF88F5ACC98920FA249D4CE9BC720396E8D9,2020-09-25 04:58:06.060000,2020-09-25 04:58:06.870000
oam6u3t3tp4no3jj,failed,not_found,468,461453F94FA0E3CBB011685E22CDAFD2AF0DFDC3,CE47F0356D86CF0A1A2008D97623216D560FB0A8,AAFFA68AB61238F9044B6ECBA62E25264113EB88,53134D9637D9FBE565FA1E3AF82B23CC964C56D6,2020-09-25 04:58:06.871000,2020-09-25 04:58:08.096000
oam6u3t3tp4no3jj,failed,not_found,493,461453F94FA0E3CBB011685E22CDAFD2AF0DFDC3,5B1F0DAF378A1FAFCFD5FA9CDC66D1023DC0276E,A2CD32D9D0668DB764AD68C745CE29693CA851B9,52E4804A8DB55F79604AC03611226820AEDA1BFA,2020-09-25 04:58:08.096000,2020-09-25 04:58:09.333000
oam6u3t3tp4no3jj,failed,not_found,518,461453F94FA0E3CBB011685E22CDAFD2AF0DFDC3,44BD70C13DAA7513D6F47773804178B009F21ED5,7BE4752877553A96CD4035D0C526BCD09E81CC64,DD5DA21CC5036533AE2010DE2C7E72BE2CDF9C5E,2020-09-25 04:58:09.333000,2020-09-25 04:58:10.130000
oam6u3t3tp4no3jj,failed,not_found,592,461453F94FA0E3CBB011685E22CDAFD2AF0DFDC3,D1E706B9021A0BF8E9663DB207D9D9EC03A70DAC,AA1B026EE0C8A958E29C67C7D8885FF27572269D,DD2CE79C61F8395EA93A3194FE87394AC40453F1,2020-09-25 04:58:10.131000,2020-09-25 04:58:14.562000
oam6u3t3tp4no3jj,failed,not_found,611,461453F94FA0E3CBB011685E22CDAFD2AF0DFDC3,99963DE580F921AA1681EF2EACD536A7AE552981,C63110BDD8736D2C2A733FF962F58D58FDE63A2D,DD823AFB415380A802DCAEB9461AE637604107FB,2020-09-25 04:58:14.563000,2020-09-25 04:58:16.556000
fnldydm7if5e2oo5,failed,not_found,456,461453F94FA0E3CBB011685E22CDAFD2AF0DFDC3,4CE6D83FFA8AD24767007E8C972F371F2468F09A,2F69F8C4DC02DD15A39BFDB4078A791D89ECEAA2,5C818A86C30F51951EA054E0730DF62E4F35E964,2020-09-25 04:58:06.060000,2020-09-25 04:58:07.006000
fnldydm7if5e2oo5,failed,not_found,470,461453F94FA0E3CBB011685E22CDAFD2AF0DFDC3,6521A3AEF9AC4B83361411F769EEDCBAB124F162,C422F88699C18A4F299D834391B15F07DBE60625,99C5ACEF5AC8E3D3C4DE79004F3AC649B375891C,2020-09-25 04:58:07.006000,2020-09-25 04:58:07.888000
fnldydm7if5e2oo5,failed,not_found,487,461453F94FA0E3CBB011685E22CDAFD2AF0DFDC3,4FF53BC47097B50DA5B68D72C5B25CC079F4A787,26B2BBE67149973AA6F631FD09E2A34E73253AB4,5C8A60F3F936C1FCD64D9ACFBCFF898E51A4D179,2020-09-25 04:58:07.888000,2020-09-25 04:58:09.160000
fnldydm7if5e2oo5,failed,not_found,573,461453F94FA0E3CBB011685E22CDAFD2AF0DFDC3,6E4B0D429CD87AB6C25D72E298294C583FF8BA4A,9715C81BA8C5B0C698882035F75C67D6D643DBE3,99D5C9A5A7238986D1EA1D7771CF81B4A192C4D0,2020-09-25 04:58:09.160000,2020-09-25 04:58:13.947000
fnldydm7if5e2oo5,failed,not_found,599,461453F94FA0E3CBB011685E22CDAFD2AF0DFDC3,F0364DBC2E4221405354433B65503E816D887C01,61B8BDC91AA7BC9A05EB5A3D652FFF88C98E6911,99D56885FD9160FBA33A6468BA1134B60837DC21,2020-09-25 04:58:13.948000,2020-09-25 04:58:15.769000
fnldydm7if5e2oo5,failed,not_found,633,461453F94FA0E3CBB011685E22CDAFD2AF0DFDC3,6940247E04C839D268543E7F62566A91E40567E3,594193E51F382E34080D76B5ECAF5C7B67CF05EF,5C83A9F985E2ACFBC3D3E5DB7F5C7C91FF7FE7AA,2020-09-25 04:58:15.770000,2020-09-25 04:58:16.753000
mzvzvs7hbw5jasir,failed,not_found,471,461453F94FA0E3CBB011685E22CDAFD2AF0DFDC3,59CA96E7CDA30AB36C597B499C848BD845745EA0,F7CF05913E1B573D770185CABF7301AEFFD2A939,C7E332093AD8D8CBBED8AA6136BDDBC337A87BF4,2020-09-25 04:58:07.020000,2020-09-25 04:58:08.663000
mzvzvs7hbw5jasir,failed,not_found,499,461453F94FA0E3CBB011685E22CDAFD2AF0DFDC3,C472B1BF6CA784F1A8B3A56A07E951926113CCDD,1804C06A266F0DA26DF58CD559E01C2F7C3FC42A,D48DC22A810BF47E66C678A63AA54715DD3E9879,2020-09-25 04:58:08.663000,2020-09-25 04:58:09.639000
mzvzvs7hbw5jasir,failed,not_found,590,461453F94FA0E3CBB011685E22CDAFD2AF0DFDC3,50E3CEA0D7EB9644B89B965743797279196775D5,A4C83C2BEB4F1B31D40E80D5524C66A117D77C50,C804BE8FB1C7C42D43C4A5E2039E77AA0FF3A8B4,2020-09-25 04:58:09.640000,2020-09-25 04:58:15.531000
mzvzvs7hbw5jasir,failed,not_found,630,461453F94FA0E3CBB011685E22CDAFD2AF0DFDC3,3A27CC4147062E4EFDF46F848FEA7FF032A04E5F,D80EA21626BFAE8044E4037FE765252E157E3586,C7E7D8C4850D6A4EFA848F7C3922F4CA3442E4C1,2020-09-25 04:58:15.531000,2020-09-25 04:58:16.537000
mzvzvs7hbw5jasir,failed,not_found,652,461453F94FA0E3CBB011685E22CDAFD2AF0DFDC3,3BC978764F5C0D2C6110B214A79AC2F2F4ED8F11,005079A42356183CEA5A3ADD239303F44F12E7EA,D4825DF61F9C8FC64C57CFAE943BF1D705B06ACE,2020-09-25 04:58:16.538000,2020-09-25 04:58:17.739000
mzvzvs7hbw5jasir,failed,not_found,674,461453F94FA0E3CBB011685E22CDAFD2AF0DFDC3,3CCF9573F59137E52787D9C322AC19D2BD090B70,461D6EA15966C7F99B43D37ADC116B5B8E47D130,D4991BF14BF7D4BB684E56AB02A44A6CA6391606,2020-09-25 04:58:17.739000,2020-09-25 04:58:18.748000
32k44fg3b2kfzbc2,failed,not_found,472,461453F94FA0E3CBB011685E22CDAFD2AF0DFDC3,C5F214F7F9CCBF09324C9AA032760150243A196C,856DAB2FDC9EED88A27BE2265FA6BD5489EF178E,1EE882126F8CF613C67DC25415330D8CF328CDBA,2020-09-25 04:58:07.045000,2020-09-25 04:58:08.146000
32k44fg3b2kfzbc2,failed,not_found,494,461453F94FA0E3CBB011685E22CDAFD2AF0DFDC3,370B15E4932CF76C7ACB9B240A960C20267C2430,CB040846C647F338EE1950C6CC03267102088C50,3ECBB7D8D5F93F4A1E1F9C3784B6B62DB8491633,2020-09-25 04:58:08.146000,2020-09-25 04:58:11.644000
32k44fg3b2kfzbc2,failed,not_found,567,461453F94FA0E3CBB011685E22CDAFD2AF0DFDC3,3BB035514F8246AC367B5370F4FE120BB11D8C6D,6245DC873D6F613C795D48663D65BD8A2266CAF6,1F037215FF7FE4710BFD0507AECE33C3A7CB6277,2020-09-25 04:58:11.645000,2020-09-25 04:58:14.060000
32k44fg3b2kfzbc2,failed,not_found,605,461453F94FA0E3CBB011685E22CDAFD2AF0DFDC3,67CDF7A4D06E98E55AAE595BBEBF38E64C4CCBF3,A3AFBDEE30238E44899C9F8B7666D12B09C8EE32,3EAA79A75F96F4A082DB92E5FA231452BAD3F80C,2020-09-25 04:58:14.061000,2020-09-25 04:58:14.915000
32k44fg3b2kfzbc2,failed,not_found,619,461453F94FA0E3CBB011685E22CDAFD2AF0DFDC3,E013D74009BC7D03CD4BAFAD011CFBB93C63563C,0CDCB20FF6800D8AFC90504B85C0551305F2FFE8,1EDE608C5E190C8682A2F827664E758416104670,2020-09-25 04:58:14.915000,2020-09-25 04:58:17.183000
32k44fg3b2kfzbc2,failed,not_found,668,461453F94FA0E3CBB011685E22CDAFD2AF0DFDC3,ACA0B8702A6A0B890217A3D26B7220EB6E1CFFD1,CC6910CF21D17C1BD68FE224CE7685BEB42558A8,3EDD00245D93664A33A724BA377150E5531ED033,2020-09-25 04:58:17.183000,2020-09-25 04:58:18.063000
wdsmy2xdlgixz53z,failed,not_found,473,461453F94FA0E3CBB011685E22CDAFD2AF0DFDC3,469305AE56D9F446468E8BE8780219EED54EEF25,23A2D8DDF761F35CC63BDF65E604B76A7E2F6971,D3995D5A0F86931773C19175548E44367865A8AC,2020-09-25 04:58:07.046000,2020-09-25 04:58:07.853000
wdsmy2xdlgixz53z,failed,not_found,486,461453F94FA0E3CBB011685E22CDAFD2AF0DFDC3,74B8B22AF950B0BE11D8A228FB09D2F5279FB757,1DE8E81240D20D9755B29A8AEA131BE2CD537FB8,D39328D2EAE3816F9C5D5D1BB19D1C14E2E79482,2020-09-25 04:58:07.853000,2020-09-25 04:58:08.897000
wdsmy2xdlgixz53z,failed,not_found,506,461453F94FA0E3CBB011685E22CDAFD2AF0DFDC3,B8F7B162963287D2199D075BBAB2C4FB941BB390,99D5C9A5A7238986D1EA1D7771CF81B4A192C4D0,D380C57ADE8FF1989F67D22055CEAAD7F1689AD5,2020-09-25 04:58:08.897000,2020-09-25 04:58:10.131000
wdsmy2xdlgixz53z,failed,not_found,531,461453F94FA0E3CBB011685E22CDAFD2AF0DFDC3,625743FAF41B791AAFC2D4BF859DA4AAA2E81FE7,C8F402FDF89E5B51D862AD68D8C17DFA5A371BA0,38D08218624083D2A5AFAA161CFD62F7DB0231A4,2020-09-25 04:58:10.131000,2020-09-25 04:58:11.240000
wdsmy2xdlgixz53z,failed,not_found,539,461453F94FA0E3CBB011685E22CDAFD2AF0DFDC3,0677DF0B05ECDA2EF45F26C3332731043BB89AB8,4FF53BC47097B50DA5B68D72C5B25CC079F4A787,38CC95A8CE92A591D4A5779359BEFFBA13FA1B88,2020-09-25 04:58:11.241000,2020-09-25 04:58:11.810000
wdsmy2xdlgixz53z,failed,not_found,558,461453F94FA0E3CBB011685E22CDAFD2AF0DFDC3,EE7CD2A763435C7006095BD167C790ABE5BC4DEA,5856DB884578915E7C7A0B7B11E4145B1D2A4E2B,38A42B8D7C0E6346F4A4821617740AEE86EA885B,2020-09-25 04:58:11.810000,2020-09-25 04:58:12.734000
bkx4r6phi57atz4v,failed,not_found,489,461453F94FA0E3CBB011685E22CDAFD2AF0DFDC3,1079E628FC6B0025656AC024F2D9975C441498CD,787403EB1E2F7C9BA1B38D0389AA6719463F0F7E,0A9771723D8DE2E015718303DCC8BCD88AFC620A,2020-09-25 04:58:07.984000,2020-09-25 04:58:08.928000
bkx4r6phi57atz4v,failed,not_found,509,461453F94FA0E3CBB011685E22CDAFD2AF0DFDC3,587B1EAF1E22E148EFB010DAA337ACDCD4DB5CBA,8737307DE84C2621E6399E99123967A9590297F2,0AAF0B549639B01EDB6E190C8551EDC2C8EDA2A5,2020-09-25 04:58:08.928000,2020-09-25 04:58:10.242000
bkx4r6phi57atz4v,failed,not_found,535,461453F94FA0E3CBB011685E22CDAFD2AF0DFDC3,39157328C19734ACD46BC6CD247F5E673D9EE9C8,DEF35CE8FCC5B5ED35DEC379A9EDF420FF419677,0AB05FC63CF9AC7070C1D89BB1A1189C319E1A92,2020-09-25 04:58:10.243000,2020-09-25 04:58:11.083000
bkx4r6phi57atz4v,failed,not_found,550,461453F94FA0E3CBB011685E22CDAFD2AF0DFDC3,F9674F45A25CAA977E7B872807E0A070C121F5FA,8685144AB7D8587718973AD1C3C33F957081B70B,6AC1A5C13A6875FEA157D9A7DC30EE83F632150D,2020-09-25 04:58:11.083000,2020-09-25 04:58:12.273000
bkx4r6phi57atz4v,failed,not_found,557,461453F94FA0E3CBB011685E22CDAFD2AF0DFDC3,58BC63142C881F88D08E071DEB63DBA09DE62141,B9324F1BEDB1DF62AEE219B0CC41507CE710BA3C,6AE6C0AF05A3F2688CD6241FAAF5F2027E8032B0,2020-09-25 04:58:12.273000,2020-09-25 04:58:12.871000
bkx4r6phi57atz4v,failed,not_found,586,461453F94FA0E3CBB011685E22CDAFD2AF0DFDC3,7C1BEFB5D6897981ECE52817A2D3B702A9EB30D9,6ED6758622A73F54F0EF59A9D31D71AABD7A70DA,6AD2D73B1A0A931AD792117D58A6C65EF411EBC2,2020-09-25 04:58:12.872000,2020-09-25 04:58:14.359000
fcnegmcrbdamfjou,failed,not_found,490,461453F94FA0E3CBB011685E22CDAFD2AF0DFDC3,8657358DD3076664A5989028CEB1A92F5F93C02A,8BE79CE3261C027CE94F84D6CBE45F03BE9B8B59,F4594608272C82407E9D137F1AE89A408CCFD285,2020-09-25 04:58:07.998000,2020-09-25 04:58:08.834000
fcnegmcrbdamfjou,failed,not_found,503,461453F94FA0E3CBB011685E22CDAFD2AF0DFDC3,87C08DDFD32C62F3C56D371F9774D27BFDBB807B,24352D30196BEFE5BB29A50923F79A2804527611,F475E5987E44A2B7B143A2BEE3F8128EEFD7E5A3,2020-09-25 04:58:08.834000,2020-09-25 04:58:10.542000
fcnegmcrbdamfjou,failed,not_found,536,461453F94FA0E3CBB011685E22CDAFD2AF0DFDC3,F0C9513539800F762ECAE37F16370D7CBA5E52C2,9EFF16EA25FF27BC438A3FBF23C5315E576467AF,484F666C491BCDE22B45E0E19D1CEA5ACC5A9611,2020-09-25 04:58:10.542000,2020-09-25 04:58:11.740000
fcnegmcrbdamfjou,failed,not_found,556,461453F94FA0E3CBB011685E22CDAFD2AF0DFDC3,C422F88699C18A4F299D834391B15F07DBE60625,8B51EF7AD52443F873211BF86C7D789406D59F2F,4837A6DFFC8E3681D70AD9E8D057C029093DA2F7,2020-09-25 04:58:11.741000,2020-09-25 04:58:13.427000
fcnegmcrbdamfjou,failed,not_found,587,461453F94FA0E3CBB011685E22CDAFD2AF0DFDC3,98F788200CC64060695B07555F09A8FE47679AC8,A22B1C2EF2255987F8AB8AA0B1A8E23F5023EEB8,F44CDC27499333A14D55B8E28B9240BC8B206532,2020-09-25 04:58:13.427000,2020-09-25 04:58:14.333000
fcnegmcrbdamfjou,failed,not_found,593,461453F94FA0E3CBB011685E22CDAFD2AF0DFDC3,D1B853ED27E4DFDCA3A54D3F2E269C4D94677F66,C63110BDD8736D2C2A733FF962F58D58FDE63A2D,484A10BA2B8D48A5F0216674C8DD50EF27BC32F3,2020-09-25 04:58:14.333000,2020-09-25 04:58:14.736000
rvshnftksr6ysc6l,failed,not_found,491,461453F94FA0E3CBB011685E22CDAFD2AF0DFDC3,88E08A32B675A7256DB1A18BC8001EF26BF2D981,354F9C59F2C2636E77F857C668FCDA1700E35384,CCA9745D141283864DA50C05A09565FAE1805EC8,2020-09-25 04:58:08.013000,2020-09-25 04:58:10.346000
rvshnftksr6ysc6l,failed,not_found,522,461453F94FA0E3CBB011685E22CDAFD2AF0DFDC3,B849824F8FCD7AEB130DF356F592BA40C686CA08,52A022F16D8CDBF019E132F1538A1798F167973A,CD21B997AF3D30AD719C066C38C7FA8C8FE83C70,2020-09-25 04:58:10.347000,2020-09-25 04:58:11.031000
rvshnftksr6ysc6l,failed,not_found,547,461453F94FA0E3CBB011685E22CDAFD2AF0DFDC3,547C1CDB516798EC66A01F04A5884DCE1A151919,7E65527BBA5AF598471999BB36734CA6FE389A8C,CCAA620D5CAB34CE95FE3C863D9E6520C07451D8,2020-09-25 04:58:11.031000,2020-09-25 04:58:12.691000
rvshnftksr6ysc6l,failed,not_found,570,461453F94FA0E3CBB011685E22CDAFD2AF0DFDC3,7A3E534C033E3836BD5AF223B642853C502AB33A,509EAB4C5D10C9A9A24B4EA0CE402C047A2D64E6,CCD879EE5FBC5FE758C8EC098D40372C7C82C5C0,2020-09-25 04:58:12.692000,2020-09-25 04:58:13.626000
rvshnftksr6ysc6l,failed,not_found,589,461453F94FA0E3CBB011685E22CDAFD2AF0DFDC3,CCF28BC8FB26C8C172DEE741702056914D2849BD,575F15A0A41B951BEE03E25B2A0A3FC3E8D7C7D1,CD46CDD4643FA30AC10D17A3872B560B4E17F048,2020-09-25 04:58:13.627000,2020-09-25 04:58:14.733000
rvshnftksr6ysc6l,failed,not_found,613,461453F94FA0E3CBB011685E22CDAFD2AF0DFDC3,3E53D3979DB07EFD736661C934A1DED14127B684,CDAEBA458F6129776643751934076A51D851C348,CD39C258265B25EAA4ABA4FDCB2DF98104CAA362,2020-09-25 04:58:14.734000,2020-09-25 04:58:15.665000
s5gek3s4ns2nllr7,failed,not_found,511,461453F94FA0E3CBB011685E22CDAFD2AF0DFDC3,B204DE75B37064EF6A4C6BAF955C5724578D0B32,B91A1EB30E66D52026EFCD1E96BFC0E966C83E6D,89C7E852CC2FA537ED78775ADC3BEA24672B4154,2020-09-25 04:58:08.995000,2020-09-25 04:58:09.855000
s5gek3s4ns2nllr7,failed,not_found,524,461453F94FA0E3CBB011685E22CDAFD2AF0DFDC3,D1B853ED27E4DFDCA3A54D3F2E269C4D94677F66,5FB17DE2E897625CDCAE99A9FA7689ADE2F4A699,C7946D9A192BBE44C1C8A926A8B135AC495D6636,2020-09-25 04:58:09.856000,2020-09-25 04:58:10.943000
s5gek3s4ns2nllr7,failed,not_found,542,461453F94FA0E3CBB011685E22CDAFD2AF0DFDC3,9F5068310818ED7C70B0BC4087AB55CB12CB4377,A597AC866E40CAB5A67759ADE4942192E99DE684,898AA9A17ECBB05FEA4FE7418BD1C64F45D9A614,2020-09-25 04:58:10.944000,2020-09-25 04:58:11.810000
s5gek3s4ns2nllr7,failed,not_found,559,461453F94FA0E3CBB011685E22CDAFD2AF0DFDC3,F0C9513539800F762ECAE37F16370D7CBA5E52C2,7E47D28F07443B57F8262E1412936B3E258694A3,C78D4AB34C920D156160C811C39B1BB92A6BED7D,2020-09-25 04:58:11.811000,2020-09-25 04:58:12.893000
s5gek3s4ns2nllr7,failed,not_found,577,461453F94FA0E3CBB011685E22CDAFD2AF0DFDC3,23A2D8DDF761F35CC63BDF65E604B76A7E2F6971,60CA295745930AFA59DB73F877834B4100C7B712,89AE5F96CB97919EF13B172E0E4E2CB50CC33F1A,2020-09-25 04:58:12.894000,2020-09-25 04:58:13.849000
s5gek3s4ns2nllr7,failed,not_found,596,461453F94FA0E3CBB011685E22CDAFD2AF0DFDC3,89FD4FB2A5FD73B50F2E5D85C4707883F8CD5130,F00C8B7589FEE52BE84387CDB422C1F1386979C0,C793A33F28826D1F184504312C668EA8157AEF28,2020-09-25 04:58:13.849000,2020-09-25 04:58:14.905000
yqvslfwvkorjtbhq,failed,not_found,512,461453F94FA0E3CBB011685E22CDAFD2AF0DFDC3,1E1A7C9134637383BE653C41973995A229D81595,5AFF316FFF256D28BF1E9C1A74FB7385C2EFB2F7,867982ADCFBE55EC1C00A5B34C8991FF87605906,2020-09-25 04:58:09.022000,2020-09-25 04:58:09.984000
yqvslfwvkorjtbhq,failed,not_found,526,461453F94FA0E3CBB011685E22CDAFD2AF0DFDC3,924B24AFA7F075D059E8EEB284CC400B33D3D036,575F15A0A41B951BEE03E25B2A0A3FC3E8D7C7D1,867ADF7D4E8559F34FB3920E256B2EC858D11BE9,2020-09-25 04:58:09.984000,2020-09-25 04:58:11.538000
yqvslfwvkorjtbhq,failed,not_found,554,461453F94FA0E3CBB011685E22CDAFD2AF0DFDC3,1A61BF490CA2F3BE6E1F90D57E688E75B90F0E7B,60F2139EA3E06410A05CBD6E8254E60A9063AD9D,8668B39793EBDADD148AE8BB256B1E2E6ACD78D5,2020-09-25 04:58:11.539000,2020-09-25 04:58:12.692000
yqvslfwvkorjtbhq,failed,not_found,571,461453F94FA0E3CBB011685E22CDAFD2AF0DFDC3,3FE39429CB7077BBB13D2774591A1B80EE493742,B576A394DFC12B7E900D643C900484765D58C30F,DB53975D02957099E84F319194B8F5C7C6D15712,2020-09-25 04:58:12.693000,2020-09-25 04:58:13.516000
yqvslfwvkorjtbhq,failed,not_found,665,461453F94FA0E3CBB011685E22CDAFD2AF0DFDC3,07226079499C8C6538A37A15EA1BBD35357AC63A,82DA9678A0BAE60087AA68A3E1D6E6A2C4246D6D,DB58ED50E920C51F5C1A044E6A04BA669B14CFD2,2020-09-25 04:58:13.517000,2020-09-25 04:58:18.993000
yqvslfwvkorjtbhq,failed,not_found,697,461453F94FA0E3CBB011685E22CDAFD2AF0DFDC3,B1080EA61CAF5763139E7B596F37FE9830311C8F,43E187B8C7361F47EA968ED5389435865D7F4FE7,DB5A100152FB7937F02F00B5DDFFFD012789C242,2020-09-25 04:58:18.993000,2020-09-25 04:58:19.919000
au23plhz5bko4s4t,failed,not_found,513,461453F94FA0E3CBB011685E22CDAFD2AF0DFDC3,B07FCCFAC6131953FE8523787B4A190D16DF6681,708A968F3644F8A547156368FEA3DB664110E631,05C383DC813C464B7132569722BE5243A9FF735C,2020-09-25 04:58:09.022000,2020-09-25 04:58:10.148000
au23plhz5bko4s4t,failed,not_found,532,461453F94FA0E3CBB011685E22CDAFD2AF0DFDC3,2CE9BE1FC88B9D0FA03F387C9E4F000B5D4B2AE9,0ED0EA324C931CF41CB5272BFB1D015B3D5772A9,B6D4916A98D99027DA25D42D70D686F0B3663F35,2020-09-25 04:58:10.149000,2020-09-25 04:58:11.032000
au23plhz5bko4s4t,failed,not_found,548,461453F94FA0E3CBB011685E22CDAFD2AF0DFDC3,484F666C491BCDE22B45E0E19D1CEA5ACC5A9611,18EF6BB5C8C79FD8AF1B9B0DDDCD024C2217A620,05C621B44EF6833889AE7B7E2A0B476569C47E37,2020-09-25 04:58:11.032000,2020-09-25 04:58:11.925000
au23plhz5bko4s4t,failed,not_found,563,461453F94FA0E3CBB011685E22CDAFD2AF0DFDC3,DEB594A54845BBF48E218828522BC204C2E3DAE1,4B4D7C727B603EF6777DC0BC3D169179CA977140,05B451C0562FDE23307AFA84FD6A37652E615233,2020-09-25 04:58:11.925000,2020-09-25 04:58:13.150000
au23plhz5bko4s4t,failed,not_found,583,461453F94FA0E3CBB011685E22CDAFD2AF0DFDC3,0512FE6BE9CCA0ED133152E64010B2FBA141EB10,5AE12CAAA489A0739F56E79CC287526FAB55A6FB,B6E33C39C1C94E582CBB8C24CCE351F2129807C6,2020-09-25 04:58:13.151000,2020-09-25 04:58:14.042000
au23plhz5bko4s4t,failed,not_found,604,461453F94FA0E3CBB011685E22CDAFD2AF0DFDC3,B849824F8FCD7AEB130DF356F592BA40C686CA08,09A70E396DE93F54D4541BBB0EC8E2B23761F34F,B70629C29A032979E5AD00CC51D2330845AAFD6A,2020-09-25 04:58:14.043000,2020-09-25 04:58:15.104000
32pkfmjbx7ffv5m4,failed,not_found,527,461453F94FA0E3CBB011685E22CDAFD2AF0DFDC3,9127D95DAA81291F26BE45B1A73E2F1145887B94,B568135C5E345BAFB080C11FDDF348E545A722E5,D39F2CD90A236F94A61B76616B4873329DA77888,2020-09-25 04:58:10.025000,2020-09-25 04:58:11.032000
32pkfmjbx7ffv5m4,failed,not_found,616,461453F94FA0E3CBB011685E22CDAFD2AF0DFDC3,0C41DC37946901C297626C0D1ABF68423947DDE5,EE7CD2A763435C7006095BD167C790ABE5BC4DEA,9ECEC047BA0596C51EDD098616C8A86697A12824,2020-09-25 04:58:11.033000,2020-09-25 04:58:15.849000
32pkfmjbx7ffv5m4,failed,not_found,635,461453F94FA0E3CBB011685E22CDAFD2AF0DFDC3,C05CE5DB16F4921BAFFAF58585BE90D0A3980FEB,5CF342DBBD6170BEE00CD52ACB4076D551085E7F,9ECFD67230D09E5E8F3431BDC4FD8E52428AFC09,2020-09-25 04:58:15.849000,2020-09-25 04:58:17.523000
32pkfmjbx7ffv5m4,failed,not_found,671,461453F94FA0E3CBB011685E22CDAFD2AF0DFDC3,8404E8B8AAB98208FAEFB1727B637133AD9C6FAF,43A8F247F9FA636BE30D4DFE66B55233A2D8A738,D39328D2EAE3816F9C5D5D1BB19D1C14E2E79482,2020-09-25 04:58:17.524000,2020-09-25 04:58:18.872000
32pkfmjbx7ffv5m4,failed,not_found,695,461453F94FA0E3CBB011685E22CDAFD2AF0DFDC3,C7D48FA375F1DE6EA39FD95333A7475BBD83931D,81F59E8936D0B2105182E4B8200AC07D9274961F,9EEAA02E338CDF5919F983F3245AA95A790B9B6C,2020-09-25 04:58:18.872000,2020-09-25 04:58:19.757000
32pkfmjbx7ffv5m4,failed,not_found,709,461453F94FA0E3CBB011685E22CDAFD2AF0DFDC3,50C7B836942F14BDF1541B017CF21FD03F354E13,5790B62AD6C79A1092B30993A8F0F7F23A969FD6,D3995D5A0F86931773C19175548E44367865A8AC,2020-09-25 04:58:19.757000,2020-09-25 04:58:20.535000
nduwhtyyn3ao4dpp,failed,not_found,528,461453F94FA0E3CBB011685E22CDAFD2AF0DFDC3,9A48EC8AAFB2E8C9E20408596383DB74F1196747,288C100FFA656938C23F32207CAF0DA932ECD247,78B98D12997EDD630F6A674CBF42F20711DEAC11,2020-09-25 04:58:10.025000,2020-09-25 04:58:10.843000
nduwhtyyn3ao4dpp,failed,not_found,540,461453F94FA0E3CBB011685E22CDAFD2AF0DFDC3,071ACB713A9558A4B5750520B0A738C66033E0B1,2BAF092E8667C00CA3D9686C76D8EC3CC6BC7C5B,78E2BE744A53631B4AAB781468E94C52AB73968B,2020-09-25 04:58:10.844000,2020-09-25 04:58:12.203000
nduwhtyyn3ao4dpp,failed,not_found,568,461453F94FA0E3CBB011685E22CDAFD2AF0DFDC3,855BC2DABE24C861CD887DB9B2E950424B49FC34,A0DFB31231C718829FA18EAB4D0CD51DEDBAE08C,4BF3D299BC500C350868F078749291C766C7AA6F,2020-09-25 04:58:12.204000,2020-09-25 04:58:13.889000
nduwhtyyn3ao4dpp,failed,not_found,597,461453F94FA0E3CBB011685E22CDAFD2AF0DFDC3,D54247E35545388D9C42E4716EDC59F67907789F,00962D2DD0B9BF3A6AF1D5EB201132388ACA1424,78BC2254D3B31CD865F7682633AA438212132532,2020-09-25 04:58:13.890000,2020-09-25 04:58:14.736000
nduwhtyyn3ao4dpp,failed,not_found,614,461453F94FA0E3CBB011685E22CDAFD2AF0DFDC3,D2F4DAC5918BB082A5CFAC5275B29FAC9B399B2B,4856C97DC4F2271BC896DF9CABD217EE2D869D68,4C8B019E2B132FDD831419E13F59E7B7FA80476A,2020-09-25 04:58:14.737000,2020-09-25 04:58:15.727000
nduwhtyyn3ao4dpp,failed,not_found,632,461453F94FA0E3CBB011685E22CDAFD2AF0DFDC3,B576A394DFC12B7E900D643C900484765D58C30F,CA4E9DFE87DE87E502F3B503D07EC8EFCAEE2549,4C07CB3365CF3E06A56FD2DC8ECA4E97A6521983,2020-09-25 04:58:15.727000,2020-09-25 04:58:16.537000
qtc76ent5h6ldmuc,failed,not_found,529,461453F94FA0E3CBB011685E22CDAFD2AF0DFDC3,01B70C7C497FC8667DB5EB82C40D8F9214D6A484,599A708756048993A1029B2775EEF8C9E40BB640,51C367582993D68F8215610B85A99902C945324B,2020-09-25 04:58:10.026000,2020-09-25 04:58:10.964000
qtc76ent5h6ldmuc,failed,not_found,543,461453F94FA0E3CBB011685E22CDAFD2AF0DFDC3,5E184FEA02B7C54172BBC757636F501047CF9691,79E3B585803DE805CCBC00C1EF36B1E74372861D,FF154E0265ADC24FDB1D8BBA34455E324C9FE407,2020-09-25 04:58:10.967000,2020-09-25 04:58:11.894000
qtc76ent5h6ldmuc,failed,not_found,561,461453F94FA0E3CBB011685E22CDAFD2AF0DFDC3,E6C04728E9339DF22F331B7017D4A7AA3F252F0B,198F12E2DEFBE6BEEBC38B2FEDD615AECB38DA7A,51CD9DB00357405FC41AF0FA513688D02BDA0C0E,2020-09-25 04:58:11.894000,2020-09-25 04:58:12.711000
qtc76ent5h6ldmuc,failed,not_found,572,461453F94FA0E3CBB011685E22CDAFD2AF0DFDC3,BC123DB7F61E9DB31F23B37BF62A16DAA1010FC9,2779DB3B7A0EEC32F39792E393CAA134847BBF6C,FEEF24CDF15BB59B418D1BF94A64BD3E62BB2CF3,2020-09-25 04:58:12.711000,2020-09-25 04:58:13.831000
qtc76ent5h6ldmuc,failed,not_found,595,461453F94FA0E3CBB011685E22CDAFD2AF0DFDC3,43E187B8C7361F47EA968ED5389435865D7F4FE7,C0EA0458CD62CBE412765927BC2CCAFC1D521CED,51BD25EE06C46E4466427D4ABF94F2964514EB2F,2020-09-25 04:58:13.832000,2020-09-25 04:58:15.022000
qtc76ent5h6ldmuc,failed,not_found,624,461453F94FA0E3CBB011685E22CDAFD2AF0DFDC3,58E89A05564E6844FACC5D78A73EF593222561A2,D2F4DAC5918BB082A5CFAC5275B29FAC9B399B2B,FEDE31337E4E19E06B97D282F08B0A0E8B9C5526,2020-09-25 04:58:15.023000,2020-09-25 04:58:16.074000
7xpmre5chemkgk6c,failed,not_found,544,461453F94FA0E3CBB011685E22CDAFD2AF0DFDC3,5CCC3569C67B7F1BB733664D43DF4645F2A4B04D,B0DB2F173F0DB364BABF7A465D796B3C048F1F33,695D811B130673C2DE8DCFC5A9E742790BD25066,2020-09-25 04:58:10.988000,2020-09-25 04:58:11.835000
7xpmre5chemkgk6c,failed,not_found,560,461453F94FA0E3CBB011685E22CDAFD2AF0DFDC3,8B7C64EC9D8209C142530B3488050B85D55D69D6,5368AB8D9033A357729D3578617A6493AB5DA3A8,E91905CFEB230B1BEA6B0309816F9EE9C1A1A83A,2020-09-25 04:58:11.836000,2020-09-25 04:58:13.133000
7xpmre5chemkgk6c,failed,not_found,582,461453F94FA0E3CBB011685E22CDAFD2AF0DFDC3,055E271A48AA082E6A9FE88EA58DB73A600CDF24,CDAF0B74C45FD5B1955198A8D92C8A518A53D07B,E916F2ACBA67EC57AFAF450AA84E528308835418,2020-09-25 04:58:13.133000,2020-09-25 04:58:14.108000
7xpmre5chemkgk6c,failed,not_found,607,461453F94FA0E3CBB011685E22CDAFD2AF0DFDC3,5CFC486780CBD4446B764E51608D6574003B350D,D8C80A5F43C650C98640A5C2E1590949CC96A47B,E90F52D29788BD86B5C057EE23383467920FC175,2020-09-25 04:58:14.108000,2020-09-25 04:58:15.008000
7xpmre5chemkgk6c,failed,not_found,623,461453F94FA0E3CBB011685E22CDAFD2AF0DFDC3,D52A160303C638D9FB03463F8A6B7934D5787F4C,39BD825F627DDF78E322EB4378C17615506AD3A1,69534B8B5FCCD0BF1124945B1D0F5A35FB0A3542,2020-09-25 04:58:15.009000,2020-09-25 04:58:15.879000
7xpmre5chemkgk6c,failed,not_found,636,461453F94FA0E3CBB011685E22CDAFD2AF0DFDC3,3B953203AF332D8FE1452E1CE7CB50A3B5297DB2,D245C3E824456945C6759599CB8A0547135A066D,698B8708CF4EA02D27CA09274F3351B4F66A5834,2020-09-25 04:58:15.880000,2020-09-25 04:58:17.320000
vng7tjmkxqftxphh,failed,not_found,545,461453F94FA0E3CBB011685E22CDAFD2AF0DFDC3,1034775A01EA629979D0A601EC85FDF2F584CC45,B3C6B4D26A20151F568D39ACFA63E15DBC01CD5D,8C4D95BCE64C6D9DA75F728EA20DC2D8B41F53FA,2020-09-25 04:58:11.015000,2020-09-25 04:58:12.363000
vng7tjmkxqftxphh,failed,not_found,569,461453F94FA0E3CBB011685E22CDAFD2AF0DFDC3,DB2682153AC0CCAECD2BD1E9EBE99C6815807A1E,B86137AE9681701901C6720E55C16805B46BD8E3,D245C3E824456945C6759599CB8A0547135A066D,2020-09-25 04:58:12.363000,2020-09-25 04:58:13.370000
vng7tjmkxqftxphh,failed,not_found,585,461453F94FA0E3CBB011685E22CDAFD2AF0DFDC3,82ED9AEC94184EC6DD299A5CDB3378B04BB17489,0E300A0942899B995AE08CEF58062BCFEB51EEDF,D228AE265C966CA4E9A8C4B746A30A9737060A32,2020-09-25 04:58:13.371000,2020-09-25 04:58:14.230000
vng7tjmkxqftxphh,failed,not_found,609,461453F94FA0E3CBB011685E22CDAFD2AF0DFDC3,3EE6BA5394B18AEF14E0D3B959D733B7A1EC3AD5,7FA3FA525901A91A1310B817943668BC2C16289E,D24FB714345D4B9061CEA89ACBAD343081F14928,2020-09-25 04:58:14.230000,2020-09-25 04:58:14.981000
vng7tjmkxqftxphh,failed,not_found,621,461453F94FA0E3CBB011685E22CDAFD2AF0DFDC3,7A3E534C033E3836BD5AF223B642853C502AB33A,4B9DD478E355BDB7AC8D0A5E14BF5C6760122580,8C35B15C1F138BDE4D50A975129E4773B44A503D,2020-09-25 04:58:14.981000,2020-09-25 04:58:16.557000
vng7tjmkxqftxphh,failed,not_found,653,461453F94FA0E3CBB011685E22CDAFD2AF0DFDC3,327F5823438B8EC86EC33355C147D8455AB1C14B,EAB20BD4083C820EC8329ED5AEBF12019A7749F3,8C25BA134D579B8AAF420E01215EB2CF06AAE907,2020-09-25 04:58:16.558000,2020-09-25 04:58:17.525000
2bqvmgoyokehbty2,failed,not_found,546,461453F94FA0E3CBB011685E22CDAFD2AF0DFDC3,4E81EA3528D6FB79B10B0F11C6FC96CE1C060021,38E48C9509E18F405749859EEF299EBC1B829602,9EB3FD84065E5622A57EFEF14E41A01B5B99A022,2020-09-25 04:58:11.015000,2020-09-25 04:58:11.894000
2bqvmgoyokehbty2,failed,not_found,562,461453F94FA0E3CBB011685E22CDAFD2AF0DFDC3,A3AFBDEE30238E44899C9F8B7666D12B09C8EE32,D8EA105E79803FB0040A8C2A676D93DAEA2CFFF0,C5D91B75D9B991FB53C41AB694D97C961D37B5AB,2020-09-25 04:58:11.894000,2020-09-25 04:58:12.780000
2bqvmgoyokehbty2,failed,not_found,575,461453F94FA0E3CBB011685E22CDAFD2AF0DFDC3,43028D0071DE055180DAA82DE200B42FD2131C23,614094CAF0701EB568106E60EC12A785E704AE0F,9EA4649400C7D35E20C734FA737CF615E925F1E4,2020-09-25 04:58:12.780000,2020-09-25 04:58:13.890000
2bqvmgoyokehbty2,failed,not_found,598,461453F94FA0E3CBB011685E22CDAFD2AF0DFDC3,3CEA56B817455E13C4B063E7D3E7726C286F7C9B,0F977B4D6EBEECD578AC838A5FDDC81B636060A7,9EAD5B2D3DBD96DBC80DCE423B0C345E920A758D,2020-09-25 04:58:13.890000,2020-09-25 04:58:14.737000
2bqvmgoyokehbty2,failed,not_found,615,461453F94FA0E3CBB011685E22CDAFD2AF0DFDC3,08F06A0DDAFABF9A26FCB2E392A1435F9E048216,37BB3233098BF9B9095C27834E65A2E17FF807F8,C5D5E635D115C921C060929FDBEA08F214289198,2020-09-25 04:58:14.737000,2020-09-25 04:58:15.880000
2bqvmgoyokehbty2,failed,not_found,638,461453F94FA0E3CBB011685E22CDAFD2AF0DFDC3,459310E0C3A72CAACAE10BEEBB7484D724C9C8C0,173EBA1FACA59718499AE8023187E5F95E8BF1C7,C5D29A323B1952CF783C84408804F01926139E69,2020-09-25 04:58:15.881000,2020-09-25 04:58:16.919000
v7kptujdgjp47tle,failed,not_found,564,461453F94FA0E3CBB011685E22CDAFD2AF0DFDC3,EE7CD2A763435C7006095BD167C790ABE5BC4DEA,3760F67140B6662BFB38B9245C2B510455B88E45,2E414CD28823B5AEB51FD172AA0EE3E9EB9BCA90,2020-09-25 04:58:11.985000,2020-09-25 04:58:13.831000
v7kptujdgjp47tle,failed,not_found,594,461453F94FA0E3CBB011685E22CDAFD2AF0DFDC3,015757E38C2E3043CAC78E80A34601EC8D2FC409,F8DE8132E599A194E20DDB738AF64A7200CD5949,95EFACA18E34C260DDF749596B977402594E6739,2020-09-25 04:58:13.831000,2020-09-25 04:58:14.960000
v7kptujdgjp47tle,failed,not_found,620,461453F94FA0E3CBB011685E22CDAFD2AF0DFDC3,F37374DB9FA6EF14CED64FD294E8D8683F032EC8,DA9E02BB8080E473157052F70439B7886AA8569D,2E6EE0D63EEAA9FF044AA92F951E5767106FF738,2020-09-25 04:58:14.960000,2020-09-25 04:58:16.056000
v7kptujdgjp47tle,failed,not_found,648,461453F94FA0E3CBB011685E22CDAFD2AF0DFDC3,7D31D5118D47BF86C550ABB79EDDE865EC31B67F,AA26B97B6CA757BF63328EE96705120609CF4AAD,96070698714DC07AE2B377864625B7EF64E33BF5,2020-09-25 04:58:16.056000,2020-09-25 04:58:16.976000
v7kptujdgjp47tle,failed,not_found,657,461453F94FA0E3CBB011685E22CDAFD2AF0DFDC3,019FEB22CE04CBD0489B7F24BE038518B64FA223,69BE1831EC63C751D241E5E962DA4793355A6253,95FD4BD48D919BFD05277F63950C78A93AC01191,2020-09-25 04:58:16.977000,2020-09-25 04:58:18.508000
v7kptujdgjp47tle,failed,not_found,688,461453F94FA0E3CBB011685E22CDAFD2AF0DFDC3,EFF7FB34C593A9D347DDC7A53F20DAC9FB8E9AD3,0C6D3655763B1A3A60FC42135CD60765AFE953BA,2E44E8EB8C7711C1157BD8025F07165CFF8FA2B6,2020-09-25 04:58:18.508000,2020-09-25 04:58:19.918000
5risttci5oaqvz2m,failed,not_found,565,461453F94FA0E3CBB011685E22CDAFD2AF0DFDC3,EBE718E1A49EE229071702964F8DB1F318075FF8,9ECF0C8EEA5C07DE54A346EDB371B48845A3FD0F,987D0706D42070F1E2142A9FCCB56B3887808D34,2020-09-25 04:58:12,2020-09-25 04:58:12.960000
5risttci5oaqvz2m,failed,not_found,578,461453F94FA0E3CBB011685E22CDAFD2AF0DFDC3,1F97BE0788A261FF978C082E0AB44ADD96AF1F7A,3AB334331819AC0BA1A8AFE002D4321672109CAC,986E29FB17C8C7A1FEAFF203F012D5930BA079DB,2020-09-25 04:58:12.960000,2020-09-25 04:58:14.089000
5risttci5oaqvz2m,failed,not_found,606,461453F94FA0E3CBB011685E22CDAFD2AF0DFDC3,7ED3D8AFAC750F8CC0BDF8C87FE3BCBA2BBE2209,57DE17E5368653AA53B6EFA4CBEE2F8DEB4314FA,3098CC656BB3F519FEBF93AF6E0CBBDE4D84002A,2020-09-25 04:58:14.090000,2020-09-25 04:58:15.514000
5risttci5oaqvz2m,failed,not_found,617,461453F94FA0E3CBB011685E22CDAFD2AF0DFDC3,BEA635C89C057DB8E879572C6A2C188239CFAD68,7185B69E3267E71D0E4CBE30209677205DEA5E67,982A103489DF8410585B8077B7FD813217093EB4,2020-09-25 04:58:15.515000,2020-09-25 04:58:16.090000
5risttci5oaqvz2m,failed,not_found,649,461453F94FA0E3CBB011685E22CDAFD2AF0DFDC3,A59AD84F92B2E5A76EBFE3BE62D3B28AF9BFD127,61004152C709672EE739F2667B56EF5550A51332,3076FB1CCEB8341322019AD26F69BFC0AA845334,2020-09-25 04:58:16.090000,2020-09-25 04:58:16.974000
5risttci5oaqvz2m,failed,not_found,656,461453F94FA0E3CBB011685E22CDAFD2AF0DFDC3,DA8D76F5F5819693B5C96F499BA19F7404014769,10231E08F19C03D5A2FE3AAD03D863ABDE2081BC,3092A9B4B9356F9D84D7521A59DBFC5CB3B5332C,2020-09-25 04:58:16.975000,2020-09-25 04:58:17.909000
wvk6mm7ym62itb7p,failed,not_found,566,461453F94FA0E3CBB011685E22CDAFD2AF0DFDC3,58F3E2956EABB81F673E2FB90E16E001DB4AC3AE,B0DB2F173F0DB364BABF7A465D796B3C048F1F33,8F5246F0CAD6B34740F6A5734B57E892640FFE7B,2020-09-25 04:58:12.015000,2020-09-25 04:58:13.213000
wvk6mm7ym62itb7p,failed,not_found,584,461453F94FA0E3CBB011685E22CDAFD2AF0DFDC3,D1F2C5C820B3F96BE6144CBFB84FDDF9D0EC0810,622842AE5ECFF0809B4C986D52CA75C349ED11E8,8F7E120C1D4371FEA19E3C158C180D7DE4EE505C,2020-09-25 04:58:13.213000,2020-09-25 04:58:14.582000
wvk6mm7ym62itb7p,failed,not_found,612,461453F94FA0E3CBB011685E22CDAFD2AF0DFDC3,96E0D19D735D47039844EA83372183BB606F87B4,61004152C709672EE739F2667B56EF5550A51332,8F5ACB40B42628045E6D8CA4CB103CDAEB112A3E,2020-09-25 04:58:14.583000,2020-09-25 04:58:15.924000
wvk6mm7ym62itb7p,failed,not_found,640,461453F94FA0E3CBB011685E22CDAFD2AF0DFDC3,5492E760648AABB7BEC08BC87E8F72F55FBBA90D,98AEF7B834D688773CE2BCC5A32761A4943CF623,C3443C3A0F6FE548262EA987A955D5BD4FD27C24,2020-09-25 04:58:15.924000,2020-09-25 04:58:17.738000
wvk6mm7ym62itb7p,failed,not_found,673,461453F94FA0E3CBB011685E22CDAFD2AF0DFDC3,19D353B8AA0927DF82CB26E0396C57BE27C0ACC5,CA4E9DFE87DE87E502F3B503D07EC8EFCAEE2549,C33B36DBD576D4DE141443D28122575DA159D1B3,2020-09-25 04:58:17.739000,2020-09-25 04:58:18.619000
wvk6mm7ym62itb7p,failed,not_found,690,461453F94FA0E3CBB011685E22CDAFD2AF0DFDC3,DEA84F08432800346BADB35F1EAC1B2A4D5B165D,76543749510CD00CB16E1DD4940CAA8FAC727F58,C35C9FA3FC501BDC22A83FC05102733951E386D0,2020-09-25 04:58:18.619000,2020-09-25 04:58:20.073000
f47qvypmuofek5l5,failed,not_found,579,461453F94FA0E3CBB011685E22CDAFD2AF0DFDC3,F2D8A6CDED1F4BC42CA4B1164FB6C6644298BE1B,9B2BC7EFD661072AFADC533BE8DCF1C19D8C2DCC,F7D3EF888541DDE246D36F4E7C8E90F24618910E,2020-09-25 04:58:13.010000,2020-09-25 04:58:14.508000
f47qvypmuofek5l5,failed,not_found,610,461453F94FA0E3CBB011685E22CDAFD2AF0DFDC3,4CD4DFFEF3971C902A22100D911CAC639BE2EF5C,ED7F2BE5D2AC7FCF821A909E2486FFFB95D65272,F7CF05913E1B573D770185CABF7301AEFFD2A939,2020-09-25 04:58:14.508000,2020-09-25 04:58:15.880000
f47qvypmuofek5l5,failed,not_found,637,461453F94FA0E3CBB011685E22CDAFD2AF0DFDC3,77A56CB237740E24AEA2D61C8C8936232AFC1BD8,F6AAFCFB722532DA3E2A54135000E672B9473835,F7DAFA2D91F7E0A81C987D65E9062B65CC4DF660,2020-09-25 04:58:15.880000,2020-09-25 04:58:17.227000
f47qvypmuofek5l5,failed,not_found,654,461453F94FA0E3CBB011685E22CDAFD2AF0DFDC3,081C9DF6A615A300B382C004DFE2CC37B561C9A0,CC605FEC74F20D49995D8FAAFF7365954233B85D,C215211F88FFCF8C6E70CC34C76DA0948E3DD24A,2020-09-25 04:58:17.228000,2020-09-25 04:58:17.750000
f47qvypmuofek5l5,failed,not_found,675,461453F94FA0E3CBB011685E22CDAFD2AF0DFDC3,800267725AF0B34265FB6A2795AB3F743A63DD96,841DE1E065BCA8C1EBDC4A7140646F47A6257BD8,C1DCC470C80F6D702C5ED11515936444BD3A0255,2020-09-25 04:58:17.751000,2020-09-25 04:58:18.426000
f47qvypmuofek5l5,failed,not_found,685,461453F94FA0E3CBB011685E22CDAFD2AF0DFDC3,BF7BFCB3096FC81FBD0B7ADA66164431EC7FD117,44354E35E9F7F97AF27686D03B0D591686E35394,C1C568D3802481F1BC15F9CB75A4B4DF7592BE50,2020-09-25 04:58:18.426000,2020-09-25 04:58:19.593000
qar2uixafww65zzk,failed,not_found,580,461453F94FA0E3CBB011685E22CDAFD2AF0DFDC3,F0C9513539800F762ECAE37F16370D7CBA5E52C2,E5CC91BAFE7CCD68003E873D32E38027638D49D7,D64EF7797B48002778A295E369474F4B5052944A,2020-09-25 04:58:13.044000,2020-09-25 04:58:13.948000
qar2uixafww65zzk,failed,not_found,600,461453F94FA0E3CBB011685E22CDAFD2AF0DFDC3,1CD48F4ED0F1821FFBF1940802A13EEFD4C27502,8685144AB7D8587718973AD1C3C33F957081B70B,0367E1FFAB716AC3F418CFB7CBB3BDB9403CD9CB,2020-09-25 04:58:13.948000,2020-09-25 04:58:15.165000
qar2uixafww65zzk,failed,not_found,629,461453F94FA0E3CBB011685E22CDAFD2AF0DFDC3,8F893399C8CA284583E3A526A6B4E5FD75449E87,3B92ADC24E26522515BD3C15C678A641EA6475B0,D65DB84BF1EB4DD225B9A1CD9CEFD87B595A30F5,2020-09-25 04:58:15.165000,2020-09-25 04:58:16.440000
qar2uixafww65zzk,failed,not_found,634,461453F94FA0E3CBB011685E22CDAFD2AF0DFDC3,E8BAE7393740A700D50B010DED9D9EC9A66B390D,1C0736CF3744A3B87C2D2269B8BD3388C7E60552,D628F6BB2330B3F78DBB4BED466B0A586D74782E,2020-09-25 04:58:16.440000,2020-09-25 04:58:17.057000
qar2uixafww65zzk,failed,not_found,661,461453F94FA0E3CBB011685E22CDAFD2AF0DFDC3,42B4F52C5B11E4D39855F654955425B0D5A0598B,7BE4752877553A96CD4035D0C526BCD09E81CC64,034AA4B30F77DF0FE183602EA7F8251FF2CF1BA2,2020-09-25 04:58:17.058000,2020-09-25 04:58:17.927000
qar2uixafww65zzk,failed,not_found,679,461453F94FA0E3CBB011685E22CDAFD2AF0DFDC3,AE95BDA37A5BB4685FEBB7F06649D6CE949B5316,9AB93B5422149E5DFF4BE6A3814E2F6D9648DB6A,036A7CD36D6F7A97C7B4AF896D9F11AB719F0DF7,2020-09-25 04:58:17.927000,2020-09-25 04:58:18.760000
7aic6ddqfp7tvlyb,failed,not_found,581,461453F94FA0E3CBB011685E22CDAFD2AF0DFDC3,C4B21A66B27E82FEF6AC97CEAEFE42DFF5C7511C,1F78D47D20BA3ACF9DCE50F4533A5CEA232CF398,6BA54D7805A44F63A75D70AFEC8D2DF6BA7BCAE0,2020-09-25 04:58:13.044000,2020-09-25 04:58:14.197000
7aic6ddqfp7tvlyb,failed,not_found,608,461453F94FA0E3CBB011685E22CDAFD2AF0DFDC3,767E210C587AFB83AF4F654B77F9B9330E4AC8F9,7272FA27A7F99E88D59BE2018E3F14FB88BF9786,6BCB964AB74E23F8986BDA905697D3A6BE08AF28,2020-09-25 04:58:14.197000,2020-09-25 04:58:15.983000
7aic6ddqfp7tvlyb,failed,not_found,643,461453F94FA0E3CBB011685E22CDAFD2AF0DFDC3,B74DABBE248B935CDC1038CD5C9280878C8C94E7,CEC0E348E90D60EBC562F338499E1C74298F9DDA,6B9EA8927AB6E94E216067E65372182343A5AFA2,2020-09-25 04:58:15.983000,2020-09-25 04:58:17.102000
7aic6ddqfp7tvlyb,failed,not_found,664,461453F94FA0E3CBB011685E22CDAFD2AF0DFDC3,EDC9D832FBEAF949F610D3F6A55537291B4E8F26,74B8B22AF950B0BE11D8A228FB09D2F5279FB757,326853AA78DA467E997E6040ADD0DCFF840E0CB5,2020-09-25 04:58:17.102000,2020-09-25 04:58:17.895000
7aic6ddqfp7tvlyb,failed,not_found,678,461453F94FA0E3CBB011685E22CDAFD2AF0DFDC3,104DC15ACFA69CF94F89E8ED0F6CDB2D298234D2,BF0FB582E37F738CD33C3651125F2772705BB8E8,32437FADA2B55E6F446870203311860AD8588569,2020-09-25 04:58:17.896000,2020-09-25 04:58:18.730000
7aic6ddqfp7tvlyb,failed,not_found,693,461453F94FA0E3CBB011685E22CDAFD2AF0DFDC3,60A9E1FE4D020383A4A0FE58E5950983D08D65E7,7DAC367AF33DBEFEDC684789490E213FD348BE36,325499E7D6927D51229019F2EE031F26EBE095BB,2020-09-25 04:58:18.731000,2020-09-25 04:58:19.932000
xbqf6ktsbe53dzdt,failed,not_found,601,461453F94FA0E3CBB011685E22CDAFD2AF0DFDC3,0745857B06337B7F343635608975972A9EC14901,CC605FEC74F20D49995D8FAAFF7365954233B85D,0B7B08C50E419004F77447A72FFD578061F58311,2020-09-25 04:58:13.990000,2020-09-25 04:58:15.044000
xbqf6ktsbe53dzdt,failed,not_found,625,461453F94FA0E3CBB011685E22CDAFD2AF0DFDC3,CC6910CF21D17C1BD68FE224CE7685BEB42558A8,B70629C29A032979E5AD00CC51D2330845AAFD6A,B65CC2B45CE9C934D1E1254736166D6AB64C2ABC,2020-09-25 04:58:15.044000,2020-09-25 04:58:16.109000
xbqf6ktsbe53dzdt,failed,not_found,650,461453F94FA0E3CBB011685E22CDAFD2AF0DFDC3,1CD48F4ED0F1821FFBF1940802A13EEFD4C27502,CACD9D63B759B35555D8C965A3E01071E9DFB44C,0BC314281C83167F24C7CFCD68DE069B02A92345,2020-09-25 04:58:16.109000,2020-09-25 04:58:17.083000
xbqf6ktsbe53dzdt,failed,not_found,662,461453F94FA0E3CBB011685E22CDAFD2AF0DFDC3,16AE2704B794C6C0013C7E47AF11DCABA808A0B9,870D9148A25F84C138F72DC647ABC390ED34383B,B6495EB04241A8D95996F7C8ACAF790B62E8111B,2020-09-25 04:58:17.083000,2020-09-25 04:58:18.643000
xbqf6ktsbe53dzdt,failed,not_found,691,461453F94FA0E3CBB011685E22CDAFD2AF0DFDC3,F836446663F1EB816F13708955F105D0B2F5C8E0,B8805CBDBE91A5E68D268FC62DC617B5BD7CC9E7,0B841CB70F9ED1FD0322C2BA2EB0D80420D87CFA,2020-09-25 04:58:18.643000,2020-09-25 04:58:19.787000
xbqf6ktsbe53dzdt,failed,not_found,710,461453F94FA0E3CBB011685E22CDAFD2AF0DFDC3,B576A394DFC12B7E900D643C900484765D58C30F,F836446663F1EB816F13708955F105D0B2F5C8E0,B655A20F42D940D9AEAF20C7C9C2A33453F2A1CA,2020-09-25 04:58:19.788000,2020-09-25 04:58:20.740000
4uk7hxcljux476pl,failed,not_found,602,461453F94FA0E3CBB011685E22CDAFD2AF0DFDC3,CEC92F3BE8A2F3A46D3C042721D6BDBF2F40F4C5,8BC554F7F9316B12DEC171815FCB4529E8A01D49,D9D6C35E932FEF7100A00C99C199356E82DAB7E6,2020-09-25 04:58:14.007000,2020-09-25 04:58:15.008000
4uk7hxcljux476pl,failed,not_found,622,461453F94FA0E3CBB011685E22CDAFD2AF0DFDC3,0C3D5E19E3C75B505C8ACD26F89DCA2DF970553E,0745857B06337B7F343635608975972A9EC14901,D9B91878B46BB80E6D752E876BF9D481EFEAC5BF,2020-09-25 04:58:15.008000,2020-09-25 04:58:15.901000
4uk7hxcljux476pl,failed,not_found,639,461453F94FA0E3CBB011685E22CDAFD2AF0DFDC3,FC30F566E7B50D9C6ED6BB86DA4BF4B07AD52DE5,F38FB55A8CCA6A00CDD024A5EA2CFECB38A48E15,DA13C3CD7EB23CDFD739C31855658BC5B63841EE,2020-09-25 04:58:15.902000,2020-09-25 04:58:16.938000
4uk7hxcljux476pl,failed,not_found,655,461453F94FA0E3CBB011685E22CDAFD2AF0DFDC3,E26635F9ED41CDA8467C2AA992D81074337602EF,7FA3FA525901A91A1310B817943668BC2C16289E,9803B536ED203C9AAAFC3E53CD4935BA85FF402F,2020-09-25 04:58:16.938000,2020-09-25 04:58:18.686000
4uk7hxcljux476pl,failed,not_found,692,461453F94FA0E3CBB011685E22CDAFD2AF0DFDC3,8B6B10A0AED89408E509D4422EC926C89C7933D0,1AE039EE0B11DB79E4B4B29CBA9F752864A0259E,980AFB485D04C566C74D5704C96CF80D29DE3793,2020-09-25 04:58:18.687000,2020-09-25 04:58:19.593000
4uk7hxcljux476pl,failed,not_found,708,461453F94FA0E3CBB011685E22CDAFD2AF0DFDC3,206B2B8C1AB1E20C02CFE2A913AA8DE169980FC2,63C6AB74A5C288C2159DDC783BB00F88AB44427C,97F51AF6791AD33981CE25DC7A2618429F25B3B0,2020-09-25 04:58:19.593000,2020-09-25 04:58:20.480000
om7fcjn2mnb7a2kq,failed,not_found,603,461453F94FA0E3CBB011685E22CDAFD2AF0DFDC3,5B0DBAC2C854B8EB0E0DD39AD94B66F2FEDC4871,F4A4D78F16E9A0353AD5BBEF4632C7022E20FB20,DEF3365F1C012F80E56877B5EF05CE72BDEB0CCC,2020-09-25 04:58:14.041000,2020-09-25 04:58:14.856000
om7fcjn2mnb7a2kq,failed,not_found,618,461453F94FA0E3CBB011685E22CDAFD2AF0DFDC3,E81D56AE3FE9919F3A42AB11100901E6BAEC4FCB,D08660B6D70B6249A57D89BB7A8F2EA2C952BD35,5EBA4A9F483E07FD717BA81DD6F7344AF82F7D5D,2020-09-25 04:58:14.857000,2020-09-25 04:58:15.686000
om7fcjn2mnb7a2kq,failed,not_found,642,461453F94FA0E3CBB011685E22CDAFD2AF0DFDC3,91FBAE8A92F3BDFBF86D8860CC7FF189B6A0D165,CDA9361C072A86719AA3D5A283F5BFBCBF82133B,5EEE4C799C55FC8BBDB8EB5E65A48C60C8F15640,2020-09-25 04:58:15.687000,2020-09-25 04:58:17.101000
om7fcjn2mnb7a2kq,failed,not_found,663,461453F94FA0E3CBB011685E22CDAFD2AF0DFDC3,CE34F2DA5B7B419D9D126530DCE86EA87D6D13EE,57DE17E5368653AA53B6EFA4CBEE2F8DEB4314FA,DF02E357B268BA6E9029FA6DFB8BC289E7763FCF,2020-09-25 04:58:17.102000,2020-09-25 04:58:18.517000
om7fcjn2mnb7a2kq,failed,not_found,689,461453F94FA0E3CBB011685E22CDAFD2AF0DFDC3,F24F8BEA2779A79111F33F6832B062BED306B9CB,E5AA85FA69CDC31900C86E6427C7E5DE11DE9E2D,5EDD6628D5E13ED020A1EA03C1944DD6769B4974,2020-09-25 04:58:18.517000,2020-09-25 04:58:19.576000
om7fcjn2mnb7a2kq,failed,not_found,706,461453F94FA0E3CBB011685E22CDAFD2AF0DFDC3,645C3F0545E0975A49F69EC272C0C3EA28586825,3E04505D362AA324E6E4E1C8516CCD9EF4D41B9C,DEF8C760A79FEF2358E03AE5A1950086ABEB953E,2020-09-25 04:58:19.576000,2020-09-25 04:58:20.309000
nair4rrz5qwirf7h,failed,not_found,626,461453F94FA0E3CBB011685E22CDAFD2AF0DFDC3,34979DBD475FFED9CF6556E349DDEDEE69104345,901C2689FDABE7165AB7AC4E8231F12A2674916E,FD127D1014ED3D36AFE50558A88BD5E8DB34A645,2020-09-25 04:58:15.077000,2020-09-25 04:58:16.006000
nair4rrz5qwirf7h,failed,not_found,644,461453F94FA0E3CBB011685E22CDAFD2AF0DFDC3,0367E1FFAB716AC3F418CFB7CBB3BDB9403CD9CB,0CB40D12177CBABAB87652BBFC00A7E6F4434D3E,C51701910DEA998F4F51287A71B7E94449A3E9BC,2020-09-25 04:58:16.007000,2020-09-25 04:58:17.263000
nair4rrz5qwirf7h,failed,not_found,669,461453F94FA0E3CBB011685E22CDAFD2AF0DFDC3,F0F5074A6DADD3DC22E1FAA18FD6D89CBC52771A,1C24A2669C7E0D62B2157B95F56ED00EE307C85C,FD47FA4A74C2BA062EC731286930B97FA873A7D6,2020-09-25 04:58:17.264000,2020-09-25 04:58:18.222000
nair4rrz5qwirf7h,failed,not_found,677,461453F94FA0E3CBB011685E22CDAFD2AF0DFDC3,06E72526BBE040C51C5ADFBAA07ADD9AEB5E1FA1,431702B3A68A6015F9955DD4FD0129175B43EA0F,C4D43EC18179F7B2E8187D7E284D6D547217B39E,2020-09-25 04:58:18.223000,2020-09-25 04:58:27.247000
nair4rrz5qwirf7h,failed,not_found,845,461453F94FA0E3CBB011685E22CDAFD2AF0DFDC3,64B43A6198B6C1F97D9ED8929F5A8913C3815935,BBBBBAD453263D786EC34AB68A06214288910345,C4FD2403CC929297B559A49E582516944F75C6A9,2020-09-25 04:58:27.247000,2020-09-25 04:58:28.463000
nair4rrz5qwirf7h,failed,not_found,874,461453F94FA0E3CBB011685E22CDAFD2AF0DFDC3,5FB384605F53DCBF1CB02143D318DA3E8EE38A24,BF37445EA2A9F3D04F4B87DFAC624AEF21B559D5,FD2F9B881AC640100C428DF47DC9A863DC2F2536,2020-09-25 04:58:28.464000,2020-09-25 04:58:29.811000
j2bxxiaoxwad4qy3,failed,not_found,627,461453F94FA0E3CBB011685E22CDAFD2AF0DFDC3,A541C211909264081DC3A4F8E105F06139DDCD8B,D8EA105E79803FB0040A8C2A676D93DAEA2CFFF0,271C445DEAA2E0DB1E740CDBC61D77BA9133155B,2020-09-25 04:58:15.077000,2020-09-25 04:58:15.925000
j2bxxiaoxwad4qy3,failed,not_found,641,461453F94FA0E3CBB011685E22CDAFD2AF0DFDC3,B058FBDEA69774C28EAC1111E167BC0AD4A904E0,8DBEF8D824437770261B4C7453F2815DB7FC9165,270934A4F7B669AA387F2D475FBE793D03694547,2020-09-25 04:58:15.925000,2020-09-25 04:58:17.146000
j2bxxiaoxwad4qy3,failed,not_found,667,461453F94FA0E3CBB011685E22CDAFD2AF0DFDC3,6E8E5CA9B6F567416ADA21E990E7746BC223B0C0,114FB145113A8D53818F0BA9363DFBC81DC8447F,BE3B9024A0EBBE72FF212979FB695FC6117E1EF5,2020-09-25 04:58:17.147000,2020-09-25 04:58:19.089000
j2bxxiaoxwad4qy3,failed,not_found,701,461453F94FA0E3CBB011685E22CDAFD2AF0DFDC3,41A3C16269C7B63DB6EB741DBDDB4E1F586B1592,759E25B0E3C6DB1928417481F5FCCFE82C1C4570,BE1E17C00A4BE0FF280CFE062D03F261061E2E63,2020-09-25 04:58:19.089000,2020-09-25 04:58:21.123000
j2bxxiaoxwad4qy3,failed,not_found,739,461453F94FA0E3CBB011685E22CDAFD2AF0DFDC3,7D69BF760639FBD1D90F9CCA80860D6883745B64,09A70E396DE93F54D4541BBB0EC8E2B23761F34F,2723A5FFD3B6ED842EB44C380D3AB4D26DEF60AA,2020-09-25 04:58:21.123000,2020-09-25 04:58:22.761000
j2bxxiaoxwad4qy3,failed,not_found,760,461453F94FA0E3CBB011685E22CDAFD2AF0DFDC3,9F7D6E6420183C2B76D3CE99624EBC98A21A967E,0F52E9652F96AD1D500AC062350A149902C128B9,BE394E28DCE7CAE18FA9F18321771E2102F9F5D1,2020-09-25 04:58:22.762000,2020-09-25 04:58:23.834000
lt5trci642gze3d7,failed,not_found,628,461453F94FA0E3CBB011685E22CDAFD2AF0DFDC3,9A48EC8AAFB2E8C9E20408596383DB74F1196747,D408EA531AA2FA90F25BD14283D38FDBB2094BA3,4CA782CE00ADBCDDB93DE3FCACF84445353D7772,2020-09-25 04:58:15.104000,2020-09-25 04:58:16.537000
lt5trci642gze3d7,failed,not_found,651,461453F94FA0E3CBB011685E22CDAFD2AF0DFDC3,8859E68A7C95BD5AB403F16DAD92681E184D3710,77A56CB237740E24AEA2D61C8C8936232AFC1BD8,02FAEC637620B6DFF329022CEAA4D83BA23CEC6F,2020-09-25 04:58:16.537000,2020-09-25 04:58:17.524000
lt5trci642gze3d7,failed,not_found,672,461453F94FA0E3CBB011685E22CDAFD2AF0DFDC3,4E0C20FE5369CF91793AE0762B6D6EBFE8DD7D93,425835370C1FBE178C21CB53C76672F12BDE091A,02ED4F8DB11F1303BA21B16AA1CF2A0A48547ACA,2020-09-25 04:58:17.524000,2020-09-25 04:58:19.273000
lt5trci642gze3d7,failed,not_found,694,461453F94FA0E3CBB011685E22CDAFD2AF0DFDC3,8FA37B93397015B2BC5A525C908485260BE9F422,3BAACE149DB31574B327BF835B594B707D12CD58,02F250898E6213FC6B5BAEA368322BEE015AD677,2020-09-25 04:58:19.274000,2020-09-25 04:58:19.983000
lt5trci642gze3d7,failed,not_found,714,461453F94FA0E3CBB011685E22CDAFD2AF0DFDC3,0E300A0942899B995AE08CEF58062BCFEB51EEDF,9B2BC7EFD661072AFADC533BE8DCF1C19D8C2DCC,4C8B019E2B132FDD831419E13F59E7B7FA80476A,2020-09-25 04:58:19.984000,2020-09-25 04:58:20.918000
lt5trci642gze3d7,failed,not_found,732,461453F94FA0E3CBB011685E22CDAFD2AF0DFDC3,F5F4019509109A07E90C45A022CEED9ECA1643C8,8404E8B8AAB98208FAEFB1727B637133AD9C6FAF,4CA64E677ECFF23B138CFE70A6A02E94BDF3A805,2020-09-25 04:58:20.919000,2020-09-25 04:58:22.194000
gvwitsr4s4fice3f,failed,not_found,645,461453F94FA0E3CBB011685E22CDAFD2AF0DFDC3,15BE17C99FACE24470D40AF782D6A9C692AB36D6,8EF748FCCF1A9E2B9651DC6ABD921F8EEB24FA73,B21211A1A2C68F2D9E57E3C7AEAF4F04AFC10E7F,2020-09-25 04:58:16.024000,2020-09-25 04:58:17.145000
gvwitsr4s4fice3f,failed,not_found,666,461453F94FA0E3CBB011685E22CDAFD2AF0DFDC3,872B18761953254914F77C71846E8A2623C52591,44730B2450213BC3E2DAA4854458D134F0644FF2,B20FA6C1B2B0F7548EC8434A46F3611700C057BD,2020-09-25 04:58:17.145000,2020-09-25 04:58:20.141000
gvwitsr4s4fice3f,failed,not_found,720,461453F94FA0E3CBB011685E22CDAFD2AF0DFDC3,7E8BC43AE75EAE16D7EC4676F4A5C355F454B809,3E53D3979DB07EFD736661C934A1DED14127B684,F68A76522D356F89BEC286889A3822250567BE2E,2020-09-25 04:58:20.142000,2020-09-25 04:58:21.062000
gvwitsr4s4fice3f,,,,,,,B20F089A94902EB43F77626D4F4D17AC888B8A19,2020-09-25 04:58:21.063000,
lhnridyqfca4qgs5,failed,not_found,646,461453F94FA0E3CBB011685E22CDAFD2AF0DFDC3,C5F214F7F9CCBF09324C9AA032760150243A196C,4586DF1934953F38206B5117237F79C1C8797FC4,0A9771723D8DE2E015718303DCC8BCD88AFC620A,2020-09-25 04:58:16.055000,2020-09-25 04:58:17.318000
lhnridyqfca4qgs5,failed,not_found,670,461453F94FA0E3CBB011685E22CDAFD2AF0DFDC3,AF1FC704A5243CC0F08A335343D18A7D9FD871DE,34C532849438CF58DAE90FFA43ABF6D793DF2C3E,7F64B84FA7889688041D2413AD60EA3F9CA6801D,2020-09-25 04:58:17.318000,2020-09-25 04:58:20.090000
lhnridyqfca4qgs5,failed,not_found,719,461453F94FA0E3CBB011685E22CDAFD2AF0DFDC3,071ACB713A9558A4B5750520B0A738C66033E0B1,73A5A81688BD536BFBABE18630F5BD6306C9AC8E,7FA3FA525901A91A1310B817943668BC2C16289E,2020-09-25 04:58:20.090000,2020-09-25 04:58:21.026000
lhnridyqfca4qgs5,failed,not_found,737,461453F94FA0E3CBB011685E22CDAFD2AF0DFDC3,DA8D76F5F5819693B5C96F499BA19F7404014769,334DF2164322B98FCC567BC444947B74AC92DAEA,7F7BE7926AF718D6A3DED24D694D94C1D5FACF28,2020-09-25 04:58:21.027000,2020-09-25 04:58:21.953000
lhnridyqfca4qgs5,failed,not_found,747,461453F94FA0E3CBB011685E22CDAFD2AF0DFDC3,E5CC82DF823F15F9EEF99F22BFB1F3CC5F5076EF,F6740DEABFD5F62612FA025A5079EA72846B1F67,0AB05FC63CF9AC7070C1D89BB1A1189C319E1A92,2020-09-25 04:58:21.953000,2020-09-25 04:58:22.851000
lhnridyqfca4qgs5,failed,not_found,765,461453F94FA0E3CBB011685E22CDAFD2AF0DFDC3,5CF342DBBD6170BEE00CD52ACB4076D551085E7F,573051CAA3EEEE2B75EBD096BB1F70D3FDAC5F3A,0AAF0B549639B01EDB6E190C8551EDC2C8EDA2A5,2020-09-25 04:58:22.851000,2020-09-25 04:58:23.806000
lebvm22rcckaun74,failed,not_found,647,461453F94FA0E3CBB011685E22CDAFD2AF0DFDC3,6222334659111D99DE9D26970ACC4022B290DFD0,4D1793D423FDB1968EAA7455EBC070A0E48B33ED,04EE5E1B23127D26A36F71C66810D88B0B80BB91,2020-09-25 04:58:16.055000,2020-09-25 04:58:17.793000
lebvm22rcckaun74,failed,not_found,676,461453F94FA0E3CBB011685E22CDAFD2AF0DFDC3,8DCB526722FBE2B3F4C0CE9D020B0589170F8BDA,29A39144AD141242436D07901F7A8B91F7516A66,0512FE6BE9CCA0ED133152E64010B2FBA141EB10,2020-09-25 04:58:17.793000,2020-09-25 04:58:18.508000
lebvm22rcckaun74,failed,not_found,687,461453F94FA0E3CBB011685E22CDAFD2AF0DFDC3,AD0FCFD83EA4899DB34735E599701592DEA13690,8CC7474E0671B257AA821624F6B43D9B07CBDC89,04DFE047ACDF7A6620ACA782FAFC5EF1AE7F4754,2020-09-25 04:58:18.508000,2020-09-25 04:58:19.441000
lebvm22rcckaun74,failed,not_found,704,461453F94FA0E3CBB011685E22CDAFD2AF0DFDC3,CF6A6080091BB210AA3892FEFE2F6A396DA08DF3,3B953203AF332D8FE1452E1CE7CB50A3B5297DB2,22404A3E87F2D7FE2FC6359FDE71B6DC2D6E730F,2020-09-25 04:58:19.441000,2020-09-25 04:58:20.234000
lebvm22rcckaun74,failed,not_found,711,461453F94FA0E3CBB011685E22CDAFD2AF0DFDC3,061E0496931D23A81A2B685C9339D36857DD0FA1,CF6A6080091BB210AA3892FEFE2F6A396DA08DF3,223F4E3F6557A83850C80F0C601732632C64CD00,2020-09-25 04:58:20.235000,2020-09-25 04:58:20.769000
lebvm22rcckaun74,failed,not_found,726,461453F94FA0E3CBB011685E22CDAFD2AF0DFDC3,5F58E9417DF94A66529864FA1134635614958A44,E46C3F0533709EE2112874B13A4FE3868B33E75E,2248161EC43AE5CCF3BAFB225CAF2539FA098A99,2020-09-25 04:58:20.770000,2020-09-25 04:58:21.620000
kqq5iigydp6k4yzf,failed,not_found,658,461453F94FA0E3CBB011685E22CDAFD2AF0DFDC3,81E18725397D620DA548ABBE24D9CD263DEF2FDC,D56A98D38FC3C75E0347EEF3DD9C12749AF7C7C5,4CA782CE00ADBCDDB93DE3FCACF84445353D7772,2020-09-25 04:58:17.002000,2020-09-25 04:58:18.306000
kqq5iigydp6k4yzf,failed,not_found,684,461453F94FA0E3CBB011685E22CDAFD2AF0DFDC3,9CFA49D7F6C1774FFECC12AD3F3E59BD781285EF,2AE2CA4BD2B7754F29432C25E03314D52AC4CAF1,B872BA6804C8C6E140AE1897B44CF32B42FD2397,2020-09-25 04:58:18.306000,2020-09-25 04:58:19.328000
kqq5iigydp6k4yzf,failed,not_found,703,461453F94FA0E3CBB011685E22CDAFD2AF0DFDC3,CE34F2DA5B7B419D9D126530DCE86EA87D6D13EE,34DE7F9028A53D5238D779B00DAF7438FDE1D7A0,4C8B019E2B132FDD831419E13F59E7B7FA80476A,2020-09-25 04:58:19.328000,2020-09-25 04:58:20.347000
kqq5iigydp6k4yzf,failed,not_found,722,461453F94FA0E3CBB011685E22CDAFD2AF0DFDC3,F641F043D50CEFA07EE41EB284466458788808ED,B872BA6804C8C6E140AE1897B44CF32B42FD2397,B890CB3C5A05ED29625F872A1EE462788C7DFACB,2020-09-25 04:58:20.348000,2020-09-25 04:58:21.334000
kqq5iigydp6k4yzf,failed,not_found,742,461453F94FA0E3CBB011685E22CDAFD2AF0DFDC3,55A92BE2A76C64A5A0DB0D4F61D5DCA37B55EE52,99774357E7FD1F113F242C469D1D399D444AA51A,4CA64E677ECFF23B138CFE70A6A02E94BDF3A805,2020-09-25 04:58:21.335000,2020-09-25 04:58:22.482000
kqq5iigydp6k4yzf,failed,not_found,756,461453F94FA0E3CBB011685E22CDAFD2AF0DFDC3,A20CB2416BDECC60B681FEE20113361DB7DDE5DB,872B18761953254914F77C71846E8A2623C52591,B87D46124FCB8BD887CC774349F335ED1F8419F6,2020-09-25 04:58:22.482000,2020-09-25 04:58:23.565000
byene5xbazuwsewu,failed,not_found,659,461453F94FA0E3CBB011685E22CDAFD2AF0DFDC3,60B1681670B185813E762B71F3C3B129A981F37B,F0F5074A6DADD3DC22E1FAA18FD6D89CBC52771A,F7DAFA2D91F7E0A81C987D65E9062B65CC4DF660,2020-09-25 04:58:17.016000,2020-09-25 04:58:18.507000
byene5xbazuwsewu,failed,not_found,686,461453F94FA0E3CBB011685E22CDAFD2AF0DFDC3,B70629C29A032979E5AD00CC51D2330845AAFD6A,954666871AF443730E97772E183DAD1F45583FB7,B65CC2B45CE9C934D1E1254736166D6AB64C2ABC,2020-09-25 04:58:18.507000,2020-09-25 04:58:19.487000
byene5xbazuwsewu,failed,not_found,771,461453F94FA0E3CBB011685E22CDAFD2AF0DFDC3,CBB5AE37E2927A915D70FA71572D2EA203F03E83,79E48A3242DB3515700F8925FA8E6323F8D51D7D,F7D3EF888541DDE246D36F4E7C8E90F24618910E,2020-09-25 04:58:19.488000,2020-09-25 04:58:24.141000
byene5xbazuwsewu,failed,not_found,788,461453F94FA0E3CBB011685E22CDAFD2AF0DFDC3,A4CC39184AD287D72C2247738835811C7A7ECB8E,872B18761953254914F77C71846E8A2623C52591,B655A20F42D940D9AEAF20C7C9C2A33453F2A1CA,2020-09-25 04:58:24.141000,2020-09-25 04:58:25.598000
byene5xbazuwsewu,failed,not_found,810,461453F94FA0E3CBB011685E22CDAFD2AF0DFDC3,1CD48F4ED0F1821FFBF1940802A13EEFD4C27502,070D387230C1B95A05811C5B722FBD21A1076BDB,F7CF05913E1B573D770185CABF7301AEFFD2A939,2020-09-25 04:58:25.598000,2020-09-25 04:58:27.126000
byene5xbazuwsewu,failed,not_found,841,461453F94FA0E3CBB011685E22CDAFD2AF0DFDC3,7C22E89AB620E77DF1B4A33787A5EC3F2AB4A8D1,200473B7974E8D78B75B28DBD6C218DA3A0B8059,B6495EB04241A8D95996F7C8ACAF790B62E8111B,2020-09-25 04:58:27.127000,2020-09-25 04:58:28.232000
4m6ur5oooezm4xmv,failed,not_found,660,461453F94FA0E3CBB011685E22CDAFD2AF0DFDC3,9ECF0C8EEA5C07DE54A346EDB371B48845A3FD0F,7281E68A005357F57F183AF5B6937711D92C556B,619349D82424C601CAEB94161A4CF778993DAEE7,2020-09-25 04:58:17.035000,2020-09-25 04:58:18.150000
4m6ur5oooezm4xmv,failed,not_found,683,461453F94FA0E3CBB011685E22CDAFD2AF0DFDC3,3E3CBA3F2870CE76A41D3E97A8D838AA703586E3,9EA4649400C7D35E20C734FA737CF615E925F1E4,8C9E4277399C612C2032CD3C98C052F0D6EA4961,2020-09-25 04:58:18.150000,2020-09-25 04:58:18.895000
4m6ur5oooezm4xmv,failed,not_found,696,461453F94FA0E3CBB011685E22CDAFD2AF0DFDC3,8358BDDA9C9A680B4E3A2809E5C24F5B3624D5C2,C22BA9ED6DEE071D2B37B9718DCCFB6A53EAD5E6,619E413D0C8AFF95B456622707016A7AB7B4DA5D,2020-09-25 04:58:18.895000,2020-09-25 04:58:20.074000
4m6ur5oooezm4xmv,failed,not_found,718,461453F94FA0E3CBB011685E22CDAFD2AF0DFDC3,FD7ED9F4871E2EC46035FC602960EACC32E08FF8,F1E6676A0551B4D88262536FAAB488B861AACA1A,61AF790EF78C2D73C8E3D8E2596D42A1AACE1359,2020-09-25 04:58:20.075000,2020-09-25 04:58:20.770000
4m6ur5oooezm4xmv,failed,not_found,740,461453F94FA0E3CBB011685E22CDAFD2AF0DFDC3,9F2CE2437A04D8AF463D770AE716C1595AA1666D,5A224EFAC453F7EF2D0435E336890DECDC5CEBFD,8C9DF7FE2C6C8E253048D07EB1F3986841CF2407,2020-09-25 04:58:20.770000,2020-09-25 04:58:22.250000
4m6ur5oooezm4xmv,failed,not_found,744,461453F94FA0E3CBB011685E22CDAFD2AF0DFDC3,AC633C90E126E0BCA96F14ECE5D222B586FA0D56,836460C721577873AD1FF8AB000112A9360EB3A0,8CA16E878293D11F0E0803E5FC09F93A5C666889,2020-09-25 04:58:22.250000,2020-09-25 04:58:22.762000
ndyizwyfzfynvgwl,failed,not_found,680,461453F94FA0E3CBB011685E22CDAFD2AF0DFDC3,16AE2704B794C6C0013C7E47AF11DCABA808A0B9,B081CA58EB9BBBEBDBF7E04B630F625D2002F401,09092FF120A9FD9DC1AEAC899B5C3CFECBA6C279,2020-09-25 04:58:17.985000,2020-09-25 04:58:19.592000
ndyizwyfzfynvgwl,failed,not_found,707,461453F94FA0E3CBB011685E22CDAFD2AF0DFDC3,875F74A3DC14737BECA06F8B500022154D1A29D1,ACA0B8702A6A0B890217A3D26B7220EB6E1CFFD1,638D91FC9EF661348A6994D04C3499BC03F50BBE,2020-09-25 04:58:19.592000,2020-09-25 04:58:20.619000
ndyizwyfzfynvgwl,failed,not_found,723,461453F94FA0E3CBB011685E22CDAFD2AF0DFDC3,93C4C20DD1A6797200A60FBE714523FD9D41B5B3,127887BF5B69EFEFA0DC47FC767135E0ACAAFD9F,63B32F7E5389E8DBC5E1BCEFE48312DA7CCEF5D6,2020-09-25 04:58:20.619000,2020-09-25 04:58:22.305000
ndyizwyfzfynvgwl,failed,not_found,754,461453F94FA0E3CBB011685E22CDAFD2AF0DFDC3,8EE44717FA55705C12086F3ECD1F8D9C8676FD05,B0537CD220A60ECF8045439658A53254C0D63DCB,63A0D1B0E499ACC5510697384DBCAC16A18B0B5E,2020-09-25 04:58:22.305000,2020-09-25 04:58:23.326000
ndyizwyfzfynvgwl,failed,not_found,773,461453F94FA0E3CBB011685E22CDAFD2AF0DFDC3,9E1E4F5B5F94812D02C4D18CB4086CE71CA5C614,A9F7185499C5784E35B5C25744ED4AB75437CE5D,091BB38D8A641014A652A36A8827A9E30EEEA882,2020-09-25 04:58:23.327000,2020-09-25 04:58:24.276000
ndyizwyfzfynvgwl,failed,not_found,790,461453F94FA0E3CBB011685E22CDAFD2AF0DFDC3,B07FCCFAC6131953FE8523787B4A190D16DF6681,4A59FD3642C4D9F46A8D916AC9BC64390BCBC6AE,091F0E777170A967C60069B10F5404C3D14E90E8,2020-09-25 04:58:24.276000,2020-09-25 04:58:25.310000
of55lqwzlbghapn7,failed,not_found,681,461453F94FA0E3CBB011685E22CDAFD2AF0DFDC3,71DF8174D809D862445BFCB89F5A0980099947EC,F7ABE09CC2E346FEA7B2D8DA21651C6A79717A1B,2C6E2587287437FA10BFB145CD2691FD605C8709,2020-09-25 04:58:18.019000,2020-09-25 04:58:19.825000
of55lqwzlbghapn7,failed,not_found,712,461453F94FA0E3CBB011685E22CDAFD2AF0DFDC3,AE17FAAF8F302A506AF2167666EC62882804403F,A9BEA2E0699D1F60521C8A1167340945A419D102,614094CAF0701EB568106E60EC12A785E704AE0F,2020-09-25 04:58:19.825000,2020-09-25 04:58:20.715000
of55lqwzlbghapn7,failed,not_found,725,461453F94FA0E3CBB011685E22CDAFD2AF0DFDC3,05FEA2DB1FD29DE229B589DFEF5E80A5C6C7EE9E,AE9B4F3B133CF4FC75BD0685F047EA4253C49B09,615ABEA2DE76EB3760BC51E7306BAA59F15CD8F2,2020-09-25 04:58:20.715000,2020-09-25 04:58:21.916000
of55lqwzlbghapn7,failed,not_found,815,461453F94FA0E3CBB011685E22CDAFD2AF0DFDC3,CBD85D49F9C8BC2FCAB1255C7D196524FE926659,B0537CD220A60ECF8045439658A53254C0D63DCB,61875BB87F7C6BB9B656BE7B95EBBFB3D5500C97,2020-09-25 04:58:21.916000,2020-09-25 04:58:27.410000
of55lqwzlbghapn7,failed,not_found,850,461453F94FA0E3CBB011685E22CDAFD2AF0DFDC3,F244C5F5DDE2F29CA1F88E4C9F9FACCC48BCA857,3E53D3979DB07EFD736661C934A1DED14127B684,2C752C180089DDC89BC3FFCCB17FACFEEAFD79AA,2020-09-25 04:58:27.411000,2020-09-25 04:58:28.383000
of55lqwzlbghapn7,failed,not_found,872,461453F94FA0E3CBB011685E22CDAFD2AF0DFDC3,49877399DD0E82FE123148361038823368F77193,D8EA105E79803FB0040A8C2A676D93DAEA2CFFF0,2CCCE975EAA30BC303DE0B5FCE50A25917F6A531,2020-09-25 04:58:28.383000,2020-09-25 04:58:29.677000
ur3revd7dp7tkpsh,failed,not_found,682,461453F94FA0E3CBB011685E22CDAFD2AF0DFDC3,E05CAC929E391787077066C29461A9D22ECF0809,CDAEBA458F6129776643751934076A51D851C348,0CD9E401F1ACE013988F25E4E4B1BEE3FC1DB7E8,2020-09-25 04:58:18.061000,2020-09-25 04:58:19.091000
ur3revd7dp7tkpsh,failed,not_found,702,461453F94FA0E3CBB011685E22CDAFD2AF0DFDC3,85A3AC041E3FCD796AF5D653953D5E27A56E3719,D54247E35545388D9C42E4716EDC59F67907789F,0CAFFFE470E88AF156D6750B616995B3790F24EF,2020-09-25 04:58:19.091000,2020-09-25 04:58:19.906000
ur3revd7dp7tkpsh,failed,not_found,713,461453F94FA0E3CBB011685E22CDAFD2AF0DFDC3,DC9564AE8BC7BF5F722E3677C897ED1B578C8D81,42B4F52C5B11E4D39855F654955425B0D5A0598B,4E2F7D3326FBCE300557B9AFF463CC434AADD120,2020-09-25 04:58:19.907000,2020-09-25 04:58:20.895000
ur3revd7dp7tkpsh,failed,not_found,731,461453F94FA0E3CBB011685E22CDAFD2AF0DFDC3,DBCBB717595E8177601971C851198456EB4960DB,3BAACE149DB31574B327BF835B594B707D12CD58,0CB40D12177CBABAB87652BBFC00A7E6F4434D3E,2020-09-25 04:58:20.896000,2020-09-25 04:58:22.571000
ur3revd7dp7tkpsh,failed,not_found,758,461453F94FA0E3CBB011685E22CDAFD2AF0DFDC3,5BF17163CBE73D8CD9FDBE030C944EA05707DA93,4CA64E677ECFF23B138CFE70A6A02E94BDF3A805,4E41B00F930F3E72530F339EF4C911CE97D2AE9E,2020-09-25 04:58:22.571000,2020-09-25 04:58:24.744000
ur3revd7dp7tkpsh,failed,not_found,796,461453F94FA0E3CBB011685E22CDAFD2AF0DFDC3,47C362713928A711FC105AF54993576E41CB1B7F,D8C80A5F43C650C98640A5C2E1590949CC96A47B,4E559E30279092315BF907DABDF00720473F8320,2020-09-25 04:58:24.744000,2020-09-25 04:58:27.782000
yr7ytbyyrstatz22,failed,not_found,698,461453F94FA0E3CBB011685E22CDAFD2AF0DFDC3,74312EF576DE1E7710D5420791E6BDB41808439E,75A931404453030821C547A4FAA9094A06C48C7A,45D81A594C458BAA2AFADADC507B6C784EB68D63,2020-09-25 04:58:19.022000,2020-09-25 04:58:20.307000
yr7ytbyyrstatz22,failed,not_found,798,461453F94FA0E3CBB011685E22CDAFD2AF0DFDC3,CDA9361C072A86719AA3D5A283F5BFBCBF82133B,E1DE607E31C2C0FB6F8FC959BF7B58CE35D95990,45D8C1EEFF044043AA6806C4B9130F8F189EF316,2020-09-25 04:58:20.308000,2020-09-25 04:58:25.776000
yr7ytbyyrstatz22,failed,not_found,813,461453F94FA0E3CBB011685E22CDAFD2AF0DFDC3,82ED9AEC94184EC6DD299A5CDB3378B04BB17489,A0BD104E35D36F5630B01EB5370597EB09204C99,D0EDC58A0E7D7FE28A1A5E366260A80AEF9BD448,2020-09-25 04:58:25.776000,2020-09-25 04:58:27.247000
yr7ytbyyrstatz22,failed,not_found,846,461453F94FA0E3CBB011685E22CDAFD2AF0DFDC3,8DCB526722FBE2B3F4C0CE9D020B0589170F8BDA,221546DAE86B003139B13BD6F6AE1B4B42B59DF8,45E2D7BE8D42A13A627BE13A66503F848861C5DE,2020-09-25 04:58:27.247000,2020-09-25 04:58:28.228000
yr7ytbyyrstatz22,failed,not_found,868,461453F94FA0E3CBB011685E22CDAFD2AF0DFDC3,F4F92D8B840C2D053197AC3EF9C58F3DCFBB20FE,E1DE607E31C2C0FB6F8FC959BF7B58CE35D95990,D0ED5C7031A8F2B0CB5181060D6535C53686C559,2020-09-25 04:58:28.229000,2020-09-25 04:58:29.224000
yr7ytbyyrstatz22,failed,not_found,888,461453F94FA0E3CBB011685E22CDAFD2AF0DFDC3,7DC099E84AD8ACC12DE92EEF2B1A9052B15D0AF1,8BE58BA7A28DC6B4F211CE8EE86783B85133488D,D0F09FA43F68E134B9E56743797D040F647174D1,2020-09-25 04:58:29.225000,2020-09-25 04:58:30.524000
3m3fy6rui6n6oll2,failed,not_found,699,461453F94FA0E3CBB011685E22CDAFD2AF0DFDC3,CDAF0B74C45FD5B1955198A8D92C8A518A53D07B,128FC6D8FBF753121C5662FEE309CCD47B64BA6B,3FA04DAFB39C8C2D3BB3568C4B7F84194691D9CB,2020-09-25 04:58:19.062000,2020-09-25 04:58:21.191000
3m3fy6rui6n6oll2,failed,not_found,741,461453F94FA0E3CBB011685E22CDAFD2AF0DFDC3,CB92FA4D7D71F134CE1F1FFF2BFF53E88DD4A1DB,E37322752F135A344FA33E17F4AFA74C27A687E6,0443D98C0C44D3E0E6238790345DB5624DB41B28,2020-09-25 04:58:21.192000,2020-09-25 04:58:22.665000
3m3fy6rui6n6oll2,failed,not_found,759,461453F94FA0E3CBB011685E22CDAFD2AF0DFDC3,0085057C17BD2E1809E284825F06F94E72FB418C,331452F317390D3C78BCD759170699E55C5570C9,046F2D59A85FAE693676A87533717C57436261C2,2020-09-25 04:58:22.666000,2020-09-25 04:58:23.520000
3m3fy6rui6n6oll2,failed,not_found,774,461453F94FA0E3CBB011685E22CDAFD2AF0DFDC3,8737307DE84C2621E6399E99123967A9590297F2,C9B34ABF2C30DA56BD006B7B42610098072BEF4C,0451F142D2EF187FABB9A9A17725DA6C51BA3978,2020-09-25 04:58:23.521000,2020-09-25 04:58:24.350000
3m3fy6rui6n6oll2,failed,not_found,792,461453F94FA0E3CBB011685E22CDAFD2AF0DFDC3,695D811B130673C2DE8DCFC5A9E742790BD25066,963879BB424D9A637A63105D5C26A2453C2C2272,3F6EBCE3AEF01229EA7EADEC0BD50F316342988D,2020-09-25 04:58:24.350000,2020-09-25 04:58:25.865000
3m3fy6rui6n6oll2,failed,not_found,818,461453F94FA0E3CBB011685E22CDAFD2AF0DFDC3,D6670FB54B21818CE7C13524AA003258B8E35D38,6B7ABD237CF25E5F787F365AF5FC4C86F0213A9F,3FA93D41E9A7C4C47B77C0D7F617999B6D5D0B62,2020-09-25 04:58:25.865000,2020-09-25 04:58:27.505000
6l656s6x7c5op6ue,failed,not_found,700,461453F94FA0E3CBB011685E22CDAFD2AF0DFDC3,DC7BABFF3C5E49C922D239DE1A5C5252F51D2F81,BDF3F765BEBC50AA559DE55655896F275A2C67AD,CACD9D63B759B35555D8C965A3E01071E9DFB44C,2020-09-25 04:58:19.063000,2020-09-25 04:58:20.674000
6l656s6x7c5op6ue,failed,not_found,724,461453F94FA0E3CBB011685E22CDAFD2AF0DFDC3,1804C06A266F0DA26DF58CD559E01C2F7C3FC42A,DEA84F08432800346BADB35F1EAC1B2A4D5B165D,CAF57EB30FD17389954C9F2B43026734F80E39C0,2020-09-25 04:58:20.675000,2020-09-25 04:58:22.057000
6l656s6x7c5op6ue,failed,not_found,752,461453F94FA0E3CBB011685E22CDAFD2AF0DFDC3,A3E7A4395E7C1F30692018E4FB0980B103E38488,4586DF1934953F38206B5117237F79C1C8797FC4,CB040846C647F338EE1950C6CC03267102088C50,2020-09-25 04:58:22.057000,2020-09-25 04:58:24.046000
6l656s6x7c5op6ue,failed,not_found,917,461453F94FA0E3CBB011685E22CDAFD2AF0DFDC3,00B57BF614F7ED3051073B5D4526FF0B23AF217B,8885EA6F74A694825B13B8A7080F6CF164DF74FB,AA1B026EE0C8A958E29C67C7D8885FF27572269D,2020-09-25 04:58:24.046000,2020-09-25 04:58:32.401000
6l656s6x7c5op6ue,failed,not_found,932,461453F94FA0E3CBB011685E22CDAFD2AF0DFDC3,00C22D3BC1822EB8EA380AF04245337399E796E2,EFE48A6A2A02B68D1767C13B9646FA62EA8310B2,AA4AF27D6A573B0EEB234AEF89750CA6E6141C0E,2020-09-25 04:58:32.402000,2020-09-25 04:58:32.922000
6l656s6x7c5op6ue,failed,not_found,970,461453F94FA0E3CBB011685E22CDAFD2AF0DFDC3,97B7BA747B62A9962DEDCE404FF33106D4032F91,61B8BDC91AA7BC9A05EB5A3D652FFF88C98E6911,AA26B97B6CA757BF63328EE96705120609CF4AAD,2020-09-25 04:58:32.923000,2020-09-25 04:58:34.502000
wbyy7zmyauf343tg,failed,not_found,715,461453F94FA0E3CBB011685E22CDAFD2AF0DFDC3,05C621B44EF6833889AE7B7E2A0B476569C47E37,B568135C5E345BAFB080C11FDDF348E545A722E5,D48DC22A810BF47E66C678A63AA54715DD3E9879,2020-09-25 04:58:20.016000,2020-09-25 04:58:20.935000
wbyy7zmyauf343tg,failed,not_found,733,461453F94FA0E3CBB011685E22CDAFD2AF0DFDC3,87C08DDFD32C62F3C56D371F9774D27BFDBB807B,CDA2C336AD87E22DF02983887A3F74B21070D02D,D4991BF14BF7D4BB684E56AB02A44A6CA6391606,2020-09-25 04:58:20.935000,2020-09-25 04:58:22.340000
wbyy7zmyauf343tg,failed,not_found,755,461453F94FA0E3CBB011685E22CDAFD2AF0DFDC3,81C55D403A82BF6E7C3FBDBD41D102B7088900D9,25B694EA95F825F156C5DAE5607B3375E86C0C4E,D49BB7514C78F68303D879AF7C3D5D67148F599B,2020-09-25 04:58:22.341000,2020-09-25 04:58:24.114000
wbyy7zmyauf343tg,failed,not_found,787,461453F94FA0E3CBB011685E22CDAFD2AF0DFDC3,12CF6DB4DAE106206D6C6B09988E865C0509843B,CCAA620D5CAB34CE95FE3C863D9E6520C07451D8,0B19BBFDC498CCEA23027B1D7BD8E20121B95E60,2020-09-25 04:58:24.115000,2020-09-25 04:58:25.185000
wbyy7zmyauf343tg,failed,not_found,805,461453F94FA0E3CBB011685E22CDAFD2AF0DFDC3,0ED0EA324C931CF41CB5272BFB1D015B3D5772A9,79E3B585803DE805CCBC00C1EF36B1E74372861D,0B343CDB8934729DC91B1CAD7BD2D05F705E90E0,2020-09-25 04:58:25.185000,2020-09-25 04:58:26.150000
wbyy7zmyauf343tg,failed,not_found,829,461453F94FA0E3CBB011685E22CDAFD2AF0DFDC3,AAFF4A997543DB0D881F4F11638485B7D471FECE,41145C3169D810DB360FF2FCA232093B02C0B262,0B25110BA3473A6DC04AB58A3A0D5E4D6922A0E0,2020-09-25 04:58:26.150000,2020-09-25 04:58:27.263000
wf42qlyzw4rkbn2f,failed,not_found,716,461453F94FA0E3CBB011685E22CDAFD2AF0DFDC3,79509683AB4C8DDAF90A120C69A4179C6CD5A387,0CC18E42E5ECADFE76862CE2EB7189EFA17A11FD,98EF3981F766F9F87D7C399E6DD0FFC3867711AF,2020-09-25 04:58:20.016000,2020-09-25 04:58:20.837000
wf42qlyzw4rkbn2f,failed,not_found,729,461453F94FA0E3CBB011685E22CDAFD2AF0DFDC3,9ECFD67230D09E5E8F3431BDC4FD8E52428AFC09,B0DB2F173F0DB364BABF7A465D796B3C048F1F33,73CC65219889443C06E06A0B6D427B1FE1C37379,2020-09-25 04:58:20.837000,2020-09-25 04:58:21.995000
wf42qlyzw4rkbn2f,failed,not_found,748,461453F94FA0E3CBB011685E22CDAFD2AF0DFDC3,F6740DEABFD5F62612FA025A5079EA72846B1F67,A4F11D693FAB6E949B2B7C18153C3F7989896007,98EAC67EA6814038285F1A100D786AD8A0CD2A5E,2020-09-25 04:58:21.995000,2020-09-25 04:58:23.047000
wf42qlyzw4rkbn2f,failed,not_found,769,461453F94FA0E3CBB011685E22CDAFD2AF0DFDC3,ACF8FC6C14032A045B44F6B98525EE5C0472DD50,B70BD334FFEE23E653B75219AE12CF0236BCFCBB,98E659B5B701076BE433B4723F20A1811739588A,2020-09-25 04:58:23.048000,2020-09-25 04:58:24.073000
wf42qlyzw4rkbn2f,failed,not_found,786,461453F94FA0E3CBB011685E22CDAFD2AF0DFDC3,4586DF1934953F38206B5117237F79C1C8797FC4,0C8433B6B92E2F1C744F3CFBE49ADA7CBEFEEBFA,73A5A81688BD536BFBABE18630F5BD6306C9AC8E,2020-09-25 04:58:24.073000,2020-09-25 04:58:25.184000
wf42qlyzw4rkbn2f,failed,not_found,778,461453F94FA0E3CBB011685E22CDAFD2AF0DFDC3,AA5494168DABC21A9DBF641232F1324ADE4542AE,0CC18E42E5ECADFE76862CE2EB7189EFA17A11FD,73C4C4AE90A8F83D3A091B395C7D5B913D50604D,2020-09-25 04:58:25.185000,2020-09-25 04:58:27.410000
lhrhentdgtzr6czr,failed,not_found,717,461453F94FA0E3CBB011685E22CDAFD2AF0DFDC3,901CBA6FF3B90618D3FFEFF040353C267F690DF8,99774357E7FD1F113F242C469D1D399D444AA51A,B528636D364776B2D94B1E140609A3B88531C0BB,2020-09-25 04:58:20.017000,2020-09-25 04:58:20.862000
lhrhentdgtzr6czr,failed,not_found,730,461453F94FA0E3CBB011685E22CDAFD2AF0DFDC3,AC6A78BAE7BBCAC798C7AD17460147214F9EA0CD,4B351545DD58473F36B0A20E5500AC6ED51E8CD5,B5212DB685A2A0FCFBAE425738E478D12361710D,2020-09-25 04:58:20.863000,2020-09-25 04:58:22.527000
lhrhentdgtzr6czr,failed,not_found,757,461453F94FA0E3CBB011685E22CDAFD2AF0DFDC3,14D57DEDF0A4554A2D21AD53CCCC43E31158C733,B2D03CDF45EB4D74A65FAC4F00EBA785C9663A5F,4DE4F06C019EC4814D486524C2A282C1DC7653DE,2020-09-25 04:58:22.528000,2020-09-25 04:58:23.756000
lhrhentdgtzr6czr,failed,not_found,777,461453F94FA0E3CBB011685E22CDAFD2AF0DFDC3,A9CC6C0B5B002C6D902827584A336CB15B5C9DC7,BF0FB582E37F738CD33C3651125F2772705BB8E8,B50A98267A63713F37319D895EA1151C4B27BE4D,2020-09-25 04:58:23.757000,2020-09-25 04:58:25.432000
lhrhentdgtzr6czr,failed,not_found,808,461453F94FA0E3CBB011685E22CDAFD2AF0DFDC3,AE95BDA37A5BB4685FEBB7F06649D6CE949B5316,50586E25BE067FD1F739998550EDDCB1A14CA5B2,4DD11C3F11F5E2891D57EF9F7DF43BEE1B514FCE,2020-09-25 04:58:25.432000,2020-09-25 04:58:26.631000
lhrhentdgtzr6czr,failed,not_found,832,461453F94FA0E3CBB011685E22CDAFD2AF0DFDC3,4A59FD3642C4D9F46A8D916AC9BC64390BCBC6AE,E75ABF29D4B417D3D3565AEDAF89E4F9D16E736F,4DCB46379527DD9E958879C18628FDA7C2A4AF84,2020-09-25 04:58:26.631000,2020-09-25 04:58:27.704000
jw6hd2zcsydfnkfk,failed,not_found,734,461453F94FA0E3CBB011685E22CDAFD2AF0DFDC3,58FC2AAB3792AC37897D34331F4F4E00341DEC0C,F0364DBC2E4221405354433B65503E816D887C01,1115E5065C3EE149B683CA2D7131839F2656B5AD,2020-09-25 04:58:20.986000,2020-09-25 04:58:22.095000
jw6hd2zcsydfnkfk,failed,not_found,816,461453F94FA0E3CBB011685E22CDAFD2AF0DFDC3,7D928720EC0CB5C2AFE04DF0EBC37BD59B00EAB4,2AE2CA4BD2B7754F29432C25E03314D52AC4CAF1,931C16E83DE366852072912C77563112D1B2B1E6,2020-09-25 04:58:22.096000,2020-09-25 04:58:26.781000
jw6hd2zcsydfnkfk,failed,not_found,836,461453F94FA0E3CBB011685E22CDAFD2AF0DFDC3,FF3059E77E5D22F1C3B20CCBE125691AD27588DD,C63110BDD8736D2C2A733FF962F58D58FDE63A2D,1137AB1F84EC2D52DFB1915717F14FF1A10EB392,2020-09-25 04:58:26.781000,2020-09-25 04:58:27.941000
jw6hd2zcsydfnkfk,failed,not_found,859,461453F94FA0E3CBB011685E22CDAFD2AF0DFDC3,D65DB84BF1EB4DD225B9A1CD9CEFD87B595A30F5,B568135C5E345BAFB080C11FDDF348E545A722E5,937F201D2797314953F268D252F5C98D3FA9F71E,2020-09-25 04:58:27.941000,2020-09-25 04:58:29.084000
jw6hd2zcsydfnkfk,failed,not_found,884,461453F94FA0E3CBB011685E22CDAFD2AF0DFDC3,0D7C69551F9186DB589BDF00858314AC136A33DA,733CB01BFBABADA6AC5C363C4449D7D563C794C1,939126EA4D25CB212A79746C133194F8A24C435B,2020-09-25 04:58:29.085000,2020-09-25 04:58:29.941000
jw6hd2zcsydfnkfk,failed,not_found,900,461453F94FA0E3CBB011685E22CDAFD2AF0DFDC3,FEDE31337E4E19E06B97D282F08B0A0E8B9C5526,4586DF1934953F38206B5117237F79C1C8797FC4,1119A89E729DB65839FB232A1E0F8669B0AE84DF,2020-09-25 04:58:29.942000,2020-09-25 04:58:31.016000
r52kzem3q2sy4dhe,failed,not_found,735,461453F94FA0E3CBB011685E22CDAFD2AF0DFDC3,C5A1D5B7CB0D12A7B7334F2915134E6DA8F5C46D,0AA39F432B2E778CAC06F80DA44975385347CDD9,098B3457ABA31AD65A3AF47F61B623E35B3FAB2D,2020-09-25 04:58:21.024000,2020-09-25 04:58:21.782000
r52kzem3q2sy4dhe,failed,not_found,743,461453F94FA0E3CBB011685E22CDAFD2AF0DFDC3,A99B0D9E5FD5BC3C8F2D006EC91F8C7F40E09CB8,213F2B4AB09EE6FF8CA21B804B2E1BD8835088D3,0990E0F4F2C127BDDA9B6726400FAC077F6C83B0,2020-09-25 04:58:21.782000,2020-09-25 04:58:22.779000
r52kzem3q2sy4dhe,failed,not_found,761,461453F94FA0E3CBB011685E22CDAFD2AF0DFDC3,60A9E1FE4D020383A4A0FE58E5950983D08D65E7,4B351545DD58473F36B0A20E5500AC6ED51E8CD5,C1939D36649DE98A202429631D8EFC70128D5F5F,2020-09-25 04:58:22.779000,2020-09-25 04:58:23.565000
r52kzem3q2sy4dhe,failed,not_found,775,461453F94FA0E3CBB011685E22CDAFD2AF0DFDC3,29A39144AD141242436D07901F7A8B91F7516A66,8358BDDA9C9A680B4E3A2809E5C24F5B3624D5C2,09930800210FF35CE84F2DEEDB4F9B67812B9717,2020-09-25 04:58:23.565000,2020-09-25 04:58:24.525000
r52kzem3q2sy4dhe,failed,not_found,793,461453F94FA0E3CBB011685E22CDAFD2AF0DFDC3,835D88AE990CA3A33A49F800F64ACE580F4C21FE,CE035C7946CEE68425CD2358E620E408A9C823FD,C1B79C4CD9B713BBB6B0522155B46A7BFE3BFAAE,2020-09-25 04:58:24.526000,2020-09-25 04:58:26.090000
r52kzem3q2sy4dhe,failed,not_found,828,461453F94FA0E3CBB011685E22CDAFD2AF0DFDC3,B22C4BF9747DBBC843F1BBBA272FDB7B6045EB01,E36536404200A74930DB165858BD5BB554D2BEA2,C19B33758B3A5144894233EC4C95D7985B9FD101,2020-09-25 04:58:26.091000,2020-09-25 04:58:27.019000
tbqft3lo55lc36xt,failed,not_found,736,461453F94FA0E3CBB011685E22CDAFD2AF0DFDC3,B8805CBDBE91A5E68D268FC62DC617B5BD7CC9E7,7C22E89AB620E77DF1B4A33787A5EC3F2AB4A8D1,8358BDDA9C9A680B4E3A2809E5C24F5B3624D5C2,2020-09-25 04:58:21.025000,2020-09-25 04:58:21.916000
tbqft3lo55lc36xt,failed,not_found,746,461453F94FA0E3CBB011685E22CDAFD2AF0DFDC3,761A60D0364D9AA03114F72550483287ED060B2D,7ACF89AB8C6F17598A07F73695C9ED51093584C6,A2415E2FEF1972055EC0CBDF688717DF4C453AED,2020-09-25 04:58:21.917000,2020-09-25 04:58:23.220000
tbqft3lo55lc36xt,failed,not_found,772,461453F94FA0E3CBB011685E22CDAFD2AF0DFDC3,6E3B4821305D96F167C392DBE5A13240D6CCE024,B291D30517D23299AD7CEE3E60DFE60D0E3A4664,A24908D1E26872E1715F9901E80FB5FA6EEBEE91,2020-09-25 04:58:23.221000,2020-09-25 04:58:24.141000
tbqft3lo55lc36xt,failed,not_found,789,461453F94FA0E3CBB011685E22CDAFD2AF0DFDC3,562434D987CF49D45649B76ADCA993BEA8F78471,8ABC4D5F6182C7E79B087D1ED9E5CF652C83E52C,836460C721577873AD1FF8AB000112A9360EB3A0,2020-09-25 04:58:24.141000,2020-09-25 04:58:25.402000
tbqft3lo55lc36xt,failed,not_found,807,461453F94FA0E3CBB011685E22CDAFD2AF0DFDC3,E1DE607E31C2C0FB6F8FC959BF7B58CE35D95990,84F0FEBFDFA8FBC6A2EA27F87EBB31F050AFD04D,A23A7219B1EA9D583E66DFF26D62573DE64A9C29,2020-09-25 04:58:25.402000,2020-09-25 04:58:26.320000
tbqft3lo55lc36xt,failed,not_found,830,461453F94FA0E3CBB011685E22CDAFD2AF0DFDC3,16AE2704B794C6C0013C7E47AF11DCABA808A0B9,DF7AA16E1A6037C5FCBB4DED4F3A6CD262CA3799,835D88AE990CA3A33A49F800F64ACE580F4C21FE,2020-09-25 04:58:26.322000,2020-09-25 04:58:28.104000
77gyrbauue63olhk,failed,not_found,749,461453F94FA0E3CBB011685E22CDAFD2AF0DFDC3,459310E0C3A72CAACAE10BEEBB7484D724C9C8C0,D002C061F56CB6FE6FF7A27747EC2A7369ABBA9A,879FAE7932DF44AAFB3366DE405C4680F74E9284,2020-09-25 04:58:22.018000,2020-09-25 04:58:22.988000
77gyrbauue63olhk,failed,not_found,766,461453F94FA0E3CBB011685E22CDAFD2AF0DFDC3,3A51E32A303A0E0A3AB8AA1CCBE98FF8791E2341,BAFC09A9079FA19D17A120356DCB005536AF332E,87B449E227ACB5C3FEB580942242183993866138,2020-09-25 04:58:22.989000,2020-09-25 04:58:24.950000
77gyrbauue63olhk,failed,not_found,800,461453F94FA0E3CBB011685E22CDAFD2AF0DFDC3,B6F03C344830AD50DF28EA7848C216801CF9AD8D,34DF8443F6ACD1A543AAA10A7621A389E31A4422,87AA1BE4A39529DD86194738DFB59DC698F3136B,2020-09-25 04:58:24.951000,2020-09-25 04:58:26.255000
77gyrbauue63olhk,failed,not_found,817,461453F94FA0E3CBB011685E22CDAFD2AF0DFDC3,2BB85DC5BD3C6F0D81A4F2B5882176C6BF7ECF5A,4E81EA3528D6FB79B10B0F11C6FC96CE1C060021,475C893CCA9661B407865B6DBB30C021AE45F1DA,2020-09-25 04:58:26.256000,2020-09-25 04:58:26.668000
77gyrbauue63olhk,failed,not_found,833,461453F94FA0E3CBB011685E22CDAFD2AF0DFDC3,049852A10805835E9AB2C551D6C438BE6DE8B24C,21EB2176DFD7364A8E3705ABF518E880362425FC,474648D2DFC1C060A5CA74C8A5976807B7FB5FE0,2020-09-25 04:58:26.668000,2020-09-25 04:58:27.863000
77gyrbauue63olhk,failed,not_found,858,461453F94FA0E3CBB011685E22CDAFD2AF0DFDC3,97B7BA747B62A9962DEDCE404FF33106D4032F91,DAD151FDAF8964857FC88D7AA4DE110EFCEE6E2C,475B34D76756910C11EB7752EB8285F6BE00C1EE,2020-09-25 04:58:27.864000,2020-09-25 04:58:28.881000
3rilq6xhd4pwmgmn,failed,not_found,750,461453F94FA0E3CBB011685E22CDAFD2AF0DFDC3,885CFB6921E6E7716BB64783348DDB06E17E5B5A,A3AFBDEE30238E44899C9F8B7666D12B09C8EE32,D7160A5DFE38A850F1322B2793B23DCD881D69A4,2020-09-25 04:58:22.040000,2020-09-25 04:58:22.830000
3rilq6xhd4pwmgmn,failed,not_found,764,461453F94FA0E3CBB011685E22CDAFD2AF0DFDC3,3E13E2EB87CCF5690564EE33E9F9F9F80B229FBB,8AA959D8DE3A4840E155FCFEDD12A98AC47B615D,73E8A55B158FE750AAF711B402D3702E3FC395EE,2020-09-25 04:58:22.830000,2020-09-25 04:58:23.931000
3rilq6xhd4pwmgmn,failed,not_found,781,461453F94FA0E3CBB011685E22CDAFD2AF0DFDC3,5C4A1682FADF221DF46FFA32FE65826DCF79185F,876C7CE43774366250D3E768E690DAB9D4B5D5A3,D710B8449C8EC4E3ED55B8C7483B6445ED9A0DBB,2020-09-25 04:58:23.931000,2020-09-25 04:58:24.778000
3rilq6xhd4pwmgmn,failed,not_found,797,461453F94FA0E3CBB011685E22CDAFD2AF0DFDC3,EAA823552F959DFD038E9AC8FA89345A738B6C00,5790B62AD6C79A1092B30993A8F0F7F23A969FD6,7404DC4E6B17D5B751BF343E509F6D4B940FC104,2020-09-25 04:58:24.779000,2020-09-25 04:58:25.801000
3rilq6xhd4pwmgmn,failed,not_found,814,461453F94FA0E3CBB011685E22CDAFD2AF0DFDC3,58F3E2956EABB81F673E2FB90E16E001DB4AC3AE,D87698D8E2276C7E93D531B7C2A1B27D58C71876,D7082DB97E7F0481CBF4B88CA5F5683399E196A3,2020-09-25 04:58:25.801000,2020-09-25 04:58:26.753000
3rilq6xhd4pwmgmn,failed,not_found,852,461453F94FA0E3CBB011685E22CDAFD2AF0DFDC3,CA4E9DFE87DE87E502F3B503D07EC8EFCAEE2549,5DB9AE27A44EB7B476CC04A66C67A71C97A001E6,73F81178AC29FB4D29F2D114B877BEF95C0672BC,2020-09-25 04:58:26.753000,2020-09-25 04:58:28.770000
wa2yw6yd7xmt6xxf,failed,not_found,751,461453F94FA0E3CBB011685E22CDAFD2AF0DFDC3,77DD258F0D58792E0DCBDAA0BC66A1DC5F8D84AD,85A3AC041E3FCD796AF5D653953D5E27A56E3719,6C282D35C674A036B79B5F30E90D19B363D3DAB2,2020-09-25 04:58:22.041000,2020-09-25 04:58:22.829000
wa2yw6yd7xmt6xxf,failed,not_found,762,461453F94FA0E3CBB011685E22CDAFD2AF0DFDC3,2E12778C3FBE28C9E9C8AC6A76FF4509DC41599B,856DAB2FDC9EED88A27BE2265FA6BD5489EF178E,7D41FED58481A0E594C642E74176C811778D91A6,2020-09-25 04:58:22.829000,2020-09-25 04:58:23.732000
wa2yw6yd7xmt6xxf,failed,not_found,776,461453F94FA0E3CBB011685E22CDAFD2AF0DFDC3,A1DEB529DE86E7CABC3212778374933D68FB7F2F,33DBA330433E2915BD0EE66787A48863C818C0BB,6C4EB91C94B7D194CB117093A365A1D06FA9BF03,2020-09-25 04:58:23.732000,2020-09-25 04:58:25.525000
wa2yw6yd7xmt6xxf,failed,not_found,809,461453F94FA0E3CBB011685E22CDAFD2AF0DFDC3,4EBE3B18F7D38D0A2FDD67B47A55CB9069368723,B6352D774A912764B0B0FE6297666CF09DFE3007,7D4261853A5CC5E96C8886391919FF2DA02A5801,2020-09-25 04:58:25.525000,2020-09-25 04:58:27.346000
wa2yw6yd7xmt6xxf,failed,not_found,853,461453F94FA0E3CBB011685E22CDAFD2AF0DFDC3,DACE5A96D7D60B5752FB634AA5DA49C30CFE1C14,74AC10CA94E400BA4D69E397562597CA04FC5352,6C620C35C0EA16657960882DE88B28968EBC8689,2020-09-25 04:58:27.346000,2020-09-25 04:58:28.908000
wa2yw6yd7xmt6xxf,failed,not_found,881,461453F94FA0E3CBB011685E22CDAFD2AF0DFDC3,C2F653A5CEE30C8D5713FA4AE7F75E992A479196,E3D61BAEA0B7CB12CACEDC8821C520557BDFCEA3,7D3307C578AD1B1D818D74E38635BDACB390A845,2020-09-25 04:58:28.908000,2020-09-25 04:58:30.584000
ydycrsqvj6fydhgs,failed,not_found,767,461453F94FA0E3CBB011685E22CDAFD2AF0DFDC3,33AA6CFE161A698169B548C9D973DAE6DED6BF0E,B411027C926A9BFFCF7DA91E3CAF1856A321EFFD,45F1CEDD0D81BE2BF908A7CEF8EA799486E42206,2020-09-25 04:58:23.008000,2020-09-25 04:58:24.347000
ydycrsqvj6fydhgs,failed,not_found,791,461453F94FA0E3CBB011685E22CDAFD2AF0DFDC3,FF8F56B5E1A36341F84FF72927CEB3F0AC6BC6A9,C1939D36649DE98A202429631D8EFC70128D5F5F,46053D5D5916F20C333406F16911711AB55164C0,2020-09-25 04:58:24.348000,2020-09-25 04:58:25.368000
ydycrsqvj6fydhgs,failed,not_found,799,461453F94FA0E3CBB011685E22CDAFD2AF0DFDC3,B96B5141004995295FE87DCCE1A54519BD0BB48A,2F26D43258285FEB39E4320888DFAFA8A0D20E11,45E9240AD4ECE01793A1977C1260503B2C2C861F,2020-09-25 04:58:25.368000,2020-09-25 04:58:25.945000
ydycrsqvj6fydhgs,failed,not_found,822,461453F94FA0E3CBB011685E22CDAFD2AF0DFDC3,1CD48F4ED0F1821FFBF1940802A13EEFD4C27502,B13C2C569F3FD0C530B7D96E5FF7933DF7A0E834,2757DFBECFF7B5B02680F5CE084A44FDBC08B196,2020-09-25 04:58:25.946000,2020-09-25 04:58:27.368000
ydycrsqvj6fydhgs,failed,not_found,849,461453F94FA0E3CBB011685E22CDAFD2AF0DFDC3,8CDF2F3A8ABD834CF9F3E8FC202DF64625BFB443,05C621B44EF6833889AE7B7E2A0B476569C47E37,2779DB3B7A0EEC32F39792E393CAA134847BBF6C,2020-09-25 04:58:27.369000,2020-09-25 04:58:28.510000
ydycrsqvj6fydhgs,failed,not_found,875,461453F94FA0E3CBB011685E22CDAFD2AF0DFDC3,547E6E68ADE1B6F492C44443588A939610401DFB,63540827C4832D214984EA47B7A68C593F9F862F,276AE7A0E974FC96B0933F1DA8FD51FD3BA59944,2020-09-25 04:58:28.510000,2020-09-25 04:58:29.527000
olxea26fotjpkitm,failed,not_found,768,461453F94FA0E3CBB011685E22CDAFD2AF0DFDC3,1852D84B0341845F2BDC2CCBC673E9D42307A111,66F8C32B94D73B51A5D2FA079C6A09047C9ABA71,F8D27B163B9247B232A2EEE68DD8B698695C28DE,2020-09-25 04:58:23.026000,2020-09-25 04:58:23.834000
olxea26fotjpkitm,failed,not_found,779,461453F94FA0E3CBB011685E22CDAFD2AF0DFDC3,0C6CA58153400FA077EABB14773E36FD61BF0D75,D5C6F62A5D1B3C711CA5E6F9D3772A432E96F6C2,F8DE8132E599A194E20DDB738AF64A7200CD5949,2020-09-25 04:58:23.834000,2020-09-25 04:58:24.717000
olxea26fotjpkitm,failed,not_found,795,461453F94FA0E3CBB011685E22CDAFD2AF0DFDC3,62ABC3D1B0D5DE48DE4B8AF5E76D5AA8F535CCDF,FF8F56B5E1A36341F84FF72927CEB3F0AC6BC6A9,B74DABBE248B935CDC1038CD5C9280878C8C94E7,2020-09-25 04:58:24.717000,2020-09-25 04:58:25.707000
olxea26fotjpkitm,failed,not_found,812,461453F94FA0E3CBB011685E22CDAFD2AF0DFDC3,CC6910CF21D17C1BD68FE224CE7685BEB42558A8,04D9CEA8D778ABA130B014F758C2BCADD31DA05E,B71E68A80C5156745DDE7741F6DE5E3202ABD092,2020-09-25 04:58:25.708000,2020-09-25 04:58:28.432000
olxea26fotjpkitm,failed,not_found,873,461453F94FA0E3CBB011685E22CDAFD2AF0DFDC3,7A3E534C033E3836BD5AF223B642853C502AB33A,D0BF6A6400081DA6031536ECEAD59F79BDABEB65,B740BCECC4A9569232CDD45C0E1330BA0D030D33,2020-09-25 04:58:28.432000,2020-09-25 04:58:29.361000
olxea26fotjpkitm,failed,not_found,892,461453F94FA0E3CBB011685E22CDAFD2AF0DFDC3,79B207AD51842FA215D956B9307B3D01CD347368,083C52051140DB8AF770BD40C7C8883EFFF4CAF3,F8E9C0C3A4B61E7599AA7A23D7ADE77E5BAB2663,2020-09-25 04:58:29.362000,2020-09-25 04:58:30.299000
n5qjmxzajgp7yuil,failed,not_found,770,461453F94FA0E3CBB011685E22CDAFD2AF0DFDC3,A8D44B832F3267ABFC73F540C6C4CF0229FD7EB3,4CD4DFFEF3971C902A22100D911CAC639BE2EF5C,89FD4FB2A5FD73B50F2E5D85C4707883F8CD5130,2020-09-25 04:58:23.075000,2020-09-25 04:58:23.855000
n5qjmxzajgp7yuil,failed,not_found,780,461453F94FA0E3CBB011685E22CDAFD2AF0DFDC3,58A9921DD0A1389356634625C5B14ACC1194A95C,D87698D8E2276C7E93D531B7C2A1B27D58C71876,C74E2C7FB511861A489C60F7503A6FD74C12723E,2020-09-25 04:58:23.856000,2020-09-25 04:58:24.687000
n5qjmxzajgp7yuil,failed,not_found,794,461453F94FA0E3CBB011685E22CDAFD2AF0DFDC3,15BE17C99FACE24470D40AF782D6A9C692AB36D6,63B32F7E5389E8DBC5E1BCEFE48312DA7CCEF5D6,89AE5F96CB97919EF13B172E0E4E2CB50CC33F1A,2020-09-25 04:58:24.687000,2020-09-25 04:58:25.905000
n5qjmxzajgp7yuil,failed,not_found,821,461453F94FA0E3CBB011685E22CDAFD2AF0DFDC3,A59AD84F92B2E5A76EBFE3BE62D3B28AF9BFD127,0C9B3C686421C5A8C20BAA0D7369CD929F43A174,C74C79346BFB34C050CD3DF4E3C73D43A1383A60,2020-09-25 04:58:25.906000,2020-09-25 04:58:27.570000
n5qjmxzajgp7yuil,failed,not_found,851,461453F94FA0E3CBB011685E22CDAFD2AF0DFDC3,695D811B130673C2DE8DCFC5A9E742790BD25066,BCF2FAF95847123B3FF0A54D6CDA11A0C90B746D,C74469EC04787CC458FB1DCDF456C5092CF08B19,2020-09-25 04:58:27.571000,2020-09-25 04:58:28.540000
n5qjmxzajgp7yuil,failed,not_found,877,461453F94FA0E3CBB011685E22CDAFD2AF0DFDC3,0289A02185EE16A12E8701563F72EAD3EE225B93,39F096961ED2576975C866D450373A9913AFDC92,89C7E852CC2FA537ED78775ADC3BEA24672B4154,2020-09-25 04:58:28.540000,2020-09-25 04:58:29.853000
z2rp3r72qidxcrwn,failed,not_found,782,461453F94FA0E3CBB011685E22CDAFD2AF0DFDC3,5CF2BC575B3537AEE1E531021E2DB682B591C5A4,624B7391B9790E7CD2AF6A7238239BA3D6928A57,84ABF6381FD0F96B882764F176B85980EBC31FE1,2020-09-25 04:58:23.990000,2020-09-25 04:58:25.216000
z2rp3r72qidxcrwn,failed,not_found,806,461453F94FA0E3CBB011685E22CDAFD2AF0DFDC3,6B9EA8927AB6E94E216067E65372182343A5AFA2,35DBE43445BB44D817084200BA05E8A0573EDFD4,3F1581559522B27BD1342F2A3A0022F273FA93D6,2020-09-25 04:58:25.216000,2020-09-25 04:58:26.543000
z2rp3r72qidxcrwn,failed,not_found,831,461453F94FA0E3CBB011685E22CDAFD2AF0DFDC3,1252A53FE719AF72C0FD1E54D8DE08C0327E5A4A,1804C06A266F0DA26DF58CD559E01C2F7C3FC42A,3F129FB71EB2B019B47403A5552EB2D40E5369F2,2020-09-25 04:58:26.544000,2020-09-25 04:58:27.532000
z2rp3r72qidxcrwn,failed,not_found,837,461453F94FA0E3CBB011685E22CDAFD2AF0DFDC3,BF37445EA2A9F3D04F4B87DFAC624AEF21B559D5,23A022058948867659E69A5282AC4E367B2ACFBD,3F065BB0B02FB2303E144383D16C47A7DED75AE7,2020-09-25 04:58:27.532000,2020-09-25 04:58:28.260000
z2rp3r72qidxcrwn,failed,not_found,869,461453F94FA0E3CBB011685E22CDAFD2AF0DFDC3,B76A047C20D3E4F9B5A64428298DA55A90D62472,DB621E29A90544FF5AC75E5BD0FEE679A6812F44,84A8E41D03865822272F647D378AFF4AC73187F2,2020-09-25 04:58:28.261000,2020-09-25 04:58:29.323000
z2rp3r72qidxcrwn,failed,not_found,891,461453F94FA0E3CBB011685E22CDAFD2AF0DFDC3,DBDF797B095015AB3B7AD07B44307687A3409E89,47A83EC4D144FB8094A57DC5AEB39E9F6F174036,84AFAE19244541A404F763BA0E2F0CAD8A3FACF0,2020-09-25 04:58:29.324000,2020-09-25 04:58:31.605000
7datm5e7bbott66x,failed,not_found,783,461453F94FA0E3CBB011685E22CDAFD2AF0DFDC3,20571FE948D23E8B62CEDE1B33298F1BF324EE17,425835370C1FBE178C21CB53C76672F12BDE091A,7CBC1D4754EF3A62C15CB48C08029C99009E2ECF,2020-09-25 04:58:24.011000,2020-09-25 04:58:25.598000
7datm5e7bbott66x,failed,not_found,898,461453F94FA0E3CBB011685E22CDAFD2AF0DFDC3,B204DE75B37064EF6A4C6BAF955C5724578D0B32,17ABA734572DBB1050CF3800F0DD145BAE7ED9A7,7C7FFB1C48B7E0C5C9B3D11FEC2F8500F464786A,2020-09-25 04:58:25.598000,2020-09-25 04:58:30.879000
7datm5e7bbott66x,failed,not_found,918,461453F94FA0E3CBB011685E22CDAFD2AF0DFDC3,C056D9887C999E8D9DB43CF300E1F73A7E0D1D74,C55AC4238C66CE8D00838572D563A284DBEF0228,7CD234DFEFE8F215EC9AE2BC1D2CAFC9E0D1CC00,2020-09-25 04:58:30.880000,2020-09-25 04:58:31.811000
7datm5e7bbott66x,failed,not_found,930,461453F94FA0E3CBB011685E22CDAFD2AF0DFDC3,F94A7BAC5D1E3D9372437141E10695A625B8B533,B0DB2F173F0DB364BABF7A465D796B3C048F1F33,C4FD2403CC929297B559A49E582516944F75C6A9,2020-09-25 04:58:31.812000,2020-09-25 04:58:32.923000
7datm5e7bbott66x,failed,not_found,955,461453F94FA0E3CBB011685E22CDAFD2AF0DFDC3,A07272726BD6199D28E034572D754928A7E399F3,1034775A01EA629979D0A601EC85FDF2F584CC45,C4D43EC18179F7B2E8187D7E284D6D547217B39E,2020-09-25 04:58:32.924000,2020-09-25 04:58:34.943000
7datm5e7bbott66x,failed,not_found,996,461453F94FA0E3CBB011685E22CDAFD2AF0DFDC3,9684C4D6C71131EEEF2E5C23C3EA234A684CD501,A96DA63E4415E776FBFCCF3DA7154C804534B6E7,C4B21A66B27E82FEF6AC97CEAEFE42DFF5C7511C,2020-09-25 04:58:34.944000,2020-09-25 04:58:35.992000
i73jdzieepjh3yjc,failed,not_found,784,461453F94FA0E3CBB011685E22CDAFD2AF0DFDC3,31D270A38505D4BFBBCABF717E9FB4BCA6DDF2FF,0512FE6BE9CCA0ED133152E64010B2FBA141EB10,C63D7C4FAE5424D6286411D33497A2191882EB0A,2020-09-25 04:58:24.029000,2020-09-25 04:58:24.951000
i73jdzieepjh3yjc,failed,not_found,801,461453F94FA0E3CBB011685E22CDAFD2AF0DFDC3,724E86E7F5DA715529DC0ECAA013AE4BDC680E4C,F5F4019509109A07E90C45A022CEED9ECA1643C8,1D25C7B2DD3C0BD55526DCF95B175EA3E95D9286,2020-09-25 04:58:24.951000,2020-09-25 04:58:25.882000
i73jdzieepjh3yjc,failed,not_found,819,461453F94FA0E3CBB011685E22CDAFD2AF0DFDC3,0A5000E5FF2977E0D236B9F5B47590D8888494DF,DBE82FA23B9FE3CB2462A6FCF5289DED3CBF4AEE,1D04FF920CE804CE357FE62C665901C578BC26D6,2020-09-25 04:58:25.882000,2020-09-25 04:58:26.752000
i73jdzieepjh3yjc,failed,not_found,834,461453F94FA0E3CBB011685E22CDAFD2AF0DFDC3,06BBEAA6F73759A1795EB461D39D2AA168F305D1,F7CF05913E1B573D770185CABF7301AEFFD2A939,1D3174338A1131A53E098443E76E1103CDED00DC,2020-09-25 04:58:26.752000,2020-09-25 04:58:28.381000
i73jdzieepjh3yjc,failed,not_found,871,461453F94FA0E3CBB011685E22CDAFD2AF0DFDC3,554CE9DE4480AC2F11825BEE0CD543CC14FE9C43,0B58A95E539FFA6C05C010F5C1DA35FB8038E3A8,C63110BDD8736D2C2A733FF962F58D58FDE63A2D,2020-09-25 04:58:28.382000,2020-09-25 04:58:29.781000
i73jdzieepjh3yjc,failed,not_found,902,461453F94FA0E3CBB011685E22CDAFD2AF0DFDC3,674967B0D22754201ADE92CFB15A43837AFDBF80,58332DDDA15415CB3D13F5ECA3D54BE961B8C458,C63F4EC7437193BD6070D5CBD0EABBB610DD02AA,2020-09-25 04:58:29.781000,2020-09-25 04:58:31.148000
3i3naw2sowtduwfz,failed,not_found,802,461453F94FA0E3CBB011685E22CDAFD2AF0DFDC3,8FD3BAF5E14EBE1124D6253D59882AFE1C2B9B8E,E00DFD54DC165D5452FBD3530D30186DAD016A0C,93E2C269B2E127CFF42CEA322B8BEF1AEC28C891,2020-09-25 04:58:25.030000,2020-09-25 04:58:25.904000
3i3naw2sowtduwfz,failed,not_found,820,461453F94FA0E3CBB011685E22CDAFD2AF0DFDC3,5DE37A3371AAE7638748EB43C9F1CE66E09D4470,A2C6C931D8627C6605288970889DDB88C7BA2142,93F97B76A7D0F0947C4C75AC62017E45BBFE6C08,2020-09-25 04:58:25.905000,2020-09-25 04:58:26.886000
3i3naw2sowtduwfz,failed,not_found,838,461453F94FA0E3CBB011685E22CDAFD2AF0DFDC3,AF51116B72FFF27806184BAC7DF61564AB7E5C9F,1137AB1F84EC2D52DFB1915717F14FF1A10EB392,93F4DAF4F0DE5E6867CE20A0F9C7C059834DACAE,2020-09-25 04:58:26.887000,2020-09-25 04:58:28.102000
3i3naw2sowtduwfz,failed,not_found,863,461453F94FA0E3CBB011685E22CDAFD2AF0DFDC3,4DB0490A0420809A8149E778BBAC8F1E9349D9EC,361D33C96D0F161275EE67E2C91EE10B276E778B,FF87E49EF33078B04A5DE26AAE170DDF8BAE139F,2020-09-25 04:58:28.103000,2020-09-25 04:58:29.050000
3i3naw2sowtduwfz,failed,not_found,883,461453F94FA0E3CBB011685E22CDAFD2AF0DFDC3,DC9564AE8BC7BF5F722E3677C897ED1B578C8D81,6610C977840BA8B53C18DF9DCB27B1123AF86A37,FF9FC6D130FA26AE3AE8B23688691DC419F0F22E,2020-09-25 04:58:29.051000,2020-09-25 04:58:30.298000
3i3naw2sowtduwfz,failed,not_found,912,461453F94FA0E3CBB011685E22CDAFD2AF0DFDC3,1804C06A266F0DA26DF58CD559E01C2F7C3FC42A,EE7CD2A763435C7006095BD167C790ABE5BC4DEA,FF8F56B5E1A36341F84FF72927CEB3F0AC6BC6A9,2020-09-25 04:58:30.298000,2020-09-25 04:58:31.233000
mg6rqa34gasshkll,failed,not_found,803,461453F94FA0E3CBB011685E22CDAFD2AF0DFDC3,41CEB66108B70108F148BF7778260A87723AACA1,B85E6AB2B5F115536B2DA847A3FB99B8A985D437,AFED770AE951DEA0CE33C1FB1463DC3188CBA2DD,2020-09-25 04:58:25.031000,2020-09-25 04:58:25.991000
mg6rqa34gasshkll,failed,not_found,823,461453F94FA0E3CBB011685E22CDAFD2AF0DFDC3,47A83EC4D144FB8094A57DC5AEB39E9F6F174036,0CDCB20FF6800D8AFC90504B85C0551305F2FFE8,AFD8484F0D84F95EAA11D62D822767FE6381A95D,2020-09-25 04:58:25.992000,2020-09-25 04:58:27.736000
mg6rqa34gasshkll,failed,not_found,855,461453F94FA0E3CBB011685E22CDAFD2AF0DFDC3,23A2D8DDF761F35CC63BDF65E604B76A7E2F6971,1DC17C4A52A458B5C8B1E79157F8665696210E10,283312BB249FCB6633A7C7E1E8241461000E6004,2020-09-25 04:58:27.736000,2020-09-25 04:58:28.805000
mg6rqa34gasshkll,failed,not_found,857,461453F94FA0E3CBB011685E22CDAFD2AF0DFDC3,BD1F4EDA739769BF6067BACD3558B14B914953F4,C1335B1DB938644FCD54EE744D91354F94EDD1BC,285B3195256DEA66C7F58C0596B17D923788056C,2020-09-25 04:58:28.805000,2020-09-25 04:58:30.015000
mg6rqa34gasshkll,failed,not_found,901,461453F94FA0E3CBB011685E22CDAFD2AF0DFDC3,4DD11C3F11F5E2891D57EF9F7DF43BEE1B514FCE,215616527FB97ED5BE0BF8D2166BDB44EEB6A840,286F22F5D198AB20C50C65B94A03B52CAE588946,2020-09-25 04:58:30.015000,2020-09-25 04:58:31.919000
mg6rqa34gasshkll,failed,not_found,935,461453F94FA0E3CBB011685E22CDAFD2AF0DFDC3,798A57B4E129699A521A03E7F72BC0FDEC31F4D6,94F367A130296C9EB92BE32E25AAEB7F227DE0D6,AFE05115595A1D028E91AD41F6A07239DB04CEBC,2020-09-25 04:58:31.920000,2020-09-25 04:58:33.098000
2fliryx5tcga7o33,failed,not_found,804,461453F94FA0E3CBB011685E22CDAFD2AF0DFDC3,901CBA6FF3B90618D3FFEFF040353C267F690DF8,213F2B4AB09EE6FF8CA21B804B2E1BD8835088D3,06B308F54B4A779D74B30536964182A09C08AB8F,2020-09-25 04:58:25.054000,2020-09-25 04:58:26.032000
2fliryx5tcga7o33,failed,not_found,827,461453F94FA0E3CBB011685E22CDAFD2AF0DFDC3,16AE2704B794C6C0013C7E47AF11DCABA808A0B9,E81EF60A73B3809F8964F73766B01BAA0A171E20,6A8D6F894CCBC86452511AA2C6D43211F65CFFC1,2020-09-25 04:58:26.033000,2020-09-25 04:58:27.688000
2fliryx5tcga7o33,failed,not_found,854,461453F94FA0E3CBB011685E22CDAFD2AF0DFDC3,856DAB2FDC9EED88A27BE2265FA6BD5489EF178E,8E7ACAD878BBD61097C0E0D557160F5D59BCE5CA,6AC1A5C13A6875FEA157D9A7DC30EE83F632150D,2020-09-25 04:58:27.689000,2020-09-25 04:58:28.571000
2fliryx5tcga7o33,failed,not_found,878,461453F94FA0E3CBB011685E22CDAFD2AF0DFDC3,BCD2F039FC8B8F1D33742E72E15D710F777F664E,5B1F0DAF378A1FAFCFD5FA9CDC66D1023DC0276E,06ABFC513FA71C7EE423DCC6ABF80F6B4A2FC1AC,2020-09-25 04:58:28.571000,2020-09-25 04:58:29.526000
2fliryx5tcga7o33,failed,not_found,895,461453F94FA0E3CBB011685E22CDAFD2AF0DFDC3,8CDF2F3A8ABD834CF9F3E8FC202DF64625BFB443,B0537CD220A60ECF8045439658A53254C0D63DCB,06BBEAA6F73759A1795EB461D39D2AA168F305D1,2020-09-25 04:58:29.526000,2020-09-25 04:58:30.513000
2fliryx5tcga7o33,failed,not_found,913,461453F94FA0E3CBB011685E22CDAFD2AF0DFDC3,B70BD334FFEE23E653B75219AE12CF0236BCFCBB,22775B953E662151549C114CB8EE5FBDBCBDAD02,6A8B54FB9F79E33A307AD0319B62916504A28049,2020-09-25 04:58:30.513000,2020-09-25 04:58:31.758000
r6h35u46jvqgwzpr,failed,not_found,824,461453F94FA0E3CBB011685E22CDAFD2AF0DFDC3,5B1F0DAF378A1FAFCFD5FA9CDC66D1023DC0276E,3B60AEB127F4A8CDE7F3798B799EBDC3463FB9C7,564A7F1D0314125AF60096CDE0A887F286608240,2020-09-25 04:58:26.030000,2020-09-25 04:58:26.960000
r6h35u46jvqgwzpr,failed,not_found,839,461453F94FA0E3CBB011685E22CDAFD2AF0DFDC3,6E4B0D429CD87AB6C25D72E298294C583FF8BA4A,8DBEF8D824437770261B4C7453F2815DB7FC9165,AFED770AE951DEA0CE33C1FB1463DC3188CBA2DD,2020-09-25 04:58:26.961000,2020-09-25 04:58:28.181000
r6h35u46jvqgwzpr,failed,not_found,865,461453F94FA0E3CBB011685E22CDAFD2AF0DFDC3,F836446663F1EB816F13708955F105D0B2F5C8E0,863FDDA3CA537CE03646B3AEBD3FD1CC6B077FBE,AFD8484F0D84F95EAA11D62D822767FE6381A95D,2020-09-25 04:58:28.181000,2020-09-25 04:58:29.525000
r6h35u46jvqgwzpr,failed,not_found,894,461453F94FA0E3CBB011685E22CDAFD2AF0DFDC3,CB4EBE9C475A60A5F2CDA92C83CE093BD945D940,D52A160303C638D9FB03463F8A6B7934D5787F4C,AFE05115595A1D028E91AD41F6A07239DB04CEBC,2020-09-25 04:58:29.526000,2020-09-25 04:58:30.512000
r6h35u46jvqgwzpr,failed,not_found,899,461453F94FA0E3CBB011685E22CDAFD2AF0DFDC3,DBE82FA23B9FE3CB2462A6FCF5289DED3CBF4AEE,E384748293FC4429E2B427360DB4F9D4C3D619D1,566328D9E9AC56D7B5E165856F5E290C4A51C8D4,2020-09-25 04:58:30.512000,2020-09-25 04:58:31.578000
r6h35u46jvqgwzpr,failed,not_found,928,461453F94FA0E3CBB011685E22CDAFD2AF0DFDC3,F244C5F5DDE2F29CA1F88E4C9F9FACCC48BCA857,87D73471FDC64BD9CEDF84435D20CA4EB5C36FE8,5649CB2158DA94FB747415F26628BEC07FA57616,2020-09-25 04:58:31.578000,2020-09-25 04:58:32.723000
clxgauzismyeokay,failed,not_found,825,461453F94FA0E3CBB011685E22CDAFD2AF0DFDC3,288C100FFA656938C23F32207CAF0DA932ECD247,52A022F16D8CDBF019E132F1538A1798F167973A,D5A2B3AE1E8047017A0BBC7209FD624DB84D47CE,2020-09-25 04:58:26.030000,2020-09-25 04:58:26.985000
clxgauzismyeokay,failed,not_found,840,461453F94FA0E3CBB011685E22CDAFD2AF0DFDC3,B576A394DFC12B7E900D643C900484765D58C30F,8EA58F28DCA60F56C6F2131BDFE9BF5FAF2233CE,D5C33F3E203728EDF8361EA868B2939CCC43FAFB,2020-09-25 04:58:26.985000,2020-09-25 04:58:28.146000
clxgauzismyeokay,failed,not_found,864,461453F94FA0E3CBB011685E22CDAFD2AF0DFDC3,0D99F89BBB92BF5557F8D3F895DB218A72871089,7DA31D79E52D12685BBE8544E3C557F176B0FC84,D5C01B85FB3A48D55698CA660A2DE8935388816E,2020-09-25 04:58:28.147000,2020-09-25 04:58:28.931000
clxgauzismyeokay,failed,not_found,882,461453F94FA0E3CBB011685E22CDAFD2AF0DFDC3,722BA3958D6F4B9A7CE927001CE7FED8625A749E,55A92BE2A76C64A5A0DB0D4F61D5DCA37B55EE52,56B8E1E855EAD17D7CA92AEE8EA3182CFA8C3512,2020-09-25 04:58:28.931000,2020-09-25 04:58:30.580000
clxgauzismyeokay,failed,not_found,914,461453F94FA0E3CBB011685E22CDAFD2AF0DFDC3,39CF2F22E5018C01FD57DEB1AB8FDFA4592633FB,23A022058948867659E69A5282AC4E367B2ACFBD,56B310D18861A5F2A57D73269B6C11EDFA4EED1A,2020-09-25 04:58:30.581000,2020-09-25 04:58:31.858000
clxgauzismyeokay,failed,not_found,934,461453F94FA0E3CBB011685E22CDAFD2AF0DFDC3,CDAF0B74C45FD5B1955198A8D92C8A518A53D07B,5DB9AE27A44EB7B476CC04A66C67A71C97A001E6,56DEFDD8CDE21A6FC7A45017AC3999D5255B6D2F,2020-09-25 04:58:31.859000,2020-09-25 04:58:32.761000
gz35sxm2hpth7r6u,failed,not_found,826,461453F94FA0E3CBB011685E22CDAFD2AF0DFDC3,2DE7F6294336C47C0BDF8F10856F548348B2FB63,74A99385B6EC9603409CA84CDA3D81D24B054C0D,63799328222647BE7ED9171FC9FDDED0B77AAFB5,2020-09-25 04:58:26.031000,2020-09-25 04:58:27.292000
gz35sxm2hpth7r6u,failed,not_found,847,461453F94FA0E3CBB011685E22CDAFD2AF0DFDC3,B0DB2F173F0DB364BABF7A465D796B3C048F1F33,D8A2D0080B0C73E1DC0EC9F33B497F64E5FB3F52,6389ECB4891334B846300FDD8A68250EBB5B7C52,2020-09-25 04:58:27.292000,2020-09-25 04:58:28.281000
gz35sxm2hpth7r6u,failed,not_found,1013,461453F94FA0E3CBB011685E22CDAFD2AF0DFDC3,58F3E2956EABB81F673E2FB90E16E001DB4AC3AE,509EAB4C5D10C9A9A24B4EA0CE402C047A2D64E6,6372CADE2B9A608E5114002A7A825AF0D11B449A,2020-09-25 04:58:28.282000,2020-09-25 04:58:36.853000
gz35sxm2hpth7r6u,failed,not_found,1031,461453F94FA0E3CBB011685E22CDAFD2AF0DFDC3,E3E75603998661EA67C6767493FC606830DDC345,C75CDD818316ABBC839F9F0DDAEC873FCF60C370,A9DC04A5C96EE5986753A15E384BB8679EE8F319,2020-09-25 04:58:36.854000,2020-09-25 04:58:38.353000
gz35sxm2hpth7r6u,,,,,,,A9BEA2E0699D1F60521C8A1167340945A419D102,2020-09-25 04:58:38.353000,
y6ax5vhudv2kakkf,failed,not_found,842,461453F94FA0E3CBB011685E22CDAFD2AF0DFDC3,431702B3A68A6015F9955DD4FD0129175B43EA0F,A2CD32D9D0668DB764AD68C745CE29693CA851B9,5262556D44A7F2434990FDE1AE7973C67DF49E58,2020-09-25 04:58:27.165000,2020-09-25 04:58:28.181000
y6ax5vhudv2kakkf,failed,not_found,866,461453F94FA0E3CBB011685E22CDAFD2AF0DFDC3,39CF2F22E5018C01FD57DEB1AB8FDFA4592633FB,708A968F3644F8A547156368FEA3DB664110E631,525D5386F858580E93B88D21727869555DFC654C,2020-09-25 04:58:28.181000,2020-09-25 04:58:29.428000
y6ax5vhudv2kakkf,failed,not_found,879,461453F94FA0E3CBB011685E22CDAFD2AF0DFDC3,1C70C2AA7F3772CE07C4EF6B18A6E330150372EE,2CF2DFBA221B77E96E9FE69725AE82F4E101BE4A,BD56A1C36196EE968B2A3463CCD64019B4E526D8,2020-09-25 04:58:29.428000,2020-09-25 04:58:30.066000
y6ax5vhudv2kakkf,failed,not_found,976,461453F94FA0E3CBB011685E22CDAFD2AF0DFDC3,B7D773E2196DB5B4129D3C050C063DB0F8DF91A5,4B351545DD58473F36B0A20E5500AC6ED51E8CD5,BD552C165E2ED2887D3F1CCE9CFF155DDA2D86E6,2020-09-25 04:58:30.066000,2020-09-25 04:58:34.787000
y6ax5vhudv2kakkf,failed,not_found,991,461453F94FA0E3CBB011685E22CDAFD2AF0DFDC3,6D163F649ECBE9DC20F016236EF36D7E1559E98E,F6740DEABFD5F62612FA025A5079EA72846B1F67,527826EF1856C0614DE01EB40A4B97C3F7DFC6A5,2020-09-25 04:58:34.787000,2020-09-25 04:58:36.172000
y6ax5vhudv2kakkf,failed,not_found,1021,461453F94FA0E3CBB011685E22CDAFD2AF0DFDC3,459310E0C3A72CAACAE10BEEBB7484D724C9C8C0,0E300A0942899B995AE08CEF58062BCFEB51EEDF,BD4C647508162F59CB44E4DFC1C2B2B8A9387CCA,2020-09-25 04:58:36.172000,2020-09-25 04:58:37.232000
wqc5tg7yir2sshte,failed,not_found,843,461453F94FA0E3CBB011685E22CDAFD2AF0DFDC3,33AA6CFE161A698169B548C9D973DAE6DED6BF0E,1804C06A266F0DA26DF58CD559E01C2F7C3FC42A,D8B9AE2CCFAF30A7974AAEB9B3FEAF035B070D81,2020-09-25 04:58:27.166000,2020-09-25 04:58:28.200000
wqc5tg7yir2sshte,failed,not_found,867,461453F94FA0E3CBB011685E22CDAFD2AF0DFDC3,58FC2AAB3792AC37897D34331F4F4E00341DEC0C,C41ADE229598201F913426E9C6B9647098AEE28D,08F4692B60862640F688B86826B66F30DEA7AB73,2020-09-25 04:58:28.201000,2020-09-25 04:58:29.280000
wqc5tg7yir2sshte,failed,not_found,889,461453F94FA0E3CBB011685E22CDAFD2AF0DFDC3,18671DE5092C67883BFB2450C3267B92618BEC66,37C1D66559D0C7884E3D21F7DEB58C75D79B98A8,08F06A0DDAFABF9A26FCB2E392A1435F9E048216,2020-09-25 04:58:29.281000,2020-09-25 04:58:30.238000
wqc5tg7yir2sshte,failed,not_found,910,461453F94FA0E3CBB011685E22CDAFD2AF0DFDC3,86D924EDE1498B4E1DD08D2260F3E9FE454012E1,4E98AA295B7171996D18DD1F6A19F64AB4036B4A,D8BD437B3165203E890D0DB57DF2AC128C95B3B4,2020-09-25 04:58:30.239000,2020-09-25 04:58:31.029000
wqc5tg7yir2sshte,failed,not_found,919,461453F94FA0E3CBB011685E22CDAFD2AF0DFDC3,B0DB2F173F0DB364BABF7A465D796B3C048F1F33,5C5D61F279AA0816F506FD5CE86C30F256291DDE,D8B99A7556B3A546910F505F374F55D2417EEE12,2020-09-25 04:58:31.030000,2020-09-25 04:58:32.019000
wqc5tg7yir2sshte,failed,not_found,941,461453F94FA0E3CBB011685E22CDAFD2AF0DFDC3,59C0D88A5B3C65541CF63D0DD88EF15A379D378E,B0DB2F173F0DB364BABF7A465D796B3C048F1F33,09092FF120A9FD9DC1AEAC899B5C3CFECBA6C279,2020-09-25 04:58:32.019000,2020-09-25 04:58:33.069000
u6swkhxwtw76y57a,failed,not_found,844,461453F94FA0E3CBB011685E22CDAFD2AF0DFDC3,330CD3DB6AD266DC70CDB512B036957D03D9BC59,CC09DFB016081AD50686DAC96440BB2D6F343251,B8D8E07448E0405F4275E52884ED9CEF63FEE4A3,2020-09-25 04:58:27.189000,2020-09-25 04:58:28.510000
u6swkhxwtw76y57a,failed,not_found,876,461453F94FA0E3CBB011685E22CDAFD2AF0DFDC3,C013F6A7A2297FA4CD00D05EF4A1C5222B844B25,F8D27B163B9247B232A2EEE68DD8B698695C28DE,8657358DD3076664A5989028CEB1A92F5F93C02A,2020-09-25 04:58:28.510000,2020-09-25 04:58:29.428000
u6swkhxwtw76y57a,failed,not_found,893,461453F94FA0E3CBB011685E22CDAFD2AF0DFDC3,A8D68ED61673B314CC8CD31C2275ABF1E07387CC,22775B953E662151549C114CB8EE5FBDBCBDAD02,B8BF2948E7830586F64EE92CCEABFB202E2FBF85,2020-09-25 04:58:29.428000,2020-09-25 04:58:32.010000
u6swkhxwtw76y57a,failed,not_found,940,461453F94FA0E3CBB011685E22CDAFD2AF0DFDC3,7FF1A673A5E1F7E9D2495A36C185B890DBD96553,F0C9513539800F762ECAE37F16370D7CBA5E52C2,B8C7D56B7E87B39BD0878C5D1D69130596D0BFAD,2020-09-25 04:58:32.011000,2020-09-25 04:58:32.943000
u6swkhxwtw76y57a,failed,not_found,958,461453F94FA0E3CBB011685E22CDAFD2AF0DFDC3,3076FB1CCEB8341322019AD26F69BFC0AA845334,836460C721577873AD1FF8AB000112A9360EB3A0,8646226690C1D4F2DDC3021F89909A26A8C32A27,2020-09-25 04:58:32.944000,2020-09-25 04:58:33.796000
u6swkhxwtw76y57a,failed,not_found,973,461453F94FA0E3CBB011685E22CDAFD2AF0DFDC3,929BF37C657D4F69C76324E5FEA760A62483813B,0ED0EA324C931CF41CB5272BFB1D015B3D5772A9,863FDDA3CA537CE03646B3AEBD3FD1CC6B077FBE,2020-09-25 04:58:33.798000,2020-09-25 04:58:34.786000
a5sy2z74o26cwsko,failed,not_found,860,461453F94FA0E3CBB011685E22CDAFD2AF0DFDC3,ECB71AE4B08EAB517B9E16D28689974342EEFABB,0ED0EA324C931CF41CB5272BFB1D015B3D5772A9,8F8911CEB5CAA353735DE1EF566B132AB649EF4C,2020-09-25 04:58:28.017000,2020-09-25 04:58:29.316000
a5sy2z74o26cwsko,failed,not_found,890,461453F94FA0E3CBB011685E22CDAFD2AF0DFDC3,F50CF02A0E6A9D9B25F7EB220FC26F7BD1B74999,9EB3FD84065E5622A57EFEF14E41A01B5B99A022,7292EF58742CC793F7AB3846D87001178328F9A2,2020-09-25 04:58:29.317000,2020-09-25 04:58:30.205000
a5sy2z74o26cwsko,failed,not_found,909,461453F94FA0E3CBB011685E22CDAFD2AF0DFDC3,062BC90436CC706CF983BD110852E0205F53CC79,99AC77667D8D606251B749DFDA473B2C781F78D0,8F89078575FEE57675A922E9E088918F63AC750C,2020-09-25 04:58:30.205000,2020-09-25 04:58:31.857000
a5sy2z74o26cwsko,failed,not_found,933,461453F94FA0E3CBB011685E22CDAFD2AF0DFDC3,A59AD84F92B2E5A76EBFE3BE62D3B28AF9BFD127,695D811B130673C2DE8DCFC5A9E742790BD25066,729DAA09F1E225DBAAF2F42F3C82FD3BBE7AD5DE,2020-09-25 04:58:31.857000,2020-09-25 04:58:32.723000
a5sy2z74o26cwsko,failed,not_found,951,461453F94FA0E3CBB011685E22CDAFD2AF0DFDC3,9E1E4F5B5F94812D02C4D18CB4086CE71CA5C614,2CF2DFBA221B77E96E9FE69725AE82F4E101BE4A,8F8BCB045168D59D0D7443A91FDCA22C0121FAF6,2020-09-25 04:58:32.724000,2020-09-25 04:58:33.643000
a5sy2z74o26cwsko,failed,not_found,971,461453F94FA0E3CBB011685E22CDAFD2AF0DFDC3,6118DDB580EEDD6FE5F8D3CC0DF1EE17D8A2A4C6,FFA72BD683BC2FCF988356E6BEC1E490F313FB07,72A33E374DE5AD1E617394896F0FD8B092D3E7C4,2020-09-25 04:58:33.643000,2020-09-25 04:58:34.611000
75jatrno6ealhebx,failed,not_found,861,461453F94FA0E3CBB011685E22CDAFD2AF0DFDC3,10A5EFCCD2FB9C1A4AC20FB779A5DB11B58957A7,36EBA005CE1BBD9B164600A4666D9EA37082D838,7EB91FDB68EAD3A13808D9356DA82605773215F5,2020-09-25 04:58:28.036000,2020-09-25 04:58:28.863000
75jatrno6ealhebx,failed,not_found,880,461453F94FA0E3CBB011685E22CDAFD2AF0DFDC3,D87A947A2405C41208C57D32ED1D0CA2EBE93AF6,BE9B12FAAB7429842D643E2308390ECD8961E0A1,7EB86B057A761B085273049642863EF9DACAE6E8,2020-09-25 04:58:28.864000,2020-09-25 04:58:30.581000
75jatrno6ealhebx,failed,not_found,915,461453F94FA0E3CBB011685E22CDAFD2AF0DFDC3,2AE2CA4BD2B7754F29432C25E03314D52AC4CAF1,5AD3FB658E490BAD9515F363374AA41D65D31A02,7EAF9E55B9B40532AF2DB5B70392F30E5AA1C596,2020-09-25 04:58:30.582000,2020-09-25 04:58:31.517000
75jatrno6ealhebx,failed,not_found,927,461453F94FA0E3CBB011685E22CDAFD2AF0DFDC3,F836446663F1EB816F13708955F105D0B2F5C8E0,D7230F4F13324A28C308AF94E2385D0A7F1B05F9,0FF9F882501FB1D610522DF6AAD6E75C95F8F2B8,2020-09-25 04:58:31.518000,2020-09-25 04:58:32.483000
75jatrno6ealhebx,failed,not_found,950,461453F94FA0E3CBB011685E22CDAFD2AF0DFDC3,D52A160303C638D9FB03463F8A6B7934D5787F4C,0085057C17BD2E1809E284825F06F94E72FB418C,0FF7D03AC5F31F93E3AE11ABF74313D071E11ED3,2020-09-25 04:58:32.484000,2020-09-25 04:58:33.487000
75jatrno6ealhebx,failed,not_found,968,461453F94FA0E3CBB011685E22CDAFD2AF0DFDC3,5DB9AE27A44EB7B476CC04A66C67A71C97A001E6,E3E75603998661EA67C6767493FC606830DDC345,0FF233C8D78A17B8DB7C8257D2E05CD5AA7C6B88,2020-09-25 04:58:33.488000,2020-09-25 04:58:34.547000
7pmmudpcrphi56ns,failed,not_found,862,461453F94FA0E3CBB011685E22CDAFD2AF0DFDC3,BF7A29C67B0502CF3082B1332BBFBCABAAC550D5,1F78D47D20BA3ACF9DCE50F4533A5CEA232CF398,1F41A5EFA69442AD49635074833945523A7D2145,2020-09-25 04:58:28.075000,2020-09-25 04:58:29.675000
7pmmudpcrphi56ns,failed,not_found,896,461453F94FA0E3CBB011685E22CDAFD2AF0DFDC3,EE7CD2A763435C7006095BD167C790ABE5BC4DEA,B91A1EB30E66D52026EFCD1E96BFC0E966C83E6D,6565F31D9EC0C7DFFEA1920BE3BA4C73EF35B5C4,2020-09-25 04:58:29.676000,2020-09-25 04:58:30.771000
7pmmudpcrphi56ns,failed,not_found,929,461453F94FA0E3CBB011685E22CDAFD2AF0DFDC3,E615EB5B107B04B2A892EF63018872D6A907C0E4,AE95BDA37A5BB4685FEBB7F06649D6CE949B5316,1F037215FF7FE4710BFD0507AECE33C3A7CB6277,2020-09-25 04:58:30.772000,2020-09-25 04:58:33.331000
7pmmudpcrphi56ns,failed,not_found,967,461453F94FA0E3CBB011685E22CDAFD2AF0DFDC3,F836446663F1EB816F13708955F105D0B2F5C8E0,841DE1E065BCA8C1EBDC4A7140646F47A6257BD8,657D2F4DD76D1BA7877EB2F1742ED9898EB04629,2020-09-25 04:58:33.332000,2020-09-25 04:58:35.220000
7pmmudpcrphi56ns,failed,not_found,1003,461453F94FA0E3CBB011685E22CDAFD2AF0DFDC3,CE68E04E721157C4FEB99FFAA9037F3B0B7E1CCD,FE1AF5E909002134BFF834F4AD5E1DE723779002,657339F813C63A826623414B31961471BAE6D790,2020-09-25 04:58:35.221000,2020-09-25 04:58:36.397000
7pmmudpcrphi56ns,failed,not_found,1022,461453F94FA0E3CBB011685E22CDAFD2AF0DFDC3,9B5ED3370E002AEBB2A9B25E3213C1817CCD2D88,E81993EA52B73285CFFD02FEC003569D21483001,1F2077BF01CAF23F819D4892A89883196ABA842A,2020-09-25 04:58:36.398000,2020-09-25 04:58:37.498000
z347izkeioq2w4g7,failed,not_found,885,461453F94FA0E3CBB011685E22CDAFD2AF0DFDC3,9C34EAD957DF77978BCF356F3F96B9A79E3961CB,898AA9A17ECBB05FEA4FE7418BD1C64F45D9A614,02FAEC637620B6DFF329022CEAA4D83BA23CEC6F,2020-09-25 04:58:29.136000,2020-09-25 04:58:30.106000
z347izkeioq2w4g7,failed,not_found,904,461453F94FA0E3CBB011685E22CDAFD2AF0DFDC3,76D2EBA82BBCCA3DF9F254A9A8372A10A26F3D14,11C3D14A1166AEDED6D247A32DE6451F6C95223A,CB19AC6FFAC13B4C1A143B423884EDEA4381ED2F,2020-09-25 04:58:30.107000,2020-09-25 04:58:31.102000
z347izkeioq2w4g7,failed,not_found,924,461453F94FA0E3CBB011685E22CDAFD2AF0DFDC3,F148A022E5E2BAD006E29C82C8D47C047A29958F,F3F3F4900B87CF4A6B4A7F9402502FC457B7B1FC,02ED4F8DB11F1303BA21B16AA1CF2A0A48547ACA,2020-09-25 04:58:31.102000,2020-09-25 04:58:32.127000
z347izkeioq2w4g7,failed,not_found,947,461453F94FA0E3CBB011685E22CDAFD2AF0DFDC3,F6740DEABFD5F62612FA025A5079EA72846B1F67,63C6AB74A5C288C2159DDC783BB00F88AB44427C,02F250898E6213FC6B5BAEA368322BEE015AD677,2020-09-25 04:58:32.127000,2020-09-25 04:58:33.391000
z347izkeioq2w4g7,failed,not_found,953,461453F94FA0E3CBB011685E22CDAFD2AF0DFDC3,EAA088440B100FF8407266B5D4853FFB16A8CB67,10A5EFCCD2FB9C1A4AC20FB779A5DB11B58957A7,CB1CE5D58F07BCACBD06FBA82ED2359D5E8CE911,2020-09-25 04:58:33.392000,2020-09-25 04:58:33.926000
z347izkeioq2w4g7,failed,not_found,978,461453F94FA0E3CBB011685E22CDAFD2AF0DFDC3,5ACC0FB6043235708F7E018E315101FA2194CBB4,CEC92F3BE8A2F3A46D3C042721D6BDBF2F40F4C5,CB040846C647F338EE1950C6CC03267102088C50,2020-09-25 04:58:33.927000,2020-09-25 04:58:35.314000
3kyzyckdkot7q4xy,failed,not_found,886,461453F94FA0E3CBB011685E22CDAFD2AF0DFDC3,A4E120350425BAD920307FFA74440F95D0172302,1804C06A266F0DA26DF58CD559E01C2F7C3FC42A,4AC4F120C119C72356BC9C33BF14E26D2BF052D4,2020-09-25 04:58:29.137000,2020-09-25 04:58:30.253000
3kyzyckdkot7q4xy,failed,not_found,911,461453F94FA0E3CBB011685E22CDAFD2AF0DFDC3,C7D48FA375F1DE6EA39FD95333A7475BBD83931D,055E271A48AA082E6A9FE88EA58DB73A600CDF24,D907BCD0B9510C462EEB0688FD5421CD2E172B77,2020-09-25 04:58:30.254000,2020-09-25 04:58:31.201000
3kyzyckdkot7q4xy,failed,not_found,925,461453F94FA0E3CBB011685E22CDAFD2AF0DFDC3,92BBADCB0697F5EB1792C607EE2DC1C291A98ADC,B0B26AEDB0D1E21EA8E06530CAAD953B464286FB,4AD9C116A1942D58A714433CA24F087F18036A7E,2020-09-25 04:58:31.201000,2020-09-25 04:58:32.051000
3kyzyckdkot7q4xy,failed,not_found,942,461453F94FA0E3CBB011685E22CDAFD2AF0DFDC3,7A3E534C033E3836BD5AF223B642853C502AB33A,624B7391B9790E7CD2AF6A7238239BA3D6928A57,4AD0B40B0FC679CC300F398BCEBE9D000833F62C,2020-09-25 04:58:32.051000,2020-09-25 04:58:32.990000
3kyzyckdkot7q4xy,failed,not_found,959,461453F94FA0E3CBB011685E22CDAFD2AF0DFDC3,02758CD398E3F842EF82478078AAAE0273770DB2,F244C5F5DDE2F29CA1F88E4C9F9FACCC48BCA857,D91F295BFAF865BF76DA0820485B6650DD832DC5,2020-09-25 04:58:32.992000,2020-09-25 04:58:33.981000
3kyzyckdkot7q4xy,failed,not_found,980,461453F94FA0E3CBB011685E22CDAFD2AF0DFDC3,CA6A1295456D14F8C78CE623EB779EF2C1CCC7F0,CE035C7946CEE68425CD2358E620E408A9C823FD,D8EA105E79803FB0040A8C2A676D93DAEA2CFFF0,2020-09-25 04:58:33.982000,2020-09-25 04:58:35.028000
qos4egj3cuhdmxqt,failed,not_found,887,461453F94FA0E3CBB011685E22CDAFD2AF0DFDC3,FC1E441E097BA36930AA2F615EFB325AF76D2595,50586E25BE067FD1F739998550EDDCB1A14CA5B2,144CCCE4EFE85215BC0866E797BEA8F85929CFED,2020-09-25 04:58:29.137000,2020-09-25 04:58:30.170000
qos4egj3cuhdmxqt,failed,not_found,907,461453F94FA0E3CBB011685E22CDAFD2AF0DFDC3,BE8737597F2E6B4F805893202C935125829A902E,3BB035514F8246AC367B5370F4FE120BB11D8C6D,143F5A3EF84BF1A8E82998CA261D9C889C247127,2020-09-25 04:58:30.170000,2020-09-25 04:58:31.231000
qos4egj3cuhdmxqt,failed,not_found,926,461453F94FA0E3CBB011685E22CDAFD2AF0DFDC3,64E257D94E739278D5954CC820C9D7EAC4E7A7B7,EBE718E1A49EE229071702964F8DB1F318075FF8,92E807AC5E23CCD9FE623EA4DC020B1627A0D09B,2020-09-25 04:58:31.231000,2020-09-25 04:58:32.197000
qos4egj3cuhdmxqt,failed,not_found,949,461453F94FA0E3CBB011685E22CDAFD2AF0DFDC3,104DC15ACFA69CF94F89E8ED0F6CDB2D298234D2,221546DAE86B003139B13BD6F6AE1B4B42B59DF8,1443DAAF09F47875D922F718C8CC89A88C50B3F5,2020-09-25 04:58:32.198000,2020-09-25 04:58:33.246000
qos4egj3cuhdmxqt,failed,not_found,965,461453F94FA0E3CBB011685E22CDAFD2AF0DFDC3,C92ECAF73512E2CCB15827A192B7AF3E9DBC896E,F29A5D7E317934CDFFFA3DD9B26AC9AB48CB1C6C,92E82B6D71C8073C748BA74E818C478B4B5C793B,2020-09-25 04:58:33.247000,2020-09-25 04:58:35.103000
qos4egj3cuhdmxqt,failed,not_found,1001,461453F94FA0E3CBB011685E22CDAFD2AF0DFDC3,B0537CD220A60ECF8045439658A53254C0D63DCB,7ED3D8AFAC750F8CC0BDF8C87FE3BCBA2BBE2209,92BE02DD3B76061222898FA81268C074046846E9,2020-09-25 04:58:35.103000,2020-09-25 04:58:36.303000
gmmag33i6zf4msmf,failed,not_found,905,461453F94FA0E3CBB011685E22CDAFD2AF0DFDC3,F740DDDB1A6B536B5CC47111BFE4E2F7CF9B4C28,0367E1FFAB716AC3F418CFB7CBB3BDB9403CD9CB,450AB46ADFD541B3905A5C6140BC53EB8C68C9A5,2020-09-25 04:58:30.107000,2020-09-25 04:58:31.030000
gmmag33i6zf4msmf,failed,not_found,920,461453F94FA0E3CBB011685E22CDAFD2AF0DFDC3,F9A3542D5863CD665B7FF758E73DAD40832D0064,54FF87E18CF4B351BB078A640A4DC5265969485E,7BE3CB407039AA39EB88EF3B00053D3F92EC32AB,2020-09-25 04:58:31.030000,2020-09-25 04:58:32.174000
gmmag33i6zf4msmf,failed,not_found,948,461453F94FA0E3CBB011685E22CDAFD2AF0DFDC3,EBE718E1A49EE229071702964F8DB1F318075FF8,A8B756D4771D7665FC27BAB03DE45EDB12914E0B,7BE4752877553A96CD4035D0C526BCD09E81CC64,2020-09-25 04:58:32.175000,2020-09-25 04:58:33.716000
gmmag33i6zf4msmf,failed,not_found,972,461453F94FA0E3CBB011685E22CDAFD2AF0DFDC3,11C3D14A1166AEDED6D247A32DE6451F6C95223A,7FA3FA525901A91A1310B817943668BC2C16289E,7C0AA4E3B73E407E9F5FEB1912F8BE26D8AA124D,2020-09-25 04:58:33.717000,2020-09-25 04:58:34.691000
gmmag33i6zf4msmf,failed,not_found,977,461453F94FA0E3CBB011685E22CDAFD2AF0DFDC3,23094C42B9763CB513D324CE1789835EBE3D0FD4,890480E14E634C8B4467C475E355A6FBF3D99CD5,44FAF1249D46C79CE33A5234D8501261C40E670D,2020-09-25 04:58:34.692000,2020-09-25 04:58:35.198000
gmmag33i6zf4msmf,failed,not_found,1002,461453F94FA0E3CBB011685E22CDAFD2AF0DFDC3,60CA295745930AFA59DB73F877834B4100C7B712,4E0C20FE5369CF91793AE0762B6D6EBFE8DD7D93,44FE825405384A8CE396D3369F45A4D62ECDAF66,2020-09-25 04:58:35.199000,2020-09-25 04:58:36.757000
p6xrq2ltd2nkkaul,failed,not_found,906,461453F94FA0E3CBB011685E22CDAFD2AF0DFDC3,50A39337EC55FC25E863868E80771220E468FC4C,BB12ECF3DCF12B187CFD735DAC68F98A3E13DEE2,F001CD2A9E27B7E3ECD120951CAF968213967B31,2020-09-25 04:58:30.170000,2020-09-25 04:58:31.964000
p6xrq2ltd2nkkaul,failed,not_found,938,461453F94FA0E3CBB011685E22CDAFD2AF0DFDC3,B7EF647EF659726C716243A82877D20AA7978EBC,76D2EBA82BBCCA3DF9F254A9A8372A10A26F3D14,EFEACD781604EB80FBC025EDEDEA2D523AEAAA2F,2020-09-25 04:58:31.964000,2020-09-25 04:58:32.862000
p6xrq2ltd2nkkaul,failed,not_found,952,461453F94FA0E3CBB011685E22CDAFD2AF0DFDC3,A99B0D9E5FD5BC3C8F2D006EC91F8C7F40E09CB8,A6BBD33695A4E3C4545BA370605A4DCD87D98BEE,E2D9035061E3D133B2CA4DA3383AEAACCC0733E1,2020-09-25 04:58:32.862000,2020-09-25 04:58:34.100000
p6xrq2ltd2nkkaul,failed,not_found,985,461453F94FA0E3CBB011685E22CDAFD2AF0DFDC3,3BB035514F8246AC367B5370F4FE120BB11D8C6D,E81993EA52B73285CFFD02FEC003569D21483001,EFF32E0B2BA102251F3F717CB3988896EEB3A8AE,2020-09-25 04:58:34.100000,2020-09-25 04:58:35.313000
p6xrq2ltd2nkkaul,failed,not_found,1004,461453F94FA0E3CBB011685E22CDAFD2AF0DFDC3,836460C721577873AD1FF8AB000112A9360EB3A0,071ACB713A9558A4B5750520B0A738C66033E0B1,E2CF09F998248C71139B24B2C92740AEDB1C6D2A,2020-09-25 04:58:35.313000,2020-09-25 04:58:36.413000
p6xrq2ltd2nkkaul,failed,not_found,1023,461453F94FA0E3CBB011685E22CDAFD2AF0DFDC3,DFF9E741D00F74998FE83CD6260EE4D9E0B0DBFA,B778066DAD76D6EEA7D0D31A82F168A84C0D7955,E300CEE2255A22B3DF52E798A3237D53AFAEC2F3,2020-09-25 04:58:36.413000,2020-09-25 04:58:37.971000
3eoxijgub7niz5va,failed,not_found,908,461453F94FA0E3CBB011685E22CDAFD2AF0DFDC3,92E807AC5E23CCD9FE623EA4DC020B1627A0D09B,0BD524A66A928A093AD1ADD79AD24C5DA6D805CE,9E41448CE0DDE186CE05D2DED5F34428C99A8D70,2020-09-25 04:58:30.171000,2020-09-25 04:58:32.124000
3eoxijgub7niz5va,failed,not_found,946,461453F94FA0E3CBB011685E22CDAFD2AF0DFDC3,0D6E25BD8C540178C309EE2A84C7A74496360D6E,E1B54925C59ECE813269B9A3309B7A5EB57E9B98,B8D8E07448E0405F4275E52884ED9CEF63FEE4A3,2020-09-25 04:58:32.124000,2020-09-25 04:58:33.170000
3eoxijgub7niz5va,failed,not_found,963,461453F94FA0E3CBB011685E22CDAFD2AF0DFDC3,876C7CE43774366250D3E768E690DAB9D4B5D5A3,18B160CD5E22BFC345AEE7BA84B7EA45BF457FCA,9E2D7C6981269404AA1970B53891701A20424EF8,2020-09-25 04:58:33.171000,2020-09-25 04:58:34.203000
3eoxijgub7niz5va,failed,not_found,987,461453F94FA0E3CBB011685E22CDAFD2AF0DFDC3,02758CD398E3F842EF82478078AAAE0273770DB2,9DA7A978928C48B4DD50E397FE2F3C4110EA3576,9E433453D33F85B726AABAD043DDD00E171329C1,2020-09-25 04:58:34.203000,2020-09-25 04:58:35.596000
3eoxijgub7niz5va,failed,not_found,1008,461453F94FA0E3CBB011685E22CDAFD2AF0DFDC3,4011E1BB0E5B9A22AF665B553BFFDDE22A517B16,21E9162916687FDC3CD966D11F34766F51902B45,B8E514ADDC653D61DE1FCB67821BB0303778782F,2020-09-25 04:58:35.597000,2020-09-25 04:58:36.833000
3eoxijgub7niz5va,failed,not_found,1030,461453F94FA0E3CBB011685E22CDAFD2AF0DFDC3,C2481FAAA5508F6C2A64873972281220E9778476,AEDFB1F1F69DC74A90BCF87B587252334D7D180E,B8F6E68B36BEE2BF548750BDCCC3C2A7DB56A623,2020-09-25 04:58:36.833000,2020-09-25 04:58:37.643000
4wxq5vx2ntvqqrvk,failed,not_found,921,461453F94FA0E3CBB011685E22CDAFD2AF0DFDC3,C3263F4B4E92127B7CD15E8F9746B4382233424A,2CF2DFBA221B77E96E9FE69725AE82F4E101BE4A,DFA40306BEA6EAF28CEF4AFED473A2877A90F9B5,2020-09-25 04:58:31.100000,2020-09-25 04:58:32.010000
4wxq5vx2ntvqqrvk,failed,not_found,939,461453F94FA0E3CBB011685E22CDAFD2AF0DFDC3,2BE597D0A2255A4E8F44CBFB126B7A7A12A9737B,85A3AC041E3FCD796AF5D653953D5E27A56E3719,5FA7596FB2BA2C889337F8B82DD7127BBB240D4D,2020-09-25 04:58:32.010000,2020-09-25 04:58:33.841000
4wxq5vx2ntvqqrvk,failed,not_found,975,461453F94FA0E3CBB011685E22CDAFD2AF0DFDC3,62712B2C24A169B24336CD2FE2BE55DA67476C8B,AD1FC4AE877B2FFEB3C84F1A6B76E9B057AAEF4E,5F96241CAFF60EEB5D4F9B6C04D629EFEF155821,2020-09-25 04:58:33.841000,2020-09-25 04:58:35.729000
4wxq5vx2ntvqqrvk,,,,,,,DF81D831D4FF686F52C9ACAA9EB5711F95BF4DD4,2020-09-25 04:58:35.730000,
kcdlhyml2fmm6if6,failed,not_found,922,461453F94FA0E3CBB011685E22CDAFD2AF0DFDC3,A333975460B45BB109CC6E54106B5B2A625721FA,0FE31E8B143BCA123905993356D1DE49C715E455,1258D0A9D95582B7666FC0AF6E9A798109A9A29D,2020-09-25 04:58:31.101000,2020-09-25 04:58:31.921000
kcdlhyml2fmm6if6,failed,not_found,937,461453F94FA0E3CBB011685E22CDAFD2AF0DFDC3,BFD3FC19AD1F691C01B5392DE90D3510B8D1B886,7355A4A20BA4C083C921464302108C121BAC7EF2,1228111A6D4AFC619ED3A70079A3A0B678476A43,2020-09-25 04:58:31.921000,2020-09-25 04:58:33.201000
kcdlhyml2fmm6if6,failed,not_found,964,461453F94FA0E3CBB011685E22CDAFD2AF0DFDC3,937F201D2797314953F268D252F5C98D3FA9F71E,34979DBD475FFED9CF6556E349DDEDEE69104345,0006DE2E77E3C3EC5E1825B076E5257FD200ED0A,2020-09-25 04:58:33.201000,2020-09-25 04:58:34.755000
kcdlhyml2fmm6if6,failed,not_found,990,461453F94FA0E3CBB011685E22CDAFD2AF0DFDC3,55804F9D37F7B27BD0426B3CB06C64B4D0F95546,F3A3461889BF97250F50A7BAAAE4A2B92062F6D7,124A65274631BA02B6AA0DEDED144D5FDF6BDC35,2020-09-25 04:58:34.755000,2020-09-25 04:58:35.797000
kcdlhyml2fmm6if6,failed,not_found,1012,461453F94FA0E3CBB011685E22CDAFD2AF0DFDC3,40CDE936B04B4573A47223396006443CA5EAC845,A4E120350425BAD920307FFA74440F95D0172302,0011BD2485AD45D984EC4159C88FC066E5E3300E,2020-09-25 04:58:35.797000,2020-09-25 04:58:36.755000
kcdlhyml2fmm6if6,failed,not_found,1029,461453F94FA0E3CBB011685E22CDAFD2AF0DFDC3,41A3C16269C7B63DB6EB741DBDDB4E1F586B1592,D079D6818926684C5979C18171FB18862A4A5792,FFF78C44BA6E6B6F7525095BBE14EF7CBEB89744,2020-09-25 04:58:36.756000,2020-09-25 04:58:37.942000
bygg6wqfuu6tsbv6,failed,not_found,923,461453F94FA0E3CBB011685E22CDAFD2AF0DFDC3,AA26B97B6CA757BF63328EE96705120609CF4AAD,5856DB884578915E7C7A0B7B11E4145B1D2A4E2B,2AB9FFCC6618FBBC973C457FC6BE5E8620A60FDC,2020-09-25 04:58:31.101000,2020-09-25 04:58:31.921000
bygg6wqfuu6tsbv6,failed,not_found,936,461453F94FA0E3CBB011685E22CDAFD2AF0DFDC3,1CDCB48F64E21D5ACAFE2471912E2E76F600EDFA,B411027C926A9BFFCF7DA91E3CAF1856A321EFFD,2AB6F7D59DF6153F4DB1DB6479C3422F5724C4BA,2020-09-25 04:58:31.921000,2020-09-25 04:58:32.943000
bygg6wqfuu6tsbv6,failed,not_found,957,461453F94FA0E3CBB011685E22CDAFD2AF0DFDC3,92BBADCB0697F5EB1792C607EE2DC1C291A98ADC,D228AE265C966CA4E9A8C4B746A30A9737060A32,C0192FF43E777250084175F4E59AC1BA2290CE38,2020-09-25 04:58:32.943000,2020-09-25 04:58:34.011000
bygg6wqfuu6tsbv6,failed,not_found,981,461453F94FA0E3CBB011685E22CDAFD2AF0DFDC3,B98DF300E5EA67357A7F5DDFBA213E6E8312A27C,E76E2BC2FC9273BFBA38947EB5572076270D49D5,2AA5F598F9A1812F01CD99E3B59BB87362ED7438,2020-09-25 04:58:34.011000,2020-09-25 04:58:34.925000
bygg6wqfuu6tsbv6,failed,not_found,995,461453F94FA0E3CBB011685E22CDAFD2AF0DFDC3,06E72526BBE040C51C5ADFBAA07ADD9AEB5E1FA1,E8BAE7393740A700D50B010DED9D9EC9A66B390D,C013F6A7A2297FA4CD00D05EF4A1C5222B844B25,2020-09-25 04:58:34.926000,2020-09-25 04:58:35.947000
bygg6wqfuu6tsbv6,failed,not_found,1015,461453F94FA0E3CBB011685E22CDAFD2AF0DFDC3,E03E581AA42A211F69DC63608B1980F10AE52C26,14D57DEDF0A4554A2D21AD53CCCC43E31158C733,C025D850B370867DD707044496549E1218D45ABC,2020-09-25 04:58:35.948000,2020-09-25 04:58:37.173000
eq3gn4l3ageafk6k,failed,not_found,943,461453F94FA0E3CBB011685E22CDAFD2AF0DFDC3,B5053ABFF845C96B1DD8F45DCF32E6BE1E63F127,ACA0B8702A6A0B890217A3D26B7220EB6E1CFFD1,6B61EFE3AEDEB3351FD3C910443D95556316E01C,2020-09-25 04:58:32.074000,2020-09-25 04:58:33.489000
eq3gn4l3ageafk6k,,,,,,,4CA64E677ECFF23B138CFE70A6A02E94BDF3A805,2020-09-25 04:58:33.489000,
vpibxa67momwogo7,failed,not_found,944,461453F94FA0E3CBB011685E22CDAFD2AF0DFDC3,B74DABBE248B935CDC1038CD5C9280878C8C94E7,CC6910CF21D17C1BD68FE224CE7685BEB42558A8,91799AD097018FD5F83B70B978068FB83F72934F,2020-09-25 04:58:32.103000,2020-09-25 04:58:32.941000
vpibxa67momwogo7,failed,not_found,956,461453F94FA0E3CBB011685E22CDAFD2AF0DFDC3,D87698D8E2276C7E93D531B7C2A1B27D58C71876,CF6A6080091BB210AA3892FEFE2F6A396DA08DF3,B8F7B162963287D2199D075BBAB2C4FB941BB390,2020-09-25 04:58:32.941000,2020-09-25 04:58:33.799000
vpibxa67momwogo7,failed,not_found,974,461453F94FA0E3CBB011685E22CDAFD2AF0DFDC3,F741E5124CB12700DA946B78C9B2DD175D6CD2A1,672A56A583C658372E63ACEB43E7F791C2819548,919680B79198AE4D80A06999A93EBC909AD4DDDC,2020-09-25 04:58:33.799000,2020-09-25 04:58:34.875000
vpibxa67momwogo7,failed,not_found,994,461453F94FA0E3CBB011685E22CDAFD2AF0DFDC3,CA4DF2B63A43080C57CF9A561D4A155F97EC5A4F,331452F317390D3C78BCD759170699E55C5570C9,917A2DADBA0D7727DF7FFD46AD923FD937686A3D,2020-09-25 04:58:34.876000,2020-09-25 04:58:36.488000
vpibxa67momwogo7,failed,not_found,1024,461453F94FA0E3CBB011685E22CDAFD2AF0DFDC3,6C282D35C674A036B79B5F30E90D19B363D3DAB2,39F096961ED2576975C866D450373A9913AFDC92,B8F6E68B36BEE2BF548750BDCCC3C2A7DB56A623,2020-09-25 04:58:36.489000,2020-09-25 04:58:37.751000
vpibxa67momwogo7,,,,,,,B90309F6F9F9F4635526040946CDAEC7DBF3A231,2020-09-25 04:58:37.751000,
6c7u4emuyuobskmv,failed,not_found,945,461453F94FA0E3CBB011685E22CDAFD2AF0DFDC3,E3D61BAEA0B7CB12CACEDC8821C520557BDFCEA3,CC2179A97D4EC55BFA56B27F2300C53162CEBB6E,C025D850B370867DD707044496549E1218D45ABC,2020-09-25 04:58:32.104000,2020-09-25 04:58:33.275000
6c7u4emuyuobskmv,failed,not_found,966,461453F94FA0E3CBB011685E22CDAFD2AF0DFDC3,AFF320BA96E4338B61A008D2CA250FFE0E23B09C,9492CC046A0BB01638C2332073AA0600B3F31252,088A6237EED87EDEB0E1E3AD0A4A419F963F0787,2020-09-25 04:58:33.275000,2020-09-25 04:58:34.203000
6c7u4emuyuobskmv,failed,not_found,988,461453F94FA0E3CBB011685E22CDAFD2AF0DFDC3,0516A1A5836825F58848D47B91F47CB593B58D54,5421278775C1AD41EF07A58B55D35AF38201F016,C03209F54BC299927CA7581147434F439F37CACB,2020-09-25 04:58:34.203000,2020-09-25 04:58:35.276000
6c7u4emuyuobskmv,failed,not_found,993,461453F94FA0E3CBB011685E22CDAFD2AF0DFDC3,2AA5F598F9A1812F01CD99E3B59BB87362ED7438,2119E5A4B5F420165BF5DF19A5A28F4610FFD103,08C6EED76C8938B738316A34AA2923C432EC05B1,2020-09-25 04:58:35.276000,2020-09-25 04:58:35.774000
6c7u4emuyuobskmv,,,,,,,08CD9D4224058DC97A1F27679A5BEE5724C4C6EC,2020-09-25 04:58:35.774000,
krzccdboseaaltcj,failed,not_found,960,461453F94FA0E3CBB011685E22CDAFD2AF0DFDC3,769A297017BB5E92A9A5A3D76725CA12D694AA30,3A9443710224E5182895C342D1D36C1D460A1206,1C2F0929A4A8D9661D83E70FDE96B61040ECA14D,2020-09-25 04:58:33.034000,2020-09-25 04:58:34.020000
krzccdboseaaltcj,failed,not_found,982,461453F94FA0E3CBB011685E22CDAFD2AF0DFDC3,C2B45199FC6F98E21BFAFE0833348F288FA337E3,4B68D0E5392ED6F3469A37880631353A96558631,1C4147BDE31ED65715FE1CF088570E145BF46AA1,2020-09-25 04:58:34.020000,2020-09-25 04:58:35.491000
krzccdboseaaltcj,failed,not_found,1006,461453F94FA0E3CBB011685E22CDAFD2AF0DFDC3,07905A0D8AD1C134D3036872140B1DB1EB761772,3D5D6178C44537E3692853B344385F6572A55767,1C3C4AEF036D1202EEC623228EBA5FB71931E2A3,2020-09-25 04:58:35.492000,2020-09-25 04:58:36.731000
krzccdboseaaltcj,failed,not_found,1027,461453F94FA0E3CBB011685E22CDAFD2AF0DFDC3,746B3C4BADCCA09003DD091AF028560A61E0A48E,32437FADA2B55E6F446870203311860AD8588569,EE36437DFD15BFBDE7D7F471727C3050EB4EDCC5,2020-09-25 04:58:36.732000,2020-09-25 04:58:38.627000
krzccdboseaaltcj,,,,,,,EE482116B2A49A2B64536526EADD8DE932F691CD,2020-09-25 04:58:38.627000,
ljgffqzni4gzn24a,failed,not_found,961,461453F94FA0E3CBB011685E22CDAFD2AF0DFDC3,63B32F7E5389E8DBC5E1BCEFE48312DA7CCEF5D6,D0E1962B2460BA54D81E1426300D09720E6D43EB,E0B3B10226F067A1B215178D19A19EF311E7FDC3,2020-09-25 04:58:33.066000,2020-09-25 04:58:34.294000
ljgffqzni4gzn24a,failed,not_found,989,461453F94FA0E3CBB011685E22CDAFD2AF0DFDC3,88F5FD94C520B22A1A5B98EC20003F046ED601DD,E76E2BC2FC9273BFBA38947EB5572076270D49D5,F117B31DF6A73D6F015BCEE4E6AB13474B18A16F,2020-09-25 04:58:34.294000,2020-09-25 04:58:35.522000
ljgffqzni4gzn24a,failed,not_found,1007,461453F94FA0E3CBB011685E22CDAFD2AF0DFDC3,0C039F35C2E40DCB71CD8A07E97C7FD7787D42D6,A1FEE8537C847D330F1F7F592BE24360C5D6051F,E0A3471C24C9021CC58FBF774203046FD2BC893F,2020-09-25 04:58:35.523000,2020-09-25 04:58:36.650000
ljgffqzni4gzn24a,failed,not_found,1025,461453F94FA0E3CBB011685E22CDAFD2AF0DFDC3,4FF53BC47097B50DA5B68D72C5B25CC079F4A787,A36D13036750E477E0C5628A5BE4FECB63286D80,F120F1B939C7ED8FD62347A800F2B67BE84D84DA,2020-09-25 04:58:36.651000,2020-09-25 04:58:38.033000
ljgffqzni4gzn24a,,,,,,,F10BDE279AE71515DDCCCC61DC19AC8765F8A3CC,2020-09-25 04:58:38.034000,
x6fn2nt7hbjowmps,failed,not_found,962,461453F94FA0E3CBB011685E22CDAFD2AF0DFDC3,898AA9A17ECBB05FEA4FE7418BD1C64F45D9A614,1E03D81C9744DE0E3C9DE6E6FBDF1DF9DAEA5AFC,7CBC1D4754EF3A62C15CB48C08029C99009E2ECF,2020-09-25 04:58:33.067000,2020-09-25 04:58:33.952000
x6fn2nt7hbjowmps,failed,not_found,979,461453F94FA0E3CBB011685E22CDAFD2AF0DFDC3,98F788200CC64060695B07555F09A8FE47679AC8,FE1AF5E909002134BFF834F4AD5E1DE723779002,7CD234DFEFE8F215EC9AE2BC1D2CAFC9E0D1CC00,2020-09-25 04:58:33.952000,2020-09-25 04:58:35.005000
x6fn2nt7hbjowmps,failed,not_found,997,461453F94FA0E3CBB011685E22CDAFD2AF0DFDC3,3A8557B067FBE53F168BBEAA7D14D1298AE52A52,2B24C281AD12EA96F72C2808E1AF041CEBE345D0,7C7FFB1C48B7E0C5C9B3D11FEC2F8500F464786A,2020-09-25 04:58:35.005000,2020-09-25 04:58:35.993000
x6fn2nt7hbjowmps,failed,not_found,1016,461453F94FA0E3CBB011685E22CDAFD2AF0DFDC3,B87D46124FCB8BD887CC774349F335ED1F8419F6,88748052843CC93A02BE1D9E9B5B358AB3A104AA,A4DEEE8F4467621C0A3CB7F4E25CB6F7A11FAEE4,2020-09-25 04:58:35.993000,2020-09-25 04:58:36.978000
x6fn2nt7hbjowmps,failed,not_found,1034,461453F94FA0E3CBB011685E22CDAFD2AF0DFDC3,1CD48F4ED0F1821FFBF1940802A13EEFD4C27502,6940247E04C839D268543E7F62566A91E40567E3,A4CC39184AD287D72C2247738835811C7A7ECB8E,2020-09-25 04:58:36.978000,2020-09-25 04:58:37.942000
x6fn2nt7hbjowmps,,,,,,,A4C83C2BEB4F1B31D40E80D5524C66A117D77C50,2020-09-25 04:58:37.942000,
u3hl5guqxat2f6w6,failed,not_found,983,461453F94FA0E3CBB011685E22CDAFD2AF0DFDC3,E46C3F0533709EE2112874B13A4FE3868B33E75E,9F5068310818ED7C70B0BC4087AB55CB12CB4377,59EA74708A9C1A24D2EB1A2F150C27119A5FC2A6,2020-09-25 04:58:34.068000,2020-09-25 04:58:34.833000
u3hl5guqxat2f6w6,failed,not_found,992,461453F94FA0E3CBB011685E22CDAFD2AF0DFDC3,7272FA27A7F99E88D59BE2018E3F14FB88BF9786,99774357E7FD1F113F242C469D1D399D444AA51A,5A127C65B275540A90DBF60F33D55BAF5D512B9E,2020-09-25 04:58:34.834000,2020-09-25 04:58:36.343000
u3hl5guqxat2f6w6,failed,not_found,1014,461453F94FA0E3CBB011685E22CDAFD2AF0DFDC3,9C34EAD957DF77978BCF356F3F96B9A79E3961CB,AE1337069C16BD843B6767328919C3349770459D,529CA3EB08AD6EC1791B5110AA3540A4CFA1197F,2020-09-25 04:58:36.344000,2020-09-25 04:58:37.016000
u3hl5guqxat2f6w6,failed,not_found,1035,461453F94FA0E3CBB011685E22CDAFD2AF0DFDC3,6A365870758A1E3E7A9EE0E82BCC0D6226A9EAAA,3B953203AF332D8FE1452E1CE7CB50A3B5297DB2,52A022F16D8CDBF019E132F1538A1798F167973A,2020-09-25 04:58:37.016000,2020-09-25 04:58:38.068000
u3hl5guqxat2f6w6,,,,,,,529D9C84E0D6A6141D409C1B02DB81B2B8E8E973,2020-09-25 04:58:38.068000,
qquahasna4rchusd,failed,not_found,984,461453F94FA0E3CBB011685E22CDAFD2AF0DFDC3,DB2682153AC0CCAECD2BD1E9EBE99C6815807A1E,DA96AC308288FBFD4641F25F1FA44DDD62FFE42B,6F901069356A789F02294F18A4D5FE1368239702,2020-09-25 04:58:34.069000,2020-09-25 04:58:35.638000
qquahasna4rchusd,failed,not_found,1009,461453F94FA0E3CBB011685E22CDAFD2AF0DFDC3,257342F27502A108EECA766F3B125441B3DD4F4E,1F78D47D20BA3ACF9DCE50F4533A5CEA232CF398,6F6586F1631CAC1115B9561656E7664D386B7F4B,2020-09-25 04:58:35.638000,2020-09-25 04:58:36.732000
qquahasna4rchusd,,,,,,,6F7E602D79D16C871F8984B98658F2C9928F2FD9,2020-09-25 04:58:36.732000,
suut6b4k3vcornbc,failed,not_found,986,461453F94FA0E3CBB011685E22CDAFD2AF0DFDC3,994FB6A842C0CEE1F1C4CBA9A7604C5FF6014CFC,42D47C736518BFA495CA31AEE40AE468F0BDA2A6,3DAEC5687EAB19CC9FBE98303780137E143236AB,2020-09-25 04:58:34.100000,2020-09-25 04:58:35.343000
suut6b4k3vcornbc,failed,not_found,1005,461453F94FA0E3CBB011685E22CDAFD2AF0DFDC3,0DD04EF0B081BBFDE3082D4ECC8A63FD0022FCAF,CB72A74E8197DF3B33EE6A0895E5BB871D10CF92,3DC748C2DFF1F8E9DA5626BB3CBAAFF31D706C10,2020-09-25 04:58:35.344000,2020-09-25 04:58:36.673000
suut6b4k3vcornbc,failed,not_found,1026,461453F94FA0E3CBB011685E22CDAFD2AF0DFDC3,506763994792208999529D03C016774C814386A8,A99B0D9E5FD5BC3C8F2D006EC91F8C7F40E09CB8,E006EA04C696BBD6E35407538131305FF3CB8C16,2020-09-25 04:58:36.673000,2020-09-25 04:58:37.737000
suut6b4k3vcornbc,,,,,,,E0023AC14180112A2FFF00A84C6049862BB3E6C3,2020-09-25 04:58:37.737000,
sbdj2yw7hjkclygp,failed,not_found,998,461453F94FA0E3CBB011685E22CDAFD2AF0DFDC3,A20CB2416BDECC60B681FEE20113361DB7DDE5DB,25990FC54D7268C914170A118EE4EE75025451DA,6136AA93127F01CEF039273CBEF75F6842994100,2020-09-25 04:58:35.060000,2020-09-25 04:58:36.122000
sbdj2yw7hjkclygp,failed,not_found,1020,461453F94FA0E3CBB011685E22CDAFD2AF0DFDC3,5C01B2D72D75F109550963F810C2010BDA208549,8111FEB45EF2950EB8F84BFD8FF070AB07AEE9DD,842B1F6C4B9E41FC9059DF675C5DF5BDA9F0FC73,2020-09-25 04:58:36.123000,2020-09-25 04:58:37.099000
sbdj2yw7hjkclygp,failed,not_found,1039,461453F94FA0E3CBB011685E22CDAFD2AF0DFDC3,4B351545DD58473F36B0A20E5500AC6ED51E8CD5,39CF2F22E5018C01FD57DEB1AB8FDFA4592633FB,615ABEA2DE76EB3760BC51E7306BAA59F15CD8F2,2020-09-25 04:58:37.100000,2020-09-25 04:58:38.012000
sbdj2yw7hjkclygp,,,,,,,614094CAF0701EB568106E60EC12A785E704AE0F,2020-09-25 04:58:38.013000,
qz2c33nnyrktjzeq,failed,not_found,999,461453F94FA0E3CBB011685E22CDAFD2AF0DFDC3,762A03C056C10D8EDEEF52AC2949800EEC65E6C8,66C102FA5DDF48C9EEEB048C1630933B66C50ECC,1D54F7CCB7C7A185EE8AA5616C079DD923EB57F2,2020-09-25 04:58:35.061000,2020-09-25 04:58:37.105000
qz2c33nnyrktjzeq,failed,not_found,1040,461453F94FA0E3CBB011685E22CDAFD2AF0DFDC3,3A8557B067FBE53F168BBEAA7D14D1298AE52A52,4586DF1934953F38206B5117237F79C1C8797FC4,02928855BFAD787F8B363F21860D1E7D156E0655,2020-09-25 04:58:37.105000,2020-09-25 04:58:38.088000
qz2c33nnyrktjzeq,,,,,,,029E107A59D2B4FEBD06A6115167BD6D048D9C0A,2020-09-25 04:58:38.089000,
46p5swqeheridse2,,,,,,,124A65274631BA02B6AA0DEDED144D5FDF6BDC35,2020-09-25 04:58:35.061000,
2ngsc5qhdrkycg66,failed,not_found,1017,461453F94FA0E3CBB011685E22CDAFD2AF0DFDC3,AA26B97B6CA757BF63328EE96705120609CF4AAD,E46777C6EFB6036190EFAAD9B13EE9D0E75C5510,DBCBB717595E8177601971C851198456EB4960DB,2020-09-25 04:58:36.049000,2020-09-25 04:58:37.166000
2ngsc5qhdrkycg66,failed,not_found,1041,461453F94FA0E3CBB011685E22CDAFD2AF0DFDC3,9638D8A46D8CBA79F8122D77E038ED99EBFDAEAD,92E807AC5E23CCD9FE623EA4DC020B1627A0D09B,8C94FAB733C8F1E6C1828946DB77699DD9AC63D7,2020-09-25 04:58:37.167000,2020-09-25 04:58:38.393000
2ngsc5qhdrkycg66,failed,not_found,1046,461453F94FA0E3CBB011685E22CDAFD2AF0DFDC3,14D57DEDF0A4554A2D21AD53CCCC43E31158C733,37DDF1906EE3DB96130A717EA54667C64DAC78DF,8C9E4277399C612C2032CD3C98C052F0D6EA4961,2020-09-25 04:58:38.393000,2020-09-25 04:58:38.813000
2ngsc5qhdrkycg66,,,,,,,DBD915F96E467C1BFBC17E6B03688897FA25E449,2020-09-25 04:58:38.814000,
rgdylpazhnkxt6mb,failed,not_found,1018,461453F94FA0E3CBB011685E22CDAFD2AF0DFDC3,E312A938D71045BE3A5C1FF3AB87CF7464194861,9F5068310818ED7C70B0BC4087AB55CB12CB4377,ED36124515F71E2E2401D70D9EFC3CAEB08D611B,2020-09-25 04:58:36.051000,2020-09-25 04:58:36.913000
rgdylpazhnkxt6mb,failed,not_found,1033,461453F94FA0E3CBB011685E22CDAFD2AF0DFDC3,8EE28EAF0874AF9B03EBBD79B5EB5059E2547355,8B6B10A0AED89408E509D4422EC926C89C7933D0,98F793C7320CE3C15A45353AFCC165747A40366D,2020-09-25 04:58:36.913000,2020-09-25 04:58:37.670000
rgdylpazhnkxt6mb,failed,not_found,1032,461453F94FA0E3CBB011685E22CDAFD2AF0DFDC3,6C251FA7F45E9DEDF5F69BA3D167F6BA736F49CD,3E53D3979DB07EFD736661C934A1DED14127B684,ED0BBC5BDDEB3EEF837B7F13BD8BB6AC64D084BB,2020-09-25 04:58:37.671000,2020-09-25 04:58:38.547000
rgdylpazhnkxt6mb,,,,,,,ED3ACBBB89C5F1597A44A65D2FA203BDB8E208F2,2020-09-25 04:58:38.548000,
jln3pbjp3r6f5bip,failed,not_found,1019,461453F94FA0E3CBB011685E22CDAFD2AF0DFDC3,4561FC085C3F3A7271FE960317F02DCD1E9C1188,648F30B3351F17EE9CE6EB1336C8AD3C6490F0F9,D08660B6D70B6249A57D89BB7A8F2EA2C952BD35,2020-09-25 04:58:36.051000,2020-09-25 04:58:37.915000
jln3pbjp3r6f5bip,failed,not_found,1045,461453F94FA0E3CBB011685E22CDAFD2AF0DFDC3,1B9C26C1DAB190EAD3EBADB70914E0949ADC2588,BE0F7333AC3F6D2AB76F3B930DD511337B573741,D079D6818926684C5979C18171FB18862A4A5792,2020-09-25 04:58:37.915000,2020-09-25 04:58:38.998000
jln3pbjp3r6f5bip,,,,,,,D076561769F5C93D628777E3E05D4633D783EB8E,2020-09-25 04:58:38.998000,
bkvqimxnmjyak4ar,failed,not_found,1036,461453F94FA0E3CBB011685E22CDAFD2AF0DFDC3,CE34F2DA5B7B419D9D126530DCE86EA87D6D13EE,AFF320BA96E4338B61A008D2CA250FFE0E23B09C,3C1D1FD51B04A8DF339E325386AAEC211F61563A,2020-09-25 04:58:37.046000,2020-09-25 04:58:37.970000
bkvqimxnmjyak4ar,,,,,,,3BFFFD2035BB388B2FDBF47F2E4BA58DD7AB7942,2020-09-25 04:58:37.970000,
eccmhizs3tzmkrwz,failed,not_found,1037,461453F94FA0E3CBB011685E22CDAFD2AF0DFDC3,C0CBBD17F848C8F9A49104A96DB498013B30F14F,DEF8C760A79FEF2358E03AE5A1950086ABEB953E,973607526BE9C8FDA03EBBAF527D67AE6FFD65DD,2020-09-25 04:58:37.075000,2020-09-25 04:58:38.478000
eccmhizs3tzmkrwz,,,,,,,C980254CCF8BC5187B4F1671DA6D00DF252B5451,2020-09-25 04:58:38.478000,
j4cjag3vu54zm4eu,failed,not_found,1038,461453F94FA0E3CBB011685E22CDAFD2AF0DFDC3,117359EDDFCF93AFEAB82AF76903B9BFD210E87F,79D110419709C4B3D1F92FC3CE121B5317DBE8B3,6E4DC86BC268306583E6C5640F11F17677663EDE,2020-09-25 04:58:37.076000,2020-09-25 04:58:38.213000
j4cjag3vu54zm4eu,,,,,,,6E8E5CA9B6F567416ADA21E990E7746BC223B0C0,2020-09-25 04:58:38.214000,
qkkrmtcaw7vnpogh,,,,,,,081C9DF6A615A300B382C004DFE2CC37B561C9A0,2020-09-25 04:58:38.143000,
5q5jxrtnwasbmt7r,,,,,,,E64625ED5B01A1F0E97BCF0B5D431A432A24F408,2020-09-25 04:58:38.167000,
kcpgz6yl2baudntn,,,,,,,EBDD9A8BC45D0543D0FDC93940EE06E56E749A99,2020-09-25 04:58:38.190000,
