addr,status,reason,circ,guard_fp,middle_fp,exit_fp,hsdir_fp,start,end
c5blsnkenvkl7dln,failed,not_found,6,F94A7BAC5D1E3D9372437141E10695A625B8B533,18EA6AFA3609A0B24752FBF411A2DAADE27DE129,58BC63142C881F88D08E071DEB63DBA09DE62141,F7026246823C6322921F3AB87537EBB020AB01E5,2020-09-26 22:52:52.396000,2020-09-26 22:52:53.717000
c5blsnkenvkl7dln,failed,not_found,13,F94A7BAC5D1E3D9372437141E10695A625B8B533,AB011ACDDE6D79F81A88CD9EB63E707D48AE8454,F6740DEABFD5F62612FA025A5079EA72846B1F67,81A1D777C023EBB1DEE9E7FA8735629BA8F7497C,2020-09-26 22:52:53.718000,2020-09-26 22:52:54.539000
c5blsnkenvkl7dln,failed,not_found,16,F94A7BAC5D1E3D9372437141E10695A625B8B533,901CBA6FF3B90618D3FFEFF040353C267F690DF8,A69221A7EC7498D2F88A0FB795261013FA36CAAE,F70B7C5CD72D74C7F9F2DC84FA9D20D51BA13610,2020-09-26 22:52:54.539000,2020-09-26 22:52:55.717000
c5blsnkenvkl7dln,failed,not_found,24,F94A7BAC5D1E3D9372437141E10695A625B8B533,F0364DBC2E4221405354433B65503E816D887C01,D87698D8E2276C7E93D531B7C2A1B27D58C71876,816E0058746B155EADD0EBD85C0465E3C778051F,2020-09-26 22:52:55.718000,2020-09-26 22:52:57.158000
c5blsnkenvkl7dln,failed,not_found,37,F94A7BAC5D1E3D9372437141E10695A625B8B533,CA0F5916F21477EAD36E53FD7A3D0EEA5FDA2FA6,912B7597346A74A44AD4B6068C645772B758DCB7,F703D459983875CE9CED6AF74788A597ED662674,2020-09-26 22:52:57.159000,2020-09-26 22:52:58.428000
c5blsnkenvkl7dln,failed,not_found,55,F94A7BAC5D1E3D9372437141E10695A625B8B533,75FE5236E67FFA4A44C1152C35EAB36360E4D7DF,A400CF836DA351ADDAD9BA350C1ABA350264A4E0,819C8AFEDAC733315A8F3DB80F043F13090C49F6,2020-09-26 22:52:58.428000,2020-09-26 22:52:59.228000
cu34vlv4r5gr5427,failed,not_found,,,,,418DADED4C5DED6454D4C86F64A6A853CF2F6643,2020-09-26 22:52:52.397000,2020-09-26 22:52:53.134000
cu34vlv4r5gr5427,failed,not_found,9,F94A7BAC5D1E3D9372437141E10695A625B8B533,F9674F45A25CAA977E7B872807E0A070C121F5FA,527826EF1856C0614DE01EB40A4B97C3F7DFC6A5,4169E219D6FFCF419A5F5DA6A66E0DC5782F8F8B,2020-09-26 22:52:53.134000,2020-09-26 22:52:54.840000
cu34vlv4r5gr5427,failed,not_found,19,F94A7BAC5D1E3D9372437141E10695A625B8B533,61B8BDC91AA7BC9A05EB5A3D652FFF88C98E6911,6014F7E9CF3AF9D8719A7FF751488633FC9C3FFA,7DDC2CE71506820746E1E4166977F1D58F6BBA6C,2020-09-26 22:52:54.841000,2020-09-26 22:52:56.132000
cu34vlv4r5gr5427,failed,not_found,27,F94A7BAC5D1E3D9372437141E10695A625B8B533,CDB98E2722C77F0EC0A7F5167A92DA70436E6871,1B9FACF25E17D26E307EA7CFA7D455B144B032E5,7DD29A65C370B86B5BE706EA3B1417745714C8AF,2020-09-26 22:52:56.132000,2020-09-26 22:52:57.061000
cu34vlv4r5gr5427,failed,not_found,36,F94A7BAC5D1E3D9372437141E10695A625B8B533,C2F653A5CEE30C8D5713FA4AE7F75E992A479196,9288B75B5FF8861EFF32A6BE8825CC38A4F9F8C2,7DC52AE6667A30536BA2383CD102CFC24F20AD71,2020-09-26 22:52:57.061000,2020-09-26 22:52:58.407000
cu34vlv4r5gr5427,failed,not_found,53,F94A7BAC5D1E3D9372437141E10695A625B8B533,42949C1EC1FEC5E30197E269FE7850CCA2FD0C0D,1CD48F4ED0F1821FFBF1940802A13EEFD4C27502,416445949D3EDA23283611E591725D9C3C8EE809,2020-09-26 22:52:58.408000,2020-09-26 22:52:59.501000
cflareusni3s7vwhq2f7gc4opsik7aa4t2ajedhzr42ez6uajaywh3qd,received,,,,,,5AD3FB658E490BAD9515F363374AA41D65D31A02,2020-09-26 22:52:52.403000,2020-09-26 22:52:52.869000
7s6rm2mcde4y4jys,failed,not_found,11,F94A7BAC5D1E3D9372437141E10695A625B8B533,539572FE3430A83E8F502052FC7E178E20A07EE0,F3F3F4900B87CF4A6B4A7F9402502FC457B7B1FC,8D9A9C216936DE16FE6CA7A33D7B520D73B7CC0B,2020-09-26 22:52:53.454000,2020-09-26 22:52:54.503000
7s6rm2mcde4y4jys,failed,not_found,15,F94A7BAC5D1E3D9372437141E10695A625B8B533,7145E72C955B5A8A2CDACA6C3953BC5ECD79E102,4CFE65E16DBE9D9ED0CFFBD9BEEEE4EAE50CD33F,C9B34ABF2C30DA56BD006B7B42610098072BEF4C,2020-09-26 22:52:54.503000,2020-09-26 22:52:55.848000
7s6rm2mcde4y4jys,failed,not_found,25,F94A7BAC5D1E3D9372437141E10695A625B8B533,1CD48F4ED0F1821FFBF1940802A13EEFD4C27502,277F5717A62B3A728C98B3168E484BC08B4997E3,C9B16B5D37F531C8C6C0281E4EC4F056E84541D0,2020-09-26 22:52:55.849000,2020-09-26 22:52:57.037000
7s6rm2mcde4y4jys,failed,not_found,35,F94A7BAC5D1E3D9372437141E10695A625B8B533,58F3E2956EABB81F673E2FB90E16E001DB4AC3AE,886647272B44A7B37751182ADC48053860FB2AE9,C9857DF26C27473F7338D613832C9C299ABF77BE,2020-09-26 22:52:57.038000,2020-09-26 22:52:57.975000
7s6rm2mcde4y4jys,failed,not_found,47,F94A7BAC5D1E3D9372437141E10695A625B8B533,96DCD1D17C1F0FA4DED207C148E54C0A55553076,E03E581AA42A211F69DC63608B1980F10AE52C26,8D9FCB3088031C52198E7D2344B9542E3D1B0810,2020-09-26 22:52:57.976000,2020-09-26 22:52:59.521000
7s6rm2mcde4y4jys,failed,not_found,63,F94A7BAC5D1E3D9372437141E10695A625B8B533,AC00AEBA1AE2A80CF4184C4362157BF91487B902,3FFDFB5A9A278C7C303745606DB5B68FC5B9FADF,8D8E090832FCAFEA083BA150DA6D154E365A590C,2020-09-26 22:52:59.522000,2020-09-26 22:53:00.433000
hv7vcsaqfk5vvc5i,failed,not_found,12,F94A7BAC5D1E3D9372437141E10695A625B8B533,6FF440DFB1D0697B942357D747900CC308DD57CC,E00DFD54DC165D5452FBD3530D30186DAD016A0C,24E544FE0746A937019FDA9433E728FE28040A4E,2020-09-26 22:52:53.463000,2020-09-26 22:52:54.502000
hv7vcsaqfk5vvc5i,failed,not_found,10,F94A7BAC5D1E3D9372437141E10695A625B8B533,A751D8BEE222564B7BA657F74B6658836FF1AEEA,0BD524A66A928A093AD1ADD79AD24C5DA6D805CE,FAB96E0069596CACADCF1FCBA2407FCE505ED06D,2020-09-26 22:52:54.502000,2020-09-26 22:52:55.138000
hv7vcsaqfk5vvc5i,failed,not_found,14,F94A7BAC5D1E3D9372437141E10695A625B8B533,58F3E2956EABB81F673E2FB90E16E001DB4AC3AE,762A03C056C10D8EDEEF52AC2949800EEC65E6C8,24D0491A2ADAAB52C17625FBC926D84477AEA322,2020-09-26 22:52:55.138000,2020-09-26 22:52:56.193000
hv7vcsaqfk5vvc5i,failed,not_found,29,F94A7BAC5D1E3D9372437141E10695A625B8B533,1CD48F4ED0F1821FFBF1940802A13EEFD4C27502,7B2904FE8AA12E45EA3D65658ED8CECA4A51F7F8,24D95498C0E3912DDF57AE8B3AF8AF9E25486315,2020-09-26 22:52:56.193000,2020-09-26 22:52:57.532000
hv7vcsaqfk5vvc5i,failed,not_found,45,F94A7BAC5D1E3D9372437141E10695A625B8B533,18671DE5092C67883BFB2450C3267B92618BEC66,90D43CF5541ECF57C1833FED33FFDFF239C4817C,FABCC633B0DEEE6FABEF3FA415A2B0038B2A5A00,2020-09-26 22:52:57.533000,2020-09-26 22:52:58.711000
hv7vcsaqfk5vvc5i,failed,not_found,58,F94A7BAC5D1E3D9372437141E10695A625B8B533,23A022058948867659E69A5282AC4E367B2ACFBD,F244C5F5DDE2F29CA1F88E4C9F9FACCC48BCA857,FAB9D513D90CEC46FB269B5E57597766C1DCD96E,2020-09-26 22:52:58.711000,2020-09-26 22:53:00.478000
7wirup2o4ndsg7ev,failed,not_found,17,F94A7BAC5D1E3D9372437141E10695A625B8B533,930106E732385FD01810AB243E7022C42639BC06,9B5ED3370E002AEBB2A9B25E3213C1817CCD2D88,DAA806E9529D77EF94685FC0E513386EF65B83F8,2020-09-26 22:52:54.683000,2020-09-26 22:52:55.597000
7wirup2o4ndsg7ev,failed,not_found,23,F94A7BAC5D1E3D9372437141E10695A625B8B533,F148A022E5E2BAD006E29C82C8D47C047A29958F,0085057C17BD2E1809E284825F06F94E72FB418C,06E93D74423FE856DE1EE6478F93BF2860BA6D2D,2020-09-26 22:52:55.598000,2020-09-26 22:52:56.719000
7wirup2o4ndsg7ev,failed,not_found,33,F94A7BAC5D1E3D9372437141E10695A625B8B533,D11217B44873FD7C879E541844B4C20B9A7E5CFB,63DE54637F349FD686CF1C036827B5BE826B9F7C,DAC825BBF05D678ABDEA1C3086E8D99CF0BBF112,2020-09-26 22:52:56.720000,2020-09-26 22:52:57.540000
7wirup2o4ndsg7ev,failed,not_found,46,F94A7BAC5D1E3D9372437141E10695A625B8B533,DE178E6E0E78159F4835EF33AB3CA416A8332847,96211F57FA0A399EC48D1972BA3F8EE6E4D6978C,DAC0FD4D1A6D18ABF95AF248935EC56F46E5A921,2020-09-26 22:52:57.541000,2020-09-26 22:53:00.314000
7wirup2o4ndsg7ev,failed,not_found,80,F94A7BAC5D1E3D9372437141E10695A625B8B533,270934A4F7B669AA387F2D475FBE793D03694547,41145C3169D810DB360FF2FCA232093B02C0B262,06D77E461C9814243DA2C6145544D5BB3B46B52E,2020-09-26 22:53:00.314000,2020-09-26 22:53:01.633000
7wirup2o4ndsg7ev,failed,not_found,90,F94A7BAC5D1E3D9372437141E10695A625B8B533,88CF8D42D49B7C8E9D03ABE5DAE7AF25E9902008,81E18725397D620DA548ABBE24D9CD263DEF2FDC,06E72526BBE040C51C5ADFBAA07ADD9AEB5E1FA1,2020-09-26 22:53:01.633000,2020-09-26 22:53:02.494000
d57poizooahcvvkw,failed,not_found,18,F94A7BAC5D1E3D9372437141E10695A625B8B533,CE47F0356D86CF0A1A2008D97623216D560FB0A8,787768FEF9FBFE2D9B8E0214019A7F9960D39206,EF4D8571D6569C67A3E97B356CBBEBC19473B34F,2020-09-26 22:52:54.691000,2020-09-26 22:52:55.807000
d57poizooahcvvkw,failed,not_found,22,F94A7BAC5D1E3D9372437141E10695A625B8B533,19D353B8AA0927DF82CB26E0396C57BE27C0ACC5,F1C8901A569F67638748D7BE97969541B3ECC59D,D907BCD0B9510C462EEB0688FD5421CD2E172B77,2020-09-26 22:52:55.807000,2020-09-26 22:52:56.132000
d57poizooahcvvkw,failed,not_found,28,F94A7BAC5D1E3D9372437141E10695A625B8B533,54DE63F4587058B79152A75A0238D7F7A0279215,59BC32EA48ED1D06A373856434C0C5C4D2D86603,D91F295BFAF865BF76DA0820485B6650DD832DC5,2020-09-26 22:52:56.133000,2020-09-26 22:52:56.924000
d57poizooahcvvkw,failed,not_found,34,F94A7BAC5D1E3D9372437141E10695A625B8B533,055E271A48AA082E6A9FE88EA58DB73A600CDF24,89AE5F96CB97919EF13B172E0E4E2CB50CC33F1A,EF51877D84CE07D5A4F98DF8B68128B0D15EE381,2020-09-26 22:52:56.924000,2020-09-26 22:52:58.506000
d57poizooahcvvkw,failed,not_found,56,F94A7BAC5D1E3D9372437141E10695A625B8B533,63BF46A63F9C21FD315CD061B3EAA3EB05283A0A,D60C2D85EAD93D23F1C00874D334BBF8A96CD529,D937890C0A73F83E42FEDE3CA8B1BA80A59A29C0,2020-09-26 22:52:58.506000,2020-09-26 22:52:59.752000
d57poizooahcvvkw,failed,not_found,67,F94A7BAC5D1E3D9372437141E10695A625B8B533,B576A394DFC12B7E900D643C900484765D58C30F,C72A5061DD5EB229CDF16BADA740943EEAEEFE51,EF6604B95A942F1C7AD807DF10F93B9E00C47A6B,2020-09-26 22:52:59.752000,2020-09-26 22:53:01.024000
pwuxqioh4glamesf,failed,not_found,20,F94A7BAC5D1E3D9372437141E10695A625B8B533,E46C3F0533709EE2112874B13A4FE3868B33E75E,8EE28EAF0874AF9B03EBBD79B5EB5059E2547355,B20FA6C1B2B0F7548EC8434A46F3611700C057BD,2020-09-26 22:52:55.298000,2020-09-26 22:52:56.880000
pwuxqioh4glamesf,failed,not_found,32,F94A7BAC5D1E3D9372437141E10695A625B8B533,1BB9F857B41ABFB3BE0570F8A86DDCFD198713A2,980B28A19B0A66948035A3FE143E5CF613C84122,B204DE75B37064EF6A4C6BAF955C5724578D0B32,2020-09-26 22:52:56.881000,2020-09-26 22:52:57.387000
pwuxqioh4glamesf,failed,not_found,43,F94A7BAC5D1E3D9372437141E10695A625B8B533,B15C0071EAF508AAEE29DB9D07607C84AA2DDEB3,9D5A63EE59AE2F8F6A45A3180B9E891CF70F38FB,B2002D5C75A0FAD8F33962614718F35CB672CC57,2020-09-26 22:52:57.387000,2020-09-26 22:52:58.289000
pwuxqioh4glamesf,failed,not_found,42,F94A7BAC5D1E3D9372437141E10695A625B8B533,6940247E04C839D268543E7F62566A91E40567E3,D08660B6D70B6249A57D89BB7A8F2EA2C952BD35,9B22542BA085F8ECCC8B6D0F8897B8DB1C6E6D65,2020-09-26 22:52:58.289000,2020-09-26 22:52:58.676000
pwuxqioh4glamesf,failed,not_found,57,F94A7BAC5D1E3D9372437141E10695A625B8B533,CB1CE5D58F07BCACBD06FBA82ED2359D5E8CE911,7B57933E29D520471D7E67AB48B06B62832828F9,9AED373BD9415E83BDCFC735FCA288178829459A,2020-09-26 22:52:58.677000,2020-09-26 22:52:59.719000
pwuxqioh4glamesf,failed,not_found,66,F94A7BAC5D1E3D9372437141E10695A625B8B533,7E65527BBA5AF598471999BB36734CA6FE389A8C,081C9DF6A615A300B382C004DFE2CC37B561C9A0,9B047A91AC809AA020A1F42E3E785DBCEBF3652F,2020-09-26 22:52:59.719000,2020-09-26 22:53:01.429000
2pxhovlyvqsh2lyf,failed,not_found,21,F94A7BAC5D1E3D9372437141E10695A625B8B533,59EA74708A9C1A24D2EB1A2F150C27119A5FC2A6,99339F3E68BCCC1391BF14C821D80766FE0C5956,861BCFDD148973985E7FE97C7455C9E4AC4E13BE,2020-09-26 22:52:55.305000,2020-09-26 22:52:56.033000
2pxhovlyvqsh2lyf,failed,not_found,26,F94A7BAC5D1E3D9372437141E10695A625B8B533,34133CC3192CF7538089B14511400DF21BA5A077,40CDE936B04B4573A47223396006443CA5EAC845,85FB52CF11DC1F7DB0CF16F5F2F5939AA7736A86,2020-09-26 22:52:56.033000,2020-09-26 22:52:57.499000
2pxhovlyvqsh2lyf,failed,not_found,44,F94A7BAC5D1E3D9372437141E10695A625B8B533,A2C6C931D8627C6605288970889DDB88C7BA2142,CDB2605D2BD28DA31CC91956E8BAD147B7DF8AF9,DD8F5A74DD375F1D6A798A1AB50116339FEBED01,2020-09-26 22:52:57.499000,2020-09-26 22:52:59.966000
2pxhovlyvqsh2lyf,failed,not_found,68,F94A7BAC5D1E3D9372437141E10695A625B8B533,EE7CD2A763435C7006095BD167C790ABE5BC4DEA,25B694EA95F825F156C5DAE5607B3375E86C0C4E,85ED839A03D10C46219609625D7FEAE59EDCCFDD,2020-09-26 22:52:59.966000,2020-09-26 22:53:00.954000
2pxhovlyvqsh2lyf,failed,not_found,78,F94A7BAC5D1E3D9372437141E10695A625B8B533,3BB71BAB173DBB4FB24B90843DBD50D8F70406EA,438E8C214576AF13480A550D45C116F43333C319,DD8BD7307017407FCC36F8D04A688F74A0774C02,2020-09-26 22:53:00.954000,2020-09-26 22:53:02.007000
2pxhovlyvqsh2lyf,failed,not_found,115,F94A7BAC5D1E3D9372437141E10695A625B8B533,4856C97DC4F2271BC896DF9CABD217EE2D869D68,69B53A5AE5025DA8947F7C32F69CA90375ED2A4E,DD823AFB415380A802DCAEB9461AE637604107FB,2020-09-26 22:53:02.008000,2020-09-26 22:53:05.225000
dwkcqovu6deeujuo,failed,not_found,30,F94A7BAC5D1E3D9372437141E10695A625B8B533,47C362713928A711FC105AF54993576E41CB1B7F,B143D439B72D239A419F8DCE07B8A8EB1B486FA7,CB19AC6FFAC13B4C1A143B423884EDEA4381ED2F,2020-09-26 22:52:56.314000,2020-09-26 22:52:57.224000
dwkcqovu6deeujuo,failed,not_found,39,F94A7BAC5D1E3D9372437141E10695A625B8B533,A33573C935B34CD07D988E774819DF0D30359F8B,44BD70C13DAA7513D6F47773804178B009F21ED5,48D934E776B739D38F9EAFDCFD85203C6A68A67B,2020-09-26 22:52:57.224000,2020-09-26 22:52:58.408000
dwkcqovu6deeujuo,failed,not_found,54,F94A7BAC5D1E3D9372437141E10695A625B8B533,84001E8A376A3B0B645EE6F807D072CC8D63EA09,55580D71B317A072F4A4DCF6EA4EDB015734AEE7,492FF91A6B43110681F7D5DD3B380E537699D3F1,2020-09-26 22:52:58.408000,2020-09-26 22:52:59.287000
dwkcqovu6deeujuo,failed,not_found,52,F94A7BAC5D1E3D9372437141E10695A625B8B533,128FC6D8FBF753121C5662FEE309CCD47B64BA6B,DA9E02BB8080E473157052F70439B7886AA8569D,48DE832F4BE6955B3F3F1F060310F3BFD7A7903E,2020-09-26 22:52:59.287000,2020-09-26 22:52:59.966000
dwkcqovu6deeujuo,failed,not_found,69,F94A7BAC5D1E3D9372437141E10695A625B8B533,181DC60C824EB562761FADADFFB7F1E18C19E96A,67738D287FBB686B0F6BF1221505BE17781D50DC,CB1EC403A7331FE26F218D178DF8908014CC4F65,2020-09-26 22:52:59.967000,2020-09-26 22:53:01.171000
dwkcqovu6deeujuo,failed,not_found,83,F94A7BAC5D1E3D9372437141E10695A625B8B533,63540827C4832D214984EA47B7A68C593F9F862F,891FB8477529A6B2894B7A3129402E0FD5DD281F,CB1CE5D58F07BCACBD06FBA82ED2359D5E8CE911,2020-09-26 22:53:01.172000,2020-09-26 22:53:02.008000
aq53iv6ufmo4lioj,failed,not_found,31,F94A7BAC5D1E3D9372437141E10695A625B8B533,0C3D5E19E3C75B505C8ACD26F89DCA2DF970553E,DBE82FA23B9FE3CB2462A6FCF5289DED3CBF4AEE,EEB8F7554A54A96B51245AB47EB7B7DD99A98493,2020-09-26 22:52:56.321000,2020-09-26 22:52:57.191000
aq53iv6ufmo4lioj,failed,not_found,38,F94A7BAC5D1E3D9372437141E10695A625B8B533,69122296D37FC7D338753E3EC19BC666A10566A1,17AE282EBAB37100B3C8757800E4FA61F11BD284,E013CC98CCC1E6AFDCFC9681A53DC2DEFE5D4CCC,2020-09-26 22:52:57.191000,2020-09-26 22:52:58.817000
aq53iv6ufmo4lioj,failed,not_found,59,F94A7BAC5D1E3D9372437141E10695A625B8B533,7DAC367AF33DBEFEDC684789490E213FD348BE36,F8D27B163B9247B232A2EEE68DD8B698695C28DE,E013D74009BC7D03CD4BAFAD011CFBB93C63563C,2020-09-26 22:52:58.818000,2020-09-26 22:52:59.522000
aq53iv6ufmo4lioj,failed,not_found,64,F94A7BAC5D1E3D9372437141E10695A625B8B533,7A6873B86D82BC8B4F0E790828626107820F7B9E,E1468D867FA3230EC1DACFCA87A800BAF22E79E0,EEA500A216DAA83E7815F2C46786652935FD7351,2020-09-26 22:52:59.522000,2020-09-26 22:53:00.334000
aq53iv6ufmo4lioj,failed,not_found,76,F94A7BAC5D1E3D9372437141E10695A625B8B533,C8BEF3DF07AF38B68DD0DA91B23B19EBD2C7667F,77DD258F0D58792E0DCBDAA0BC66A1DC5F8D84AD,E00DFD54DC165D5452FBD3530D30186DAD016A0C,2020-09-26 22:53:00.335000,2020-09-26 22:53:01.207000
aq53iv6ufmo4lioj,failed,not_found,84,F94A7BAC5D1E3D9372437141E10695A625B8B533,C79820F2B3485B259D408516462B700E99004872,1CD48F4ED0F1821FFBF1940802A13EEFD4C27502,EE9D3B42647A151A482C7C1D40AAF00D06F0804D,2020-09-26 22:53:01.207000,2020-09-26 22:53:01.977000
zixmcenus53jnxtu,failed,not_found,40,F94A7BAC5D1E3D9372437141E10695A625B8B533,40CDE936B04B4573A47223396006443CA5EAC845,F8DE8132E599A194E20DDB738AF64A7200CD5949,778F349E43942C0A07678E992C9B5AFD6D2180A1,2020-09-26 22:52:57.302000,2020-09-26 22:52:58.112000
zixmcenus53jnxtu,failed,not_found,48,F94A7BAC5D1E3D9372437141E10695A625B8B533,58F3E2956EABB81F673E2FB90E16E001DB4AC3AE,75FB9A4469199F251581061391214ACFDC682EF4,777B2DECD67C607D8857AD60E976EE3E1E8A52BF,2020-09-26 22:52:58.113000,2020-09-26 22:52:59.549000
zixmcenus53jnxtu,failed,not_found,65,F94A7BAC5D1E3D9372437141E10695A625B8B533,D079D6818926684C5979C18171FB18862A4A5792,F025EF03C1C48D31E98416DC91B2F2D2E8AF7523,5E184FEA02B7C54172BBC757636F501047CF9691,2020-09-26 22:52:59.549000,2020-09-26 22:53:00.774000
zixmcenus53jnxtu,failed,not_found,81,F94A7BAC5D1E3D9372437141E10695A625B8B533,F741E5124CB12700DA946B78C9B2DD175D6CD2A1,13F7EAE731CA4600951986921E08ECAB9B1D2AF6,5E16EF9247D192830EF696B554B5C633188FFE27,2020-09-26 22:53:00.774000,2020-09-26 22:53:01.825000
zixmcenus53jnxtu,failed,not_found,91,F94A7BAC5D1E3D9372437141E10695A625B8B533,C005F0CB30CD54CB45FF08ED151511A286B1B7CE,B1080EA61CAF5763139E7B596F37FE9830311C8F,77A56CB237740E24AEA2D61C8C8936232AFC1BD8,2020-09-26 22:53:01.825000,2020-09-26 22:53:02.769000
zixmcenus53jnxtu,failed,not_found,101,F94A7BAC5D1E3D9372437141E10695A625B8B533,EC4AD91674B5AFECCA117A396776F120651E55BF,42D47C736518BFA495CA31AEE40AE468F0BDA2A6,5E1207FC5BE02728D9D0B540384EB081B53987E6,2020-09-26 22:53:02.769000,2020-09-26 22:53:03.692000
jmzw7fakqxgsgchm,failed,not_found,41,F94A7BAC5D1E3D9372437141E10695A625B8B533,3CCF9573F59137E52787D9C322AC19D2BD090B70,A2E6BB5C391CD46B38C55B4329C35304540771F1,241F67E50CA7D5E522F94E28B5AB5ABE4F166616,2020-09-26 22:52:57.311000,2020-09-26 22:52:58.333000
jmzw7fakqxgsgchm,failed,not_found,51,F94A7BAC5D1E3D9372437141E10695A625B8B533,F0A3054C76604DC75D3F57F55C27F1BFB643F107,8404E8B8AAB98208FAEFB1727B637133AD9C6FAF,2422DD77A4797310F826B12483B0801F5EDF3519,2020-09-26 22:52:58.333000,2020-09-26 22:52:59.779000
jmzw7fakqxgsgchm,failed,not_found,62,F94A7BAC5D1E3D9372437141E10695A625B8B533,1C8B3C3D8BC705883B7799C915B2FE1E0FEB006F,E3D61BAEA0B7CB12CACEDC8821C520557BDFCEA3,DE5DB7401ACCF00A66E9BDFF76E4CA4A85CA2F95,2020-09-26 22:52:59.779000,2020-09-26 22:53:00.334000
jmzw7fakqxgsgchm,failed,not_found,127,F94A7BAC5D1E3D9372437141E10695A625B8B533,2E72CDAFA12AE1547795F9BAFF402FC16B653CE0,02758CD398E3F842EF82478078AAAE0273770DB2,DE72FEB474E8A3CC502CFC43621180EA9D462FE0,2020-09-26 22:53:00.334000,2020-09-26 22:53:06.843000
jmzw7fakqxgsgchm,failed,not_found,153,F94A7BAC5D1E3D9372437141E10695A625B8B533,733CB01BFBABADA6AC5C363C4449D7D563C794C1,D56A98D38FC3C75E0347EEF3DD9C12749AF7C7C5,24352D30196BEFE5BB29A50923F79A2804527611,2020-09-26 22:53:06.843000,2020-09-26 22:53:07.686000
jmzw7fakqxgsgchm,failed,not_found,165,F94A7BAC5D1E3D9372437141E10695A625B8B533,F37374DB9FA6EF14CED64FD294E8D8683F032EC8,1D81272219B679D511930499AD8286BCD8F6C445,DE74E8C4F3CF0FBBCB7E761BB3072050D1D4DD88,2020-09-26 22:53:07.687000,2020-09-26 22:53:09.176000
kcdptorbu46iimbt,failed,not_found,49,F94A7BAC5D1E3D9372437141E10695A625B8B533,62ABB016611D3DB3CC74A56C35D27A4C2D0E5C5F,C69D24F9353E16D85E82B4A9E4571DFAF6DCF531,6940247E04C839D268543E7F62566A91E40567E3,2020-09-26 22:52:58.301000,2020-09-26 22:53:00.631000
kcdptorbu46iimbt,failed,not_found,79,F94A7BAC5D1E3D9372437141E10695A625B8B533,44BD70C13DAA7513D6F47773804178B009F21ED5,856DAB2FDC9EED88A27BE2265FA6BD5489EF178E,F68A76522D356F89BEC286889A3822250567BE2E,2020-09-26 22:53:00.631000,2020-09-26 22:53:01.621000
kcdptorbu46iimbt,failed,not_found,89,F94A7BAC5D1E3D9372437141E10695A625B8B533,CE47F0356D86CF0A1A2008D97623216D560FB0A8,A8BFE1E65C6DC3C7A50F8DFA0BF57F0A118144A5,F68E7A04A2E0375B57BBC0D2794FCD95DDEBCA32,2020-09-26 22:53:01.621000,2020-09-26 22:53:03.628000
kcdptorbu46iimbt,failed,not_found,110,F94A7BAC5D1E3D9372437141E10695A625B8B533,158581827034DEF1BAB1FC248D180165452E53D3,425835370C1FBE178C21CB53C76672F12BDE091A,69398E3D1337AC6816E757516D3600A75C1EB3AE,2020-09-26 22:53:03.628000,2020-09-26 22:53:04.951000
kcdptorbu46iimbt,failed,not_found,126,F94A7BAC5D1E3D9372437141E10695A625B8B533,D64D25D465B9D145320E5A4A32BB45B53BFDA06F,352E99ED39D249358B1F65E773E6244033D5F4F5,69497036653189531207746B3D0E4ECB56888F3C,2020-09-26 22:53:04.952000,2020-09-26 22:53:07.367000
kcdptorbu46iimbt,failed,not_found,161,F94A7BAC5D1E3D9372437141E10695A625B8B533,B872BA6804C8C6E140AE1897B44CF32B42FD2397,E46C3F0533709EE2112874B13A4FE3868B33E75E,F6A358DD367B3282D6EF5824C9D45E1A19C7E815,2020-09-26 22:53:07.368000,2020-09-26 22:53:08.450000
ppwlvmy6255wote5,failed,not_found,50,F94A7BAC5D1E3D9372437141E10695A625B8B533,68FEC70D44E4E5B9A2E90B4B08AA2323164D72CB,0B19482AFB60C4C76BBB3DE510F1D52E3C612496,237F905E744850CFE3B5108C9112FDFCE8DC05D6,2020-09-26 22:52:58.311000,2020-09-26 22:53:00.334000
ppwlvmy6255wote5,failed,not_found,75,F94A7BAC5D1E3D9372437141E10695A625B8B533,88DF5D708E931C431902AAABEA981E7951E00085,D5C6F62A5D1B3C711CA5E6F9D3772A432E96F6C2,E9A90B9FF0574410695BA5F5C8354368221A7114,2020-09-26 22:53:00.334000,2020-09-26 22:53:01.976000
ppwlvmy6255wote5,failed,not_found,92,F94A7BAC5D1E3D9372437141E10695A625B8B533,F6CD4DBF5850AC4386DD9A424918AD3C6BA2716F,AF42BD51EEBA9329E110AA8D206FED316E1DA671,234D670EAA794F092F7BD758D5D2AA7F4E3FFBE3,2020-09-26 22:53:01.977000,2020-09-26 22:53:02.869000
ppwlvmy6255wote5,failed,not_found,100,F94A7BAC5D1E3D9372437141E10695A625B8B533,754CB99117E6ED570DFCFB7D9F12674B97A4E28E,1D361A2F1CAE4FDD5A85E13C168BE7075A100524,E9A6E1549300C3551071B71AC547E2568D9F7CEE,2020-09-26 22:53:02.869000,2020-09-26 22:53:03.603000
ppwlvmy6255wote5,failed,not_found,109,F94A7BAC5D1E3D9372437141E10695A625B8B533,2935E0F03B71BE44F6F265FEF976E810BAAD6F4E,7E44E0D39CE8666A98EA5DEBCBB8E12B3906410F,E9CA6548917DE6961B09B257D2AA803C8A5BC657,2020-09-26 22:53:03.603000,2020-09-26 22:53:05.472000
ppwlvmy6255wote5,failed,not_found,135,F94A7BAC5D1E3D9372437141E10695A625B8B533,C1BB67D3FBED68D4BAD400D1A49C5B79ECE3965E,EFCCA5852D18207A7A93C13EF3460458CAAEA9D9,235D3444236ABC28F412E93814F6B783200D4630,2020-09-26 22:53:05.472000,2020-09-26 22:53:06.338000
saj3xp5pryvhhqw7,failed,not_found,60,F94A7BAC5D1E3D9372437141E10695A625B8B533,F2D09EBC1F1BD97A7EEF896D015D6BB9C6874753,AE6A8C18E7499B586CD36246AC4BCAFFBBF93AB2,C7F47D16D262CFE1BFF707E8798B3CA014552423,2020-09-26 22:52:59.310000,2020-09-26 22:53:00.348000
saj3xp5pryvhhqw7,failed,not_found,119,F94A7BAC5D1E3D9372437141E10695A625B8B533,425835370C1FBE178C21CB53C76672F12BDE091A,41145C3169D810DB360FF2FCA232093B02C0B262,C804BE8FB1C7C42D43C4A5E2039E77AA0FF3A8B4,2020-09-26 22:53:00.348000,2020-09-26 22:53:05.342000
saj3xp5pryvhhqw7,failed,not_found,133,F94A7BAC5D1E3D9372437141E10695A625B8B533,CA6A1295456D14F8C78CE623EB779EF2C1CCC7F0,D965855F77A59FBBC5D1224DFB9C12A992355079,C841357CFA0F2CE96692EF21D515D6BF0B017036,2020-09-26 22:53:05.343000,2020-09-26 22:53:06.177000
saj3xp5pryvhhqw7,failed,not_found,142,F94A7BAC5D1E3D9372437141E10695A625B8B533,2DEF1C5F4529665BB08A593C65BAF6917E9D2081,8A59027657872BC7CB7A5F3E24EB3EAEE60467BB,C90CA3B7FE01A146B8268D56977DC4A2C024B9EA,2020-09-26 22:53:06.178000,2020-09-26 22:53:08.111000
saj3xp5pryvhhqw7,failed,not_found,224,F94A7BAC5D1E3D9372437141E10695A625B8B533,0C6D3655763B1A3A60FC42135CD60765AFE953BA,CD46CDD4643FA30AC10D17A3872B560B4E17F048,C91102131E6B9CECFC56C4A29ADA4E638D7872F7,2020-09-26 22:53:08.112000,2020-09-26 22:53:13.652000
saj3xp5pryvhhqw7,failed,not_found,236,F94A7BAC5D1E3D9372437141E10695A625B8B533,42B4F52C5B11E4D39855F654955425B0D5A0598B,A400CF836DA351ADDAD9BA350C1ABA350264A4E0,C92ECAF73512E2CCB15827A192B7AF3E9DBC896E,2020-09-26 22:53:13.653000,2020-09-26 22:53:14.748000
nqhunuaharbot2ua,failed,not_found,61,F94A7BAC5D1E3D9372437141E10695A625B8B533,A541C211909264081DC3A4F8E105F06139DDCD8B,4011E1BB0E5B9A22AF665B553BFFDDE22A517B16,F7B024DB02C601185C202E26DFFD2AD525C16A36,2020-09-26 22:52:59.326000,2020-09-26 22:53:00.135000
nqhunuaharbot2ua,failed,not_found,70,F94A7BAC5D1E3D9372437141E10695A625B8B533,79D110419709C4B3D1F92FC3CE121B5317DBE8B3,131FBC8A3D4B44DE9B258ADC58674082B1E06D2C,F7ACB36752F2D27A03800E505D1599F26C981B53,2020-09-26 22:53:00.136000,2020-09-26 22:53:01.001000
nqhunuaharbot2ua,failed,not_found,82,F94A7BAC5D1E3D9372437141E10695A625B8B533,6D6EC2A2E2ED8BFF2D4834F8D669D82FC2A9FA8D,91E7CA6B8D0AAD77C7CFB8FEA25BF4F46DA1042A,645C3F0545E0975A49F69EC272C0C3EA28586825,2020-09-26 22:53:01.001000,2020-09-26 22:53:01.777000
nqhunuaharbot2ua,failed,not_found,87,F94A7BAC5D1E3D9372437141E10695A625B8B533,E81993EA52B73285CFFD02FEC003569D21483001,C1335B1DB938644FCD54EE744D91354F94EDD1BC,644DECC5A1879C0FE23DE927DD7049F58BBDF349,2020-09-26 22:53:01.777000,2020-09-26 22:53:02.375000
nqhunuaharbot2ua,failed,not_found,99,F94A7BAC5D1E3D9372437141E10695A625B8B533,39BC283D9734073A13BE346ACD4091C0FA505CA4,EC4AD91674B5AFECCA117A396776F120651E55BF,645DE9BF7A2E858F8A6B45F1F530371176D0238A,2020-09-26 22:53:02.375000,2020-09-26 22:53:03.403000
nqhunuaharbot2ua,failed,not_found,108,F94A7BAC5D1E3D9372437141E10695A625B8B533,4E98AA295B7171996D18DD1F6A19F64AB4036B4A,9AD3DB628164C1E3D77D9DF9D79327B3DF4260FA,F7CF05913E1B573D770185CABF7301AEFFD2A939,2020-09-26 22:53:03.403000,2020-09-26 22:53:04.544000
lyycx7ocj4yviczj,failed,not_found,71,F94A7BAC5D1E3D9372437141E10695A625B8B533,7992F172EDBE69B99F0190651BAC14DD0FD9E5C8,D30E9D4D639068611D6D96861C95C2099140B805,5A2C2BF25864F185AA91D2915943525609AC7F13,2020-09-26 22:53:00.298000,2020-09-26 22:53:04.754000
lyycx7ocj4yviczj,failed,not_found,124,F94A7BAC5D1E3D9372437141E10695A625B8B533,3B5C6ED2C1DECEB32BF1AD9B7B272F4CE9CE0656,D7829A21726220AF77401BE5B2B132963A0BE82B,99B2CBF6EFD80ACD303E8089656668EF236015CD,2020-09-26 22:53:04.755000,2020-09-26 22:53:05.707000
lyycx7ocj4yviczj,failed,not_found,138,F94A7BAC5D1E3D9372437141E10695A625B8B533,3F065BB0B02FB2303E144383D16C47A7DED75AE7,35DA04A92634AF2392CBA6AF158E00B5589A1CFA,998A0704E0AA4F373A7CEA51628E895320EC2EDB,2020-09-26 22:53:05.707000,2020-09-26 22:53:06.980000
lyycx7ocj4yviczj,failed,not_found,156,F94A7BAC5D1E3D9372437141E10695A625B8B533,0ED0EA324C931CF41CB5272BFB1D015B3D5772A9,E5CC91BAFE7CCD68003E873D32E38027638D49D7,5A49AB08F68AA087CD7E18299CC56577D8A07747,2020-09-26 22:53:06.980000,2020-09-26 22:53:07.902000
lyycx7ocj4yviczj,failed,not_found,168,F94A7BAC5D1E3D9372437141E10695A625B8B533,55F7F56D58C8C40A9A9DF3D508C1F26A04DE360C,E76E2BC2FC9273BFBA38947EB5572076270D49D5,5A224EFAC453F7EF2D0435E336890DECDC5CEBFD,2020-09-26 22:53:07.903000,2020-09-26 22:53:09.407000
lyycx7ocj4yviczj,failed,not_found,187,F94A7BAC5D1E3D9372437141E10695A625B8B533,3D5D6178C44537E3692853B344385F6572A55767,CDAF0B74C45FD5B1955198A8D92C8A518A53D07B,99963DE580F921AA1681EF2EACD536A7AE552981,2020-09-26 22:53:09.407000,2020-09-26 22:53:10.591000
cbnioutijzb66rjl,failed,not_found,72,F94A7BAC5D1E3D9372437141E10695A625B8B533,D80EA21626BFAE8044E4037FE765252E157E3586,987D0706D42070F1E2142A9FCCB56B3887808D34,81A1D777C023EBB1DEE9E7FA8735629BA8F7497C,2020-09-26 22:53:00.304000,2020-09-26 22:53:01.430000
cbnioutijzb66rjl,failed,not_found,88,F94A7BAC5D1E3D9372437141E10695A625B8B533,D5C6F62A5D1B3C711CA5E6F9D3772A432E96F6C2,7BE4752877553A96CD4035D0C526BCD09E81CC64,628732744F45C7C24B94E1E6221545E04BDF48E2,2020-09-26 22:53:01.430000,2020-09-26 22:53:02.143000
cbnioutijzb66rjl,failed,not_found,94,F94A7BAC5D1E3D9372437141E10695A625B8B533,39CF2F22E5018C01FD57DEB1AB8FDFA4592633FB,901CBA6FF3B90618D3FFEFF040353C267F690DF8,819C8AFEDAC733315A8F3DB80F043F13090C49F6,2020-09-26 22:53:02.144000,2020-09-26 22:53:02.958000
cbnioutijzb66rjl,failed,not_found,102,F94A7BAC5D1E3D9372437141E10695A625B8B533,96211F57FA0A399EC48D1972BA3F8EE6E4D6978C,1E03D81C9744DE0E3C9DE6E6FBDF1DF9DAEA5AFC,816E0058746B155EADD0EBD85C0465E3C778051F,2020-09-26 22:53:02.959000,2020-09-26 22:53:04.219000
cbnioutijzb66rjl,failed,not_found,114,F94A7BAC5D1E3D9372437141E10695A625B8B533,0C6D3655763B1A3A60FC42135CD60765AFE953BA,DB7564CC6C0A38B40BAE93755884B9B01165BE06,629DE11D15B760521E1391B2D0722698FDC103DF,2020-09-26 22:53:04.219000,2020-09-26 22:53:05.088000
cbnioutijzb66rjl,failed,not_found,130,F94A7BAC5D1E3D9372437141E10695A625B8B533,36EFABA1FFE1D0246B36C141F9226F4F09B8951C,AE6A8C18E7499B586CD36246AC4BCAFFBBF93AB2,6290A2D08E5EB89C809223C5C7BF52597690751D,2020-09-26 22:53:05.088000,2020-09-26 22:53:06.486000
3iu4f6nrn6wclexc,failed,not_found,85,F94A7BAC5D1E3D9372437141E10695A625B8B533,CC605FEC74F20D49995D8FAAFF7365954233B85D,AFF320BA96E4338B61A008D2CA250FFE0E23B09C,3E3CC8B83A16462C4529564D25C665E6B07B181A,2020-09-26 22:53:01.301000,2020-09-26 22:53:02.329000
3iu4f6nrn6wclexc,failed,not_found,97,F94A7BAC5D1E3D9372437141E10695A625B8B533,6DA5D1B9B239501838E19CC0ACBAFAE737AEEC5B,3FEBFB6A491D30CACC2C2995EDB41717A6F94E95,3E50CBCA98A20F637BC4551FD4F132D062DB9A51,2020-09-26 22:53:02.329000,2020-09-26 22:53:03.131000
3iu4f6nrn6wclexc,failed,not_found,103,F94A7BAC5D1E3D9372437141E10695A625B8B533,0C93559D6D7E95B41561424345B0B176FBE66F00,BF37445EA2A9F3D04F4B87DFAC624AEF21B559D5,3E3CBA3F2870CE76A41D3E97A8D838AA703586E3,2020-09-26 22:53:03.131000,2020-09-26 22:53:04.069000
3iu4f6nrn6wclexc,failed,not_found,113,F94A7BAC5D1E3D9372437141E10695A625B8B533,EA3616A0B9BBBDC74121D8D6F01EABDDCF6BE35D,3A27CC4147062E4EFDF46F848FEA7FF032A04E5F,54DE63F4587058B79152A75A0238D7F7A0279215,2020-09-26 22:53:04.070000,2020-09-26 22:53:05.079000
3iu4f6nrn6wclexc,failed,not_found,129,F94A7BAC5D1E3D9372437141E10695A625B8B533,96E0D19D735D47039844EA83372183BB606F87B4,3FE1AA163445DC0E0677B5227F507907C4872A30,54F5D800DD9783FCF2200E80EF3D1A867A3F6D6B,2020-09-26 22:53:05.079000,2020-09-26 22:53:06.446000
3iu4f6nrn6wclexc,failed,not_found,149,F94A7BAC5D1E3D9372437141E10695A625B8B533,A1DEB529DE86E7CABC3212778374933D68FB7F2F,331452F317390D3C78BCD759170699E55C5570C9,54FF87E18CF4B351BB078A640A4DC5265969485E,2020-09-26 22:53:06.447000,2020-09-26 22:53:07.184000
jxti35wtxyconovk,failed,not_found,86,F94A7BAC5D1E3D9372437141E10695A625B8B533,CF6A6080091BB210AA3892FEFE2F6A396DA08DF3,9ECF0C8EEA5C07DE54A346EDB371B48845A3FD0F,870E97E5846D8308EA469A5BB5A50D2838503DBE,2020-09-26 22:53:01.309000,2020-09-26 22:53:02.374000
jxti35wtxyconovk,failed,not_found,98,F94A7BAC5D1E3D9372437141E10695A625B8B533,855BC2DABE24C861CD887DB9B2E950424B49FC34,F1A7CE1B1D558DC24E39B6B30FF217ECCEECF141,2D63EC24CB7CA7ACFBC1439752A54A916195067D,2020-09-26 22:53:02.375000,2020-09-26 22:53:03.804000
jxti35wtxyconovk,failed,not_found,112,F94A7BAC5D1E3D9372437141E10695A625B8B533,B42C797CC8CD63C60FB643E820A11D113DF4F5C8,EEFFC0D532AB63BB3E9CAEADA822971F6D3AE8D6,2D531C17827E0054DF612F26EEAAE51220CFE799,2020-09-26 22:53:03.805000,2020-09-26 22:53:04.721000
jxti35wtxyconovk,failed,not_found,123,F94A7BAC5D1E3D9372437141E10695A625B8B533,24352D30196BEFE5BB29A50923F79A2804527611,B05B3AB0159238FB7AEB1BF08A406D6F31A45ADF,872B18761953254914F77C71846E8A2623C52591,2020-09-26 22:53:04.721000,2020-09-26 22:53:05.570000
jxti35wtxyconovk,failed,not_found,136,F94A7BAC5D1E3D9372437141E10695A625B8B533,61F3A840F61EEFFF682C6243534ECEB09ADFE3B3,9CFA49D7F6C1774FFECC12AD3F3E59BD781285EF,86FBA753C8D25653E086B98FFF8AA084F862DB67,2020-09-26 22:53:05.570000,2020-09-26 22:53:06.793000
jxti35wtxyconovk,failed,not_found,148,F94A7BAC5D1E3D9372437141E10695A625B8B533,D1B1A550FEE3A05E71CA9080D14CCA3B746C0C17,D16162311822511464E9C6CE2FC62E48A0548B26,2D418A89F79DB4A8E658BA549FBB974D1D22DD1A,2020-09-26 22:53:06.794000,2020-09-26 22:53:07.250000
56yv5ztmrnohg2mt,failed,not_found,95,F94A7BAC5D1E3D9372437141E10695A625B8B533,42949C1EC1FEC5E30197E269FE7850CCA2FD0C0D,F10BDE279AE71515DDCCCC61DC19AC8765F8A3CC,FB016E16B8CD7A0E53DEEF31ED8754E4F6B8E837,2020-09-26 22:53:02.306000,2020-09-26 22:53:03.131000
56yv5ztmrnohg2mt,failed,not_found,104,F94A7BAC5D1E3D9372437141E10695A625B8B533,92BBADCB0697F5EB1792C607EE2DC1C291A98ADC,AC61D1722091F2FC4760776AF2C230D9DC679C03,288DA2F27E30BC73FC8A84367696C9DF6B4C1B90,2020-09-26 22:53:03.131000,2020-09-26 22:53:04.025000
56yv5ztmrnohg2mt,failed,not_found,107,F94A7BAC5D1E3D9372437141E10695A625B8B533,36414078C521BA19168260F6DF23C97995976289,FA32998AF5628483D8E7B7BB0A4641D33A206A28,FAF3236D37B0B18D8438C46317940F642E296924,2020-09-26 22:53:04.025000,2020-09-26 22:53:04.816000
56yv5ztmrnohg2mt,failed,not_found,125,F94A7BAC5D1E3D9372437141E10695A625B8B533,0B58A95E539FFA6C05C010F5C1DA35FB8038E3A8,C49A177510CAA653DA6727BF0E07FB7F56A0F09D,287E1041DFC3A03E1650A61ADF580EA1C6BF3649,2020-09-26 22:53:04.816000,2020-09-26 22:53:06.193000
56yv5ztmrnohg2mt,failed,not_found,143,F94A7BAC5D1E3D9372437141E10695A625B8B533,66BD39FE805AED414ADE400CAAD862C9CC3AC34E,16FD7E5D67B7054EE4E7FDDF04AFB48216CA640A,FAF09B35EB9B890C44C36392100C52B7F2326DD4,2020-09-26 22:53:06.194000,2020-09-26 22:53:06.906000
56yv5ztmrnohg2mt,failed,not_found,155,F94A7BAC5D1E3D9372437141E10695A625B8B533,4E737BBFCCBE45A923CE82577E99DCFFABC5BFF4,C3263F4B4E92127B7CD15E8F9746B4382233424A,288D7A8EA471B5D9635B6A8AC081764E3CD39798,2020-09-26 22:53:06.906000,2020-09-26 22:53:07.728000
om5gyi6afi5cedpf,failed,not_found,96,F94A7BAC5D1E3D9372437141E10695A625B8B533,7158836DCC91AAA4FAA293FFF0F645DCD0D4EFF9,52026565263963A4DA7C0A737E43850951405CDB,59680308004ED32F04E1C56AB9C68B14CC7B5B7C,2020-09-26 22:53:02.318000,2020-09-26 22:53:03.664000
om5gyi6afi5cedpf,failed,not_found,111,F94A7BAC5D1E3D9372437141E10695A625B8B533,EC4AD91674B5AFECCA117A396776F120651E55BF,24D0491A2ADAAB52C17625FBC926D84477AEA322,5974B3F4C66D83BBC9622E0F0F023FE48428DB9B,2020-09-26 22:53:03.665000,2020-09-26 22:53:05.064000
om5gyi6afi5cedpf,failed,not_found,128,F94A7BAC5D1E3D9372437141E10695A625B8B533,82ED9AEC94184EC6DD299A5CDB3378B04BB17489,A6C983C2F7EEADD55CE9169E540EBD95423FC260,594193E51F382E34080D76B5ECAF5C7B67CF05EF,2020-09-26 22:53:05.065000,2020-09-26 22:53:05.907000
om5gyi6afi5cedpf,failed,not_found,139,F94A7BAC5D1E3D9372437141E10695A625B8B533,7A2A6F39F485C4FC95FB885FFF37C436FD2BB7E5,69BE1831EC63C751D241E5E962DA4793355A6253,CD97DD0842A79184A7D057ECACEF7408C239C710,2020-09-26 22:53:05.907000,2020-09-26 22:53:06.684000
om5gyi6afi5cedpf,failed,not_found,152,F94A7BAC5D1E3D9372437141E10695A625B8B533,6245DC873D6F613C795D48663D65BD8A2266CAF6,2BA2C8E96B2590E1072AECE2BDB5C48921BF8510,CD98A4B9F50D189177D4F8839FFA729B525DF121,2020-09-26 22:53:06.684000,2020-09-26 22:53:07.756000
om5gyi6afi5cedpf,failed,not_found,166,F94A7BAC5D1E3D9372437141E10695A625B8B533,0FE31E8B143BCA123905993356D1DE49C715E455,41145C3169D810DB360FF2FCA232093B02C0B262,CD9549ED5A655BA47427A77835C55FF00EC1DA23,2020-09-26 22:53:07.756000,2020-09-26 22:53:08.515000
xxpqm73obhdt3p5c,failed,not_found,105,F94A7BAC5D1E3D9372437141E10695A625B8B533,7A3E534C033E3836BD5AF223B642853C502AB33A,94318CC2299A3826D81899EB23C25A2B7D6B1FFE,4F500157ABF70A1A94636D268A742A8B227B8BFD,2020-09-26 22:53:03.309000,2020-09-26 22:53:04.432000
xxpqm73obhdt3p5c,failed,not_found,121,F94A7BAC5D1E3D9372437141E10695A625B8B533,7F04E089C6BED83E04FB2AE196BDE34B808094F5,C49A177510CAA653DA6727BF0E07FB7F56A0F09D,4F3056E9D4BAC38EC2100063745221553630ECCB,2020-09-26 22:53:04.433000,2020-09-26 22:53:06.157000
xxpqm73obhdt3p5c,failed,not_found,140,F94A7BAC5D1E3D9372437141E10695A625B8B533,316DE45EFFB53671C9FD53CE0992952846709A29,B0F17A56FA8686CCB33D3F302FC40F06F463B4AE,D5C6F62A5D1B3C711CA5E6F9D3772A432E96F6C2,2020-09-26 22:53:06.158000,2020-09-26 22:53:06.906000
xxpqm73obhdt3p5c,failed,not_found,154,F94A7BAC5D1E3D9372437141E10695A625B8B533,6B9D83843DBD686DBB8066989BFCC90303F67B05,14D57DEDF0A4554A2D21AD53CCCC43E31158C733,4F3DD9A650FE79F5427A6A6B792E3619F5D14FC9,2020-09-26 22:53:06.906000,2020-09-26 22:53:07.902000
xxpqm73obhdt3p5c,failed,not_found,167,F94A7BAC5D1E3D9372437141E10695A625B8B533,BFB14B9ADF1F19E59258CAE7FCDBAAC9937B7B10,A2C6C931D8627C6605288970889DDB88C7BA2142,D5D8C31E1F845B46564B112233EECFB539060915,2020-09-26 22:53:07.902000,2020-09-26 22:53:08.672000
xxpqm73obhdt3p5c,failed,not_found,179,F94A7BAC5D1E3D9372437141E10695A625B8B533,86CDD0D92AB972538416A382D99666736CDDF141,393046812C24A855F669A80F8D8C38789D41EAC8,D5C01B85FB3A48D55698CA660A2DE8935388816E,2020-09-26 22:53:08.672000,2020-09-26 22:53:09.520000
2655poa6ugxdifsd,failed,not_found,106,F94A7BAC5D1E3D9372437141E10695A625B8B533,E459E02374D0385D2E2515CBBE707EA208966BCF,9E1E4F5B5F94812D02C4D18CB4086CE71CA5C614,2CCCE975EAA30BC303DE0B5FCE50A25917F6A531,2020-09-26 22:53:03.321000,2020-09-26 22:53:04.648000
2655poa6ugxdifsd,failed,not_found,122,F94A7BAC5D1E3D9372437141E10695A625B8B533,73CC65219889443C06E06A0B6D427B1FE1C37379,44354E35E9F7F97AF27686D03B0D591686E35394,2CC941573AE68528BE731B758BCABBE0CE62F231,2020-09-26 22:53:04.649000,2020-09-26 22:53:05.906000
2655poa6ugxdifsd,failed,not_found,134,F94A7BAC5D1E3D9372437141E10695A625B8B533,A3AFBDEE30238E44899C9F8B7666D12B09C8EE32,E1468D867FA3230EC1DACFCA87A800BAF22E79E0,648F30B3351F17EE9CE6EB1336C8AD3C6490F0F9,2020-09-26 22:53:05.907000,2020-09-26 22:53:06.481000
2655poa6ugxdifsd,failed,not_found,150,F94A7BAC5D1E3D9372437141E10695A625B8B533,3FE39429CB7077BBB13D2774591A1B80EE493742,F6740DEABFD5F62612FA025A5079EA72846B1F67,648E97719EDEC4F0E08F1CEB8D24F2C8F587344C,2020-09-26 22:53:06.482000,2020-09-26 22:53:07.350000
2655poa6ugxdifsd,failed,not_found,160,F94A7BAC5D1E3D9372437141E10695A625B8B533,9A48EC8AAFB2E8C9E20408596383DB74F1196747,C50CF85CBE0A327E32EE7A001161C47BBB38CE76,648F20B54CF719E6D02FAA07A8DA6CA1C7EEFEEE,2020-09-26 22:53:07.350000,2020-09-26 22:53:08.752000
2655poa6ugxdifsd,failed,not_found,175,F94A7BAC5D1E3D9372437141E10695A625B8B533,879370F54AA1162ED85783996CAA963E642B3056,96CFE178A1D12489D9D59A0CAE17FE86F5A3A79F,2CD317C624803B77EAD32C96382884B0CAD4DB3F,2020-09-26 22:53:08.752000,2020-09-26 22:53:09.406000
qv2atvh4kcgb7kz3,failed,not_found,116,F94A7BAC5D1E3D9372437141E10695A625B8B533,EE7CD2A763435C7006095BD167C790ABE5BC4DEA,BACB47406A231AB60EC33D1ED5081C603B209655,86F2828CB4B0875515607F4E2097951542B713EF,2020-09-26 22:53:04.313000,2020-09-26 22:53:05.182000
qv2atvh4kcgb7kz3,failed,not_found,120,F94A7BAC5D1E3D9372437141E10695A625B8B533,6B13A4EC169E4FB0F3141E1AE4307966569FA47C,01E19A812AF0A4C9584931CD6DC3EC07CEEE3A23,86D924EDE1498B4E1DD08D2260F3E9FE454012E1,2020-09-26 22:53:05.182000,2020-09-26 22:53:06.194000
qv2atvh4kcgb7kz3,failed,not_found,144,F94A7BAC5D1E3D9372437141E10695A625B8B533,99339F3E68BCCC1391BF14C821D80766FE0C5956,0B85617241252517E8ECF2CFC7F4C1A32DCD153F,D079D6818926684C5979C18171FB18862A4A5792,2020-09-26 22:53:06.194000,2020-09-26 22:53:09.608000
qv2atvh4kcgb7kz3,failed,not_found,191,F94A7BAC5D1E3D9372437141E10695A625B8B533,798A57B4E129699A521A03E7F72BC0FDEC31F4D6,25E078CD1E537A7418318168F7E1990EF2A160C8,D0681DAAABC320310B8616951D6C19F69F778A6F,2020-09-26 22:53:09.609000,2020-09-26 22:53:10.702000
qv2atvh4kcgb7kz3,failed,not_found,203,F94A7BAC5D1E3D9372437141E10695A625B8B533,7961C9991F022C8A363FD440CA395D47DB5D44D5,A2C6C931D8627C6605288970889DDB88C7BA2142,D076561769F5C93D628777E3E05D4633D783EB8E,2020-09-26 22:53:10.703000,2020-09-26 22:53:11.615000
qv2atvh4kcgb7kz3,failed,not_found,217,F94A7BAC5D1E3D9372437141E10695A625B8B533,AFF320BA96E4338B61A008D2CA250FFE0E23B09C,3BB035514F8246AC367B5370F4FE120BB11D8C6D,86FBA753C8D25653E086B98FFF8AA084F862DB67,2020-09-26 22:53:11.615000,2020-09-26 22:53:12.590000
axbpknr4joclk3s6,failed,not_found,118,F94A7BAC5D1E3D9372437141E10695A625B8B533,72A33E374DE5AD1E617394896F0FD8B092D3E7C4,EE010EF80A27AC0B02CDC2B8B214A6201BB02D2B,3FA93D41E9A7C4C47B77C0D7F617999B6D5D0B62,2020-09-26 22:53:04.329000,2020-09-26 22:53:05.687000
axbpknr4joclk3s6,failed,not_found,137,F94A7BAC5D1E3D9372437141E10695A625B8B533,8CCED391D2E1B6ED1E78769FBDCFB70E5C91849D,8B64F593CAC2ED05C0FA703AEF50FF71925B569C,6FB20BB05A841CDDB308E85A4D117FCFC911F5EA,2020-09-26 22:53:05.688000,2020-09-26 22:53:06.547000
axbpknr4joclk3s6,failed,not_found,151,F94A7BAC5D1E3D9372437141E10695A625B8B533,63540827C4832D214984EA47B7A68C593F9F862F,980B28A19B0A66948035A3FE143E5CF613C84122,3FA04DAFB39C8C2D3BB3568C4B7F84194691D9CB,2020-09-26 22:53:06.547000,2020-09-26 22:53:07.913000
axbpknr4joclk3s6,failed,not_found,169,F94A7BAC5D1E3D9372437141E10695A625B8B533,427E5C8ADC43B09582DDDA80EA8EDFBD05DF5003,FC27B667CEDF304E355B753C13C6B1130A1A165C,3FE39429CB7077BBB13D2774591A1B80EE493742,2020-09-26 22:53:07.914000,2020-09-26 22:53:08.732000
axbpknr4joclk3s6,failed,not_found,180,F94A7BAC5D1E3D9372437141E10695A625B8B533,72A33E374DE5AD1E617394896F0FD8B092D3E7C4,09F3067452D8D1DAFD33D0524A41DBF5295D3472,6FB41ED1D68FCC399DCE81600CE30360DCFFE263,2020-09-26 22:53:08.732000,2020-09-26 22:53:09.794000
axbpknr4joclk3s6,failed,not_found,188,F94A7BAC5D1E3D9372437141E10695A625B8B533,C25E5C62897BACBA309571C2548084B45050FEDF,157CED138D3DE9CBFB5AE0232A319C2980F6C409,6FC8D3B152054906417CB1EE0642265747C7F689,2020-09-26 22:53:09.795000,2020-09-26 22:53:10.383000
hkgasq2aucwfbfjq,failed,not_found,131,F94A7BAC5D1E3D9372437141E10695A625B8B533,3FE39429CB7077BBB13D2774591A1B80EE493742,2779DB3B7A0EEC32F39792E393CAA134847BBF6C,A06B527FE05AF6EA0CDF52A43CD4D8C2F0F4862D,2020-09-26 22:53:05.311000,2020-09-26 22:53:06.158000
hkgasq2aucwfbfjq,failed,not_found,141,F94A7BAC5D1E3D9372437141E10695A625B8B533,CB2DBDB2D9422D57AD85148EF9511AF4CE4D6052,E3B0739EEFFF0DE4203BBE8563F2A1C89D410347,ECD94479A8FF508929444C71B97E667222B7557F,2020-09-26 22:53:06.158000,2020-09-26 22:53:07.563000
hkgasq2aucwfbfjq,failed,not_found,164,F94A7BAC5D1E3D9372437141E10695A625B8B533,0ABB63CC809DE89A0A71A9BA8751C4AB5C2DC3C3,8AFFEAE2A917D35C4E98395F5F3BDC3A55472632,ECD596275BBD4B19157001E84C5726DB44783DA5,2020-09-26 22:53:07.563000,2020-09-26 22:53:09.405000
hkgasq2aucwfbfjq,failed,not_found,184,F94A7BAC5D1E3D9372437141E10695A625B8B533,2AE2CA4BD2B7754F29432C25E03314D52AC4CAF1,222FA78B2583F7960AB7BBBD06438BBDFAD33BB4,ECF1B53C3096AD1E75C1995F575F490B0F61AA97,2020-09-26 22:53:09.406000,2020-09-26 22:53:10.380000
hkgasq2aucwfbfjq,failed,not_found,199,F94A7BAC5D1E3D9372437141E10695A625B8B533,6E4B0D429CD87AB6C25D72E298294C583FF8BA4A,0B25110BA3473A6DC04AB58A3A0D5E4D6922A0E0,A024E420DD146541D5D7F6CFEB554C3A64F985EE,2020-09-26 22:53:10.381000,2020-09-26 22:53:11.195000
hkgasq2aucwfbfjq,failed,not_found,205,F94A7BAC5D1E3D9372437141E10695A625B8B533,2DE7F6294336C47C0BDF8F10856F548348B2FB63,FB9D9128C8F3360FDF0507754C125980654E9E17,A066E7983758C7CC0097E16ACF4F7B71BAFA44E9,2020-09-26 22:53:11.195000,2020-09-26 22:53:12.489000
iq4kbydqkdujjm6w,failed,not_found,132,F94A7BAC5D1E3D9372437141E10695A625B8B533,A2C6C931D8627C6605288970889DDB88C7BA2142,7DAC367AF33DBEFEDC684789490E213FD348BE36,931C16E83DE366852072912C77563112D1B2B1E6,2020-09-26 22:53:05.326000,2020-09-26 22:53:06.313000
iq4kbydqkdujjm6w,failed,not_found,146,F94A7BAC5D1E3D9372437141E10695A625B8B533,EFE48A6A2A02B68D1767C13B9646FA62EA8310B2,FD449127D30D8F5D124653D9EF736EDF4A12B4DC,00C22D3BC1822EB8EA380AF04245337399E796E2,2020-09-26 22:53:06.314000,2020-09-26 22:53:07.449000
iq4kbydqkdujjm6w,failed,not_found,163,F94A7BAC5D1E3D9372437141E10695A625B8B533,9AB93B5422149E5DFF4BE6A3814E2F6D9648DB6A,7A3E534C033E3836BD5AF223B642853C502AB33A,930106E732385FD01810AB243E7022C42639BC06,2020-09-26 22:53:07.450000,2020-09-26 22:53:08.358000
iq4kbydqkdujjm6w,failed,not_found,174,F94A7BAC5D1E3D9372437141E10695A625B8B533,B22C4BF9747DBBC843F1BBBA272FDB7B6045EB01,C5BF27560E4B007365FBA96D32F9E74614218C8E,9314BD9503B9014261A65C221D77E57389DBCCC1,2020-09-26 22:53:08.358000,2020-09-26 22:53:09.406000
iq4kbydqkdujjm6w,failed,not_found,185,F94A7BAC5D1E3D9372437141E10695A625B8B533,00E1649E69FF91D7F01E74A5E62EF14F7D9915E4,B058FBDEA69774C28EAC1111E167BC0AD4A904E0,00B57BF614F7ED3051073B5D4526FF0B23AF217B,2020-09-26 22:53:09.407000,2020-09-26 22:53:10.308000
iq4kbydqkdujjm6w,failed,not_found,196,F94A7BAC5D1E3D9372437141E10695A625B8B533,BFBD954BE6225FFF1464E66AE647AAD6042936DD,0D7C69551F9186DB589BDF00858314AC136A33DA,00CCE6A84E6D63A1A42E105839BC8ED5D4B16669,2020-09-26 22:53:10.309000,2020-09-26 22:53:11.113000
ff7nxlici5ktrcbf,failed,not_found,145,F94A7BAC5D1E3D9372437141E10695A625B8B533,210001EE8A8E086983A3BD48F0D936996451C9CB,39CF2F22E5018C01FD57DEB1AB8FDFA4592633FB,FF21B755C60C998E25EDC5864F709C2ED5C38F9D,2020-09-26 22:53:06.306000,2020-09-26 22:53:07.240000
ff7nxlici5ktrcbf,failed,not_found,157,F94A7BAC5D1E3D9372437141E10695A625B8B533,5DA4305BD06BD6F6A30BB06C34C251E256AC1328,6D163F649ECBE9DC20F016236EF36D7E1559E98E,FF154E0265ADC24FDB1D8BBA34455E324C9FE407,2020-09-26 22:53:07.240000,2020-09-26 22:53:08.184000
ff7nxlici5ktrcbf,failed,not_found,171,F94A7BAC5D1E3D9372437141E10695A625B8B533,648F30B3351F17EE9CE6EB1336C8AD3C6490F0F9,BF37445EA2A9F3D04F4B87DFAC624AEF21B559D5,FF1E4DFC8C713B2092E76401C472FDCC03B7F809,2020-09-26 22:53:08.184000,2020-09-26 22:53:09.407000
ff7nxlici5ktrcbf,failed,not_found,186,F94A7BAC5D1E3D9372437141E10695A625B8B533,883F49ECDF48809308C0E5409E5A264B94050140,C50CF85CBE0A327E32EE7A001161C47BBB38CE76,0E5522CB4F79E36C0BB263BABC861CFC686929AE,2020-09-26 22:53:09.407000,2020-09-26 22:53:10.532000
ff7nxlici5ktrcbf,failed,not_found,202,F94A7BAC5D1E3D9372437141E10695A625B8B533,3076FB1CCEB8341322019AD26F69BFC0AA845334,8841E775C3DE70E4414F0678DBD532C1F80FF62C,0E46E058CBC1C37D78896F008BD2D2B99732A149,2020-09-26 22:53:10.532000,2020-09-26 22:53:11.409000
ff7nxlici5ktrcbf,failed,not_found,213,F94A7BAC5D1E3D9372437141E10695A625B8B533,23A2D8DDF761F35CC63BDF65E604B76A7E2F6971,B143D439B72D239A419F8DCE07B8A8EB1B486FA7,0E5D730466E5BB675BC9704C374DBE7E19F06165,2020-09-26 22:53:11.410000,2020-09-26 22:53:12.309000
eliflii5ajvgk6fn,failed,not_found,147,F94A7BAC5D1E3D9372437141E10695A625B8B533,7ED3D8AFAC750F8CC0BDF8C87FE3BCBA2BBE2209,9A7417BA401B8C7EFDE24945E18145A1EDA730E7,CE3653A45A52FF59E798D3FF9A487AC110470597,2020-09-26 22:53:06.322000,2020-09-26 22:53:07.901000
eliflii5ajvgk6fn,failed,not_found,162,F94A7BAC5D1E3D9372437141E10695A625B8B533,9063C7EC4A3273446DC05E9310A5C5B2F4235696,7A3E534C033E3836BD5AF223B642853C502AB33A,CE34F2DA5B7B419D9D126530DCE86EA87D6D13EE,2020-09-26 22:53:07.902000,2020-09-26 22:53:08.399000
eliflii5ajvgk6fn,failed,not_found,176,F94A7BAC5D1E3D9372437141E10695A625B8B533,42E440E573CAA2C309041B448BDB8FC5D066E535,50C7B836942F14BDF1541B017CF21FD03F354E13,E5CC82DF823F15F9EEF99F22BFB1F3CC5F5076EF,2020-09-26 22:53:08.399000,2020-09-26 22:53:09.068000
eliflii5ajvgk6fn,failed,not_found,181,F94A7BAC5D1E3D9372437141E10695A625B8B533,0C6D3655763B1A3A60FC42135CD60765AFE953BA,72FF4C64E28396446B58892C356B61A8018C5C95,CE47F0356D86CF0A1A2008D97623216D560FB0A8,2020-09-26 22:53:09.068000,2020-09-26 22:53:10.840000
eliflii5ajvgk6fn,failed,not_found,200,F94A7BAC5D1E3D9372437141E10695A625B8B533,E4A7CF32D1EC81521E234C8BF46384E75838A8D7,ED3ACBBB89C5F1597A44A65D2FA203BDB8E208F2,E605E70E86A7777A22DF2259DFA9C5360B54346A,2020-09-26 22:53:10.840000,2020-09-26 22:53:11.307000
eliflii5ajvgk6fn,failed,not_found,209,F94A7BAC5D1E3D9372437141E10695A625B8B533,2CE9BE1FC88B9D0FA03F387C9E4F000B5D4B2AE9,74DA18F45DE195D9E920B0EC10BF6958E44B0CEB,E5D7D35357E9C55B47E2ADDE73199153888BD4CB,2020-09-26 22:53:11.307000,2020-09-26 22:53:12.125000
pbgtjeush3oecoyn,failed,not_found,158,F94A7BAC5D1E3D9372437141E10695A625B8B533,9ECFD67230D09E5E8F3431BDC4FD8E52428AFC09,73DCA56424912F69F1478D6630DF27CFE8F41439,6D6EC2A2E2ED8BFF2D4834F8D669D82FC2A9FA8D,2020-09-26 22:53:07.307000,2020-09-26 22:53:08.657000
pbgtjeush3oecoyn,failed,not_found,178,F94A7BAC5D1E3D9372437141E10695A625B8B533,1E03D81C9744DE0E3C9DE6E6FBDF1DF9DAEA5AFC,81F59E8936D0B2105182E4B8200AC07D9274961F,6D2D7E8FD6B730850960A3AC1B3640098E97F3AF,2020-09-26 22:53:08.657000,2020-09-26 22:53:09.545000
pbgtjeush3oecoyn,failed,not_found,190,F94A7BAC5D1E3D9372437141E10695A625B8B533,91517F219F7648E4B8BBF3C162C77DDC55315612,80F89CB42A1257A6145C1B1D6463C795CB99A6A4,6D72E970EB5218702C854BE250EC0663CC14D9BD,2020-09-26 22:53:09.546000,2020-09-26 22:53:10.423000
pbgtjeush3oecoyn,failed,not_found,201,F94A7BAC5D1E3D9372437141E10695A625B8B533,DE178E6E0E78159F4835EF33AB3CA416A8332847,F5F4019509109A07E90C45A022CEED9ECA1643C8,6DA5D1B9B239501838E19CC0ACBAFAE737AEEC5B,2020-09-26 22:53:10.424000,2020-09-26 22:53:11.260000
pbgtjeush3oecoyn,failed,not_found,208,F94A7BAC5D1E3D9372437141E10695A625B8B533,60A9E1FE4D020383A4A0FE58E5950983D08D65E7,157CED138D3DE9CBFB5AE0232A319C2980F6C409,6DCDE835D65C0CC5F8523B42C9FBB7D130E1472D,2020-09-26 22:53:11.260000,2020-09-26 22:53:12.489000
pbgtjeush3oecoyn,failed,not_found,226,F94A7BAC5D1E3D9372437141E10695A625B8B533,38E48C9509E18F405749859EEF299EBC1B829602,AB0CC19517476E610B86FF796B703643BFE21E89,6D93503E150496BB32A4912F904C4E2DB205278D,2020-09-26 22:53:12.490000,2020-09-26 22:53:14.924000
u4oki4ipklqlfb4z,failed,not_found,159,F94A7BAC5D1E3D9372437141E10695A625B8B533,92429BB4B6FE1B166AE0347D03B3DC3ACF578BCC,F8DE8132E599A194E20DDB738AF64A7200CD5949,D7E1B4F504FC22027FA06BA5F1F0F59C24FA2912,2020-09-26 22:53:07.321000,2020-09-26 22:53:08.491000
u4oki4ipklqlfb4z,failed,not_found,177,F94A7BAC5D1E3D9372437141E10695A625B8B533,58FAB58A7DC8E99B9313F6E488E2140D4BE28416,F01AAA640FF4EA025DB8449BD61C055273B4A328,54A35E582F9E178542ECCFA48DBE14F401729969,2020-09-26 22:53:08.491000,2020-09-26 22:53:09.464000
u4oki4ipklqlfb4z,failed,not_found,189,F94A7BAC5D1E3D9372437141E10695A625B8B533,A4F11D693FAB6E949B2B7C18153C3F7989896007,E9CE81CC21B63FD316F642E6AF867D6FE0C3A847,D7DB8E82604F806766FC3F80213CF719A0481D0B,2020-09-26 22:53:09.464000,2020-09-26 22:53:10.344000
u4oki4ipklqlfb4z,failed,not_found,198,F94A7BAC5D1E3D9372437141E10695A625B8B533,FD449127D30D8F5D124653D9EF736EDF4A12B4DC,6FB20BB05A841CDDB308E85A4D117FCFC911F5EA,54A4820B46E65509BF3E2B892E66930A41759DE9,2020-09-26 22:53:10.344000,2020-09-26 22:53:11.434000
u4oki4ipklqlfb4z,failed,not_found,215,F94A7BAC5D1E3D9372437141E10695A625B8B533,0A2151C0492B8A17FD03ED40598627A7027AE39B,855D23C80D1A2C5DCA44EB6BD3D57BE8F88E4F02,54A403A1B015F6E5A641AD121530966BD873136E,2020-09-26 22:53:11.434000,2020-09-26 22:53:13.505000
u4oki4ipklqlfb4z,failed,not_found,278,F94A7BAC5D1E3D9372437141E10695A625B8B533,58A7199712C0E52B3C5F2F8E8B27B5A62BE58BC8,42D47C736518BFA495CA31AEE40AE468F0BDA2A6,D7A80E95892AAF51FF24CF7C2CE49311931B55F7,2020-09-26 22:53:13.506000,2020-09-26 22:53:18.543000
libsr52n7fkb5tnm,failed,not_found,172,F94A7BAC5D1E3D9372437141E10695A625B8B533,31788AB4138BBC7B923094A20E925B42E555A7A6,3E04505D362AA324E6E4E1C8516CCD9EF4D41B9C,6CBACBF2C525B09A55464D836432812A30FEF414,2020-09-26 22:53:08.305000,2020-09-26 22:53:09.869000
libsr52n7fkb5tnm,failed,not_found,192,F94A7BAC5D1E3D9372437141E10695A625B8B533,F740DDDB1A6B536B5CC47111BFE4E2F7CF9B4C28,80AB167E463DC977F0B02D6880E63DC298029875,06ABFC513FA71C7EE423DCC6ABF80F6B4A2FC1AC,2020-09-26 22:53:09.869000,2020-09-26 22:53:11.162000
libsr52n7fkb5tnm,failed,not_found,216,F94A7BAC5D1E3D9372437141E10695A625B8B533,7961C9991F022C8A363FD440CA395D47DB5D44D5,42D47C736518BFA495CA31AEE40AE468F0BDA2A6,6CDE3363F9F9AD5A6EA484DEFB58217CC9685E31,2020-09-26 22:53:11.163000,2020-09-26 22:53:12.334000
libsr52n7fkb5tnm,failed,not_found,222,F94A7BAC5D1E3D9372437141E10695A625B8B533,9EFF16EA25FF27BC438A3FBF23C5315E576467AF,1EC884DC535E29D485684CD93D612F9F61C9EF71,6CDF81E5A9BF270CDF4C989D5F7917113591C355,2020-09-26 22:53:12.335000,2020-09-26 22:53:13.749000
libsr52n7fkb5tnm,failed,not_found,238,F94A7BAC5D1E3D9372437141E10695A625B8B533,12D552E8AF7AA2B71B218B5BBF6A5FEFA6F26BA0,94318CC2299A3826D81899EB23C25A2B7D6B1FFE,06B308F54B4A779D74B30536964182A09C08AB8F,2020-09-26 22:53:13.750000,2020-09-26 22:53:15.116000
libsr52n7fkb5tnm,failed,not_found,249,F94A7BAC5D1E3D9372437141E10695A625B8B533,0085057C17BD2E1809E284825F06F94E72FB418C,42D47C736518BFA495CA31AEE40AE468F0BDA2A6,06BBEAA6F73759A1795EB461D39D2AA168F305D1,2020-09-26 22:53:15.117000,2020-09-26 22:53:16.028000
lqjs3byflh3ymx3k,failed,not_found,173,F94A7BAC5D1E3D9372437141E10695A625B8B533,C05CE5DB16F4921BAFFAF58585BE90D0A3980FEB,D7829A21726220AF77401BE5B2B132963A0BE82B,C871C91489886D5E2E94C13EA1A5FDC4B6DC5204,2020-09-26 22:53:08.322000,2020-09-26 22:53:10.054000
lqjs3byflh3ymx3k,failed,not_found,193,F94A7BAC5D1E3D9372437141E10695A625B8B533,F6CD4DBF5850AC4386DD9A424918AD3C6BA2716F,6D163F649ECBE9DC20F016236EF36D7E1559E98E,68EBB2CAB63B98F0BA802AD04059ED752665A138,2020-09-26 22:53:10.054000,2020-09-26 22:53:11.259000
lqjs3byflh3ymx3k,failed,not_found,207,F94A7BAC5D1E3D9372437141E10695A625B8B533,E130296683B896A117CE5DA531A5645644178734,2BE633EE1B2229B9F7C9B2019067C7896FCE6A53,C88ABC7F51FC22668FECE61B4792527386E8FE25,2020-09-26 22:53:11.260000,2020-09-26 22:53:12.030000
lqjs3byflh3ymx3k,failed,not_found,214,F94A7BAC5D1E3D9372437141E10695A625B8B533,855BC2DABE24C861CD887DB9B2E950424B49FC34,DBE82FA23B9FE3CB2462A6FCF5289DED3CBF4AEE,68D2ABD936233A569E2B46D6228816149A16B4FA,2020-09-26 22:53:12.030000,2020-09-26 22:53:12.390000
lqjs3byflh3ymx3k,failed,not_found,223,F94A7BAC5D1E3D9372437141E10695A625B8B533,BA0BA7A976F153DBB050266CD3D21F499FCB975D,A1DEB529DE86E7CABC3212778374933D68FB7F2F,C87A4D8B534F78FDF0F4639B55F121401FEF259C,2020-09-26 22:53:12.390000,2020-09-26 22:53:14.470000
lqjs3byflh3ymx3k,failed,not_found,245,F94A7BAC5D1E3D9372437141E10695A625B8B533,2CF2DFBA221B77E96E9FE69725AE82F4E101BE4A,B9E7A637B00BBB77853A639CC33245A2FEB8F033,68701181F3F08C0D13E6460CFB149E010104EF03,2020-09-26 22:53:14.470000,2020-09-26 22:53:15.388000
hzx3yiq3rvxzqwzp,failed,not_found,231,F94A7BAC5D1E3D9372437141E10695A625B8B533,181DC60C824EB562761FADADFFB7F1E18C19E96A,C1B79C4CD9B713BBB6B0522155B46A7BFE3BFAAE,BEE59851195B09DFC88D8F1F31F9FABC7171FAAD,2020-09-26 22:53:09.308000,2020-09-26 22:53:14.216000
hzx3yiq3rvxzqwzp,failed,not_found,257,F94A7BAC5D1E3D9372437141E10695A625B8B533,5EEE4C799C55FC8BBDB8EB5E65A48C60C8F15640,875F74A3DC14737BECA06F8B500022154D1A29D1,BEE5A27A9DD05BD7D9B6E046AEDEF43D2A4B85CE,2020-09-26 22:53:14.216000,2020-09-26 22:53:17.371000
hzx3yiq3rvxzqwzp,failed,not_found,274,F94A7BAC5D1E3D9372437141E10695A625B8B533,41145C3169D810DB360FF2FCA232093B02C0B262,42B4F52C5B11E4D39855F654955425B0D5A0598B,90A5D1355C4B5840E950EB61E673863A6AE3ACA1,2020-09-26 22:53:17.372000,2020-09-26 22:53:18.338000
hzx3yiq3rvxzqwzp,failed,not_found,289,F94A7BAC5D1E3D9372437141E10695A625B8B533,1733D57AA16D2E9E5A448DA607FCA5FA989E4F4D,929BF37C657D4F69C76324E5FEA760A62483813B,BEC85424BD423975E11ED05BF4FEAB3A7526510F,2020-09-26 22:53:18.339000,2020-09-26 22:53:20.451000
hzx3yiq3rvxzqwzp,failed,not_found,319,F94A7BAC5D1E3D9372437141E10695A625B8B533,2CF2DFBA221B77E96E9FE69725AE82F4E101BE4A,DEF8C760A79FEF2358E03AE5A1950086ABEB953E,90BF7147B422A1BABEFA503656EBD17987424441,2020-09-26 22:53:20.451000,2020-09-26 22:53:21.487000
hzx3yiq3rvxzqwzp,failed,not_found,337,F94A7BAC5D1E3D9372437141E10695A625B8B533,2E72EEABE4EE19183BEFAA10D88B3C16829C9F99,51F733EAC4DFD128CF957A14D5F2DC023803D1A2,90B64F9E18B59AF322EBD28B8F8CD65C53E10CE1,2020-09-26 22:53:21.487000,2020-09-26 22:53:23.847000
m2kr3wiju647ecwc,failed,not_found,183,F94A7BAC5D1E3D9372437141E10695A625B8B533,BE40A5C8EB81704DBC1586190159AA7EDC1DA11D,D123C0F8F562804693C47D68C61786023B295E98,B9CF104FE30CC987D0A5FF725770D134EBDB17CD,2020-09-26 22:53:09.308000,2020-09-26 22:53:10.205000
m2kr3wiju647ecwc,failed,not_found,194,F94A7BAC5D1E3D9372437141E10695A625B8B533,0B19BBFDC498CCEA23027B1D7BD8E20121B95E60,43C83536DACCD110FF11E049A890064F6F87BEB2,B9DE57771D72238A0D8C8D3269A255BA448413B0,2020-09-26 22:53:10.205000,2020-09-26 22:53:11.640000
m2kr3wiju647ecwc,failed,not_found,218,F94A7BAC5D1E3D9372437141E10695A625B8B533,41145C3169D810DB360FF2FCA232093B02C0B262,6E4B0D429CD87AB6C25D72E298294C583FF8BA4A,177AA760E7F76B259CF26023D793188AE8DC9A6E,2020-09-26 22:53:11.640000,2020-09-26 22:53:12.590000
m2kr3wiju647ecwc,failed,not_found,227,F94A7BAC5D1E3D9372437141E10695A625B8B533,DB5DE88B4914F60CDEEF581ECCA8DEA59EF26A90,708A968F3644F8A547156368FEA3DB664110E631,174D93DF6242BD4ABE2C09E6607892C3A3905675,2020-09-26 22:53:12.591000,2020-09-26 22:53:13.683000
m2kr3wiju647ecwc,failed,not_found,237,F94A7BAC5D1E3D9372437141E10695A625B8B533,E5CC91BAFE7CCD68003E873D32E38027638D49D7,9684C4D6C71131EEEF2E5C23C3EA234A684CD501,B9962C193AE4313D625E9BFB9415C4306214D330,2020-09-26 22:53:13.683000,2020-09-26 22:53:14.643000
m2kr3wiju647ecwc,failed,not_found,246,F94A7BAC5D1E3D9372437141E10695A625B8B533,B9877C7A9EAD7439C186B6B4C2885612BA379874,708A968F3644F8A547156368FEA3DB664110E631,175D1B74B0271F5997C27E020AA167A013FFB7C9,2020-09-26 22:53:14.644000,2020-09-26 22:53:15.854000
7i2344qc7mdf3qe6,failed,not_found,195,F94A7BAC5D1E3D9372437141E10695A625B8B533,1145A39EC0CE18834E67D2799E3C5D87453C5EF2,C78D4AB34C920D156160C811C39B1BB92A6BED7D,8DE1211901C33379BB9C57E27BED368FF6D45127,2020-09-26 22:53:10.301000,2020-09-26 22:53:11.409000
7i2344qc7mdf3qe6,failed,not_found,212,F94A7BAC5D1E3D9372437141E10695A625B8B533,4561FC085C3F3A7271FE960317F02DCD1E9C1188,E7EF73B4722CFAF0E8AA2151D3AA78701DE5F19B,8DCB526722FBE2B3F4C0CE9D020B0589170F8BDA,2020-09-26 22:53:11.409000,2020-09-26 22:53:12.876000
7i2344qc7mdf3qe6,failed,not_found,228,F94A7BAC5D1E3D9372437141E10695A625B8B533,22A6BE98D201B101C32661739967BF4DED12EF96,23A2D8DDF761F35CC63BDF65E604B76A7E2F6971,8DC832ABDC9C97B8B71F74AB041D3CB3FA9578AA,2020-09-26 22:53:12.877000,2020-09-26 22:53:14.228000
7i2344qc7mdf3qe6,failed,not_found,240,F94A7BAC5D1E3D9372437141E10695A625B8B533,72C2EB697C3CD4CE7408359B386DEE6B2888F714,5FB384605F53DCBF1CB02143D318DA3E8EE38A24,53B8B5C2A33C489B54300D558BFEE2C3B12F3875,2020-09-26 22:53:14.228000,2020-09-26 22:53:15.100000
7i2344qc7mdf3qe6,failed,not_found,244,F94A7BAC5D1E3D9372437141E10695A625B8B533,D14EC16949648CEE84EA1664445029EA4B597074,F8DE8132E599A194E20DDB738AF64A7200CD5949,53B379F4063B3B91B24A7DFFCC2F6533F51B3245,2020-09-26 22:53:15.101000,2020-09-26 22:53:15.744000
7i2344qc7mdf3qe6,failed,not_found,256,F94A7BAC5D1E3D9372437141E10695A625B8B533,BF5DEB942F5FEDF95C2E014F41D422A95A5F1EDF,6245DC873D6F613C795D48663D65BD8A2266CAF6,53C9F4954E7A7332BB0C610C5B8E04CA065AF29B,2020-09-26 22:53:15.744000,2020-09-26 22:53:17.484000
wwtsmke5jl5lqf55,failed,not_found,197,F94A7BAC5D1E3D9372437141E10695A625B8B533,AFA9E5B8D77B736CCA77704B465F9FA4B9566924,0D99F89BBB92BF5557F8D3F895DB218A72871089,673C081A9502D5D3AB9395FF4257274BE4C7A8A4,2020-09-26 22:53:10.317000,2020-09-26 22:53:11.202000
wwtsmke5jl5lqf55,failed,not_found,206,F94A7BAC5D1E3D9372437141E10695A625B8B533,5AD3FB658E490BAD9515F363374AA41D65D31A02,63B32F7E5389E8DBC5E1BCEFE48312DA7CCEF5D6,CED52DAAF10D9DEDAE036272D5D0050F121F3EDF,2020-09-26 22:53:11.202000,2020-09-26 22:53:12.290000
wwtsmke5jl5lqf55,failed,not_found,219,F94A7BAC5D1E3D9372437141E10695A625B8B533,C414F28FD2BEC1553024299B31D4E726BEB8E788,0E2EEC125A6AC8D5EBF5DB36B776A3DA5510E7A0,67458CBE6A595F5620AE39EDF538E2994793E130,2020-09-26 22:53:12.290000,2020-09-26 22:53:13.003000
wwtsmke5jl5lqf55,failed,not_found,225,F94A7BAC5D1E3D9372437141E10695A625B8B533,8B64F593CAC2ED05C0FA703AEF50FF71925B569C,F2D8A6CDED1F4BC42CA4B1164FB6C6644298BE1B,CEE804FA03A87A65CAA6BCB3A250B5ED923C08BD,2020-09-26 22:53:13.003000,2020-09-26 22:53:13.532000
wwtsmke5jl5lqf55,failed,not_found,235,F94A7BAC5D1E3D9372437141E10695A625B8B533,63C6AB74A5C288C2159DDC783BB00F88AB44427C,69534B8B5FCCD0BF1124945B1D0F5A35FB0A3542,6739A6A7147E03350BC6552B8D72125DF3742592,2020-09-26 22:53:13.532000,2020-09-26 22:53:14.419000
wwtsmke5jl5lqf55,failed,not_found,243,F94A7BAC5D1E3D9372437141E10695A625B8B533,F0AE51D182DA3B1FB452666EE3E5EA906C431CBF,BDDF8187EA4419951CFD0A54088B634564F63AF3,CEC92F3BE8A2F3A46D3C042721D6BDBF2F40F4C5,2020-09-26 22:53:14.419000,2020-09-26 22:53:15.324000
jb54fl5yckp7czlt,failed,not_found,253,F94A7BAC5D1E3D9372437141E10695A625B8B533,A2CD32D9D0668DB764AD68C745CE29693CA851B9,FC30F566E7B50D9C6ED6BB86DA4BF4B07AD52DE5,DD8BD7307017407FCC36F8D04A688F74A0774C02,2020-09-26 22:53:11.348000,2020-09-26 22:53:16.488000
jb54fl5yckp7czlt,failed,not_found,264,F94A7BAC5D1E3D9372437141E10695A625B8B533,13B2354C74CCE29815B4E1F692F2F0E86C7F13DD,4CE6D83FFA8AD24767007E8C972F371F2468F09A,DD8F5A74DD375F1D6A798A1AB50116339FEBED01,2020-09-26 22:53:16.488000,2020-09-26 22:53:18.163000
jb54fl5yckp7czlt,failed,not_found,284,F94A7BAC5D1E3D9372437141E10695A625B8B533,3B5C6ED2C1DECEB32BF1AD9B7B272F4CE9CE0656,52D5FB2004C67127C73B71478238FA66122BD443,E330A88754840629644527394FD43001D5B89C7A,2020-09-26 22:53:18.164000,2020-09-26 22:53:19.454000
jb54fl5yckp7czlt,failed,not_found,304,F94A7BAC5D1E3D9372437141E10695A625B8B533,8358BDDA9C9A680B4E3A2809E5C24F5B3624D5C2,AFF320BA96E4338B61A008D2CA250FFE0E23B09C,E312A938D71045BE3A5C1FF3AB87CF7464194861,2020-09-26 22:53:19.454000,2020-09-26 22:53:20.263000
jb54fl5yckp7czlt,failed,not_found,313,F94A7BAC5D1E3D9372437141E10695A625B8B533,F0A3054C76604DC75D3F57F55C27F1BFB643F107,023EBBC57BEB7F45473B3DC2AA811FB3AABA4466,DD823AFB415380A802DCAEB9461AE637604107FB,2020-09-26 22:53:20.263000,2020-09-26 22:53:21.551000
jb54fl5yckp7czlt,failed,not_found,338,F94A7BAC5D1E3D9372437141E10695A625B8B533,63BF46A63F9C21FD315CD061B3EAA3EB05283A0A,2F26D43258285FEB39E4320888DFAFA8A0D20E11,E321D0118DAD44BBC74A5C26FE7CFDBAAF3DA077,2020-09-26 22:53:21.552000,2020-09-26 22:53:22.346000
h5oef3f7nixqvxtd,failed,not_found,254,F94A7BAC5D1E3D9372437141E10695A625B8B533,8859E68A7C95BD5AB403F16DAD92681E184D3710,40DD356E8F3C53FA9251B561CF956302791AAFF5,646B62D3D39E98236BA383F471FC3CF738B87507,2020-09-26 22:53:11.348000,2020-09-26 22:53:17.205000
h5oef3f7nixqvxtd,failed,not_found,270,F94A7BAC5D1E3D9372437141E10695A625B8B533,6521A3AEF9AC4B83361411F769EEDCBAB124F162,103336165A0D2EFCAD3605339843A0A7710B8B92,634444240F4A0778EBE04868E311392572AD03CB,2020-09-26 22:53:17.205000,2020-09-26 22:53:18.486000
h5oef3f7nixqvxtd,failed,not_found,294,F94A7BAC5D1E3D9372437141E10695A625B8B533,6BE5AA34A5C391724677A3FDC2AA77B3768F6E26,856DAB2FDC9EED88A27BE2265FA6BD5489EF178E,645DE9BF7A2E858F8A6B45F1F530371176D0238A,2020-09-26 22:53:18.486000,2020-09-26 22:53:19.354000
h5oef3f7nixqvxtd,failed,not_found,301,F94A7BAC5D1E3D9372437141E10695A625B8B533,2CF2DFBA221B77E96E9FE69725AE82F4E101BE4A,0CC18E42E5ECADFE76862CE2EB7189EFA17A11FD,645C3F0545E0975A49F69EC272C0C3EA28586825,2020-09-26 22:53:19.354000,2020-09-26 22:53:20.797000
h5oef3f7nixqvxtd,failed,not_found,381,F94A7BAC5D1E3D9372437141E10695A625B8B533,88748052843CC93A02BE1D9E9B5B358AB3A104AA,8B64F593CAC2ED05C0FA703AEF50FF71925B569C,63584BC1EF29E794A63C264136D7825C33F0889D,2020-09-26 22:53:20.798000,2020-09-26 22:53:25.597000
h5oef3f7nixqvxtd,failed,not_found,397,F94A7BAC5D1E3D9372437141E10695A625B8B533,B940AAC942E9929E673C3533F510C5261B50790C,B0B26AEDB0D1E21EA8E06530CAAD953B464286FB,63540827C4832D214984EA47B7A68C593F9F862F,2020-09-26 22:53:25.597000,2020-09-26 22:53:26.360000
t7mfjvly55lwrkwb,failed,not_found,220,F94A7BAC5D1E3D9372437141E10695A625B8B533,890530C5B510A506F5CF206EFEC1595F96E727A5,383CFCF03B225B3EDCA519197BAA310A58CEAABC,68315A0AC5FB2DFE55943A2A174AB02535CDCFA6,2020-09-26 22:53:12.307000,2020-09-26 22:53:16.966000
t7mfjvly55lwrkwb,failed,not_found,267,F94A7BAC5D1E3D9372437141E10695A625B8B533,6E4B0D429CD87AB6C25D72E298294C583FF8BA4A,22B92BCCF5DE2C8CDCFFFD2D41B395D116A87BB3,6FF440DFB1D0697B942357D747900CC308DD57CC,2020-09-26 22:53:16.966000,2020-09-26 22:53:17.874000
t7mfjvly55lwrkwb,failed,not_found,279,F94A7BAC5D1E3D9372437141E10695A625B8B533,0F89912E6A4C4A8ACE43C58FF8B83CA299BFF74F,06BBEAA6F73759A1795EB461D39D2AA168F305D1,68701181F3F08C0D13E6460CFB149E010104EF03,2020-09-26 22:53:17.875000,2020-09-26 22:53:18.380000
t7mfjvly55lwrkwb,failed,not_found,290,F94A7BAC5D1E3D9372437141E10695A625B8B533,9F29D0DD4AEB62E742BDAEEF2DFD3BDD76953403,4CE6D83FFA8AD24767007E8C972F371F2468F09A,6FC8D3B152054906417CB1EE0642265747C7F689,2020-09-26 22:53:18.380000,2020-09-26 22:53:19.520000
t7mfjvly55lwrkwb,failed,not_found,306,F94A7BAC5D1E3D9372437141E10695A625B8B533,12CF6DB4DAE106206D6C6B09988E865C0509843B,1BB9C60F87A31158D55C2143FC4C4EBCB1682761,6FDA24CFDD2512EEE2333D586DE3EA3CAB0ADB7F,2020-09-26 22:53:19.520000,2020-09-26 22:53:21.249000
t7mfjvly55lwrkwb,failed,not_found,330,F94A7BAC5D1E3D9372437141E10695A625B8B533,1B91B86B67317A63636FE38ABE6C4E701A2B1A99,6E3B4821305D96F167C392DBE5A13240D6CCE024,68514D6AF3A500C61E5C8A03B0C1E1ADDAC62462,2020-09-26 22:53:21.249000,2020-09-26 22:53:23.925000
njmgqfvaexyslv3u,failed,not_found,221,F94A7BAC5D1E3D9372437141E10695A625B8B533,53412DCC555335B400DB72750ED0BE08D034D779,CA95B3584C44DED8107AF5B3D8C25C562CC64DD4,625743FAF41B791AAFC2D4BF859DA4AAA2E81FE7,2020-09-26 22:53:12.322000,2020-09-26 22:53:13.521000
njmgqfvaexyslv3u,failed,not_found,234,F94A7BAC5D1E3D9372437141E10695A625B8B533,8A6F5A21493685B50F1B46A87A2099D6C410F237,B76A047C20D3E4F9B5A64428298DA55A90D62472,E2CF09F998248C71139B24B2C92740AEDB1C6D2A,2020-09-26 22:53:13.522000,2020-09-26 22:53:14.701000
njmgqfvaexyslv3u,failed,not_found,247,F94A7BAC5D1E3D9372437141E10695A625B8B533,55A92BE2A76C64A5A0DB0D4F61D5DCA37B55EE52,E130296683B896A117CE5DA531A5645644178734,E300CEE2255A22B3DF52E798A3237D53AFAEC2F3,2020-09-26 22:53:14.701000,2020-09-26 22:53:16.290000
njmgqfvaexyslv3u,failed,not_found,258,F94A7BAC5D1E3D9372437141E10695A625B8B533,16FD7E5D67B7054EE4E7FDDF04AFB48216CA640A,4CE6D83FFA8AD24767007E8C972F371F2468F09A,E2D9035061E3D133B2CA4DA3383AEAACCC0733E1,2020-09-26 22:53:16.291000,2020-09-26 22:53:17.422000
njmgqfvaexyslv3u,failed,not_found,276,F94A7BAC5D1E3D9372437141E10695A625B8B533,AE17FAAF8F302A506AF2167666EC62882804403F,F81F63FDF6B566D63D3A1112FC9D3EA1D3A285D1,62468408C3D5E66141C59A6381E969B25F1ADBC5,2020-09-26 22:53:17.423000,2020-09-26 22:53:18.261000
njmgqfvaexyslv3u,failed,not_found,286,F94A7BAC5D1E3D9372437141E10695A625B8B533,CA4E9DFE87DE87E502F3B503D07EC8EFCAEE2549,86D924EDE1498B4E1DD08D2260F3E9FE454012E1,624B7391B9790E7CD2AF6A7238239BA3D6928A57,2020-09-26 22:53:18.262000,2020-09-26 22:53:19.010000
i7oupi3iiz7ttiwo,failed,not_found,277,F94A7BAC5D1E3D9372437141E10695A625B8B533,69BE1831EC63C751D241E5E962DA4793355A6253,E81993EA52B73285CFFD02FEC003569D21483001,45D81A594C458BAA2AFADADC507B6C784EB68D63,2020-09-26 22:53:13.303000,2020-09-26 22:53:18.384000
i7oupi3iiz7ttiwo,failed,not_found,291,F94A7BAC5D1E3D9372437141E10695A625B8B533,7D31D5118D47BF86C550ABB79EDDE865EC31B67F,67F5AC35DBA20D22A0178BFB6F4AC076C3B16829,45A5286454BA553FACF56CF4AE5F4CC6D2D095B0,2020-09-26 22:53:18.385000,2020-09-26 22:53:20.153000
i7oupi3iiz7ttiwo,failed,not_found,310,F94A7BAC5D1E3D9372437141E10695A625B8B533,91BA193FB362FB7B6679A7A83A3050F3C44A5468,DD0AA66DD9E4E71FFAFAB658DF8300F1CEEA0364,459A11F6EE8F0BE2F08F72E155B85EABF5E54A3B,2020-09-26 22:53:20.153000,2020-09-26 22:53:21.827000
i7oupi3iiz7ttiwo,failed,not_found,340,F94A7BAC5D1E3D9372437141E10695A625B8B533,5FB384605F53DCBF1CB02143D318DA3E8EE38A24,9AB93B5422149E5DFF4BE6A3814E2F6D9648DB6A,23BCFD8AB533AAE05639D1D79A445DEE76F8E57A,2020-09-26 22:53:21.828000,2020-09-26 22:53:22.720000
i7oupi3iiz7ttiwo,failed,not_found,352,F94A7BAC5D1E3D9372437141E10695A625B8B533,F6740DEABFD5F62612FA025A5079EA72846B1F67,DACE5A96D7D60B5752FB634AA5DA49C30CFE1C14,23DC295D771D51DA981008D1B9702A03C64488D8,2020-09-26 22:53:22.721000,2020-09-26 22:53:23.734000
i7oupi3iiz7ttiwo,failed,not_found,364,F94A7BAC5D1E3D9372437141E10695A625B8B533,BCF2FAF95847123B3FF0A54D6CDA11A0C90B746D,272AC842521666E3D1B0E5EAFAC79EF73EC88972,23C18C8010EAC83EC851A39B25E475AC82A8EF8A,2020-09-26 22:53:23.734000,2020-09-26 22:53:25.926000
b3kchbrv2jes7kr5,failed,not_found,230,F94A7BAC5D1E3D9372437141E10695A625B8B533,B0335F7872A698A86E5E9AC3CF323B50AEF9C081,C79820F2B3485B259D408516462B700E99004872,26220AEA188B8D0E47BB541E1A616EB3AD70295F,2020-09-26 22:53:13.314000,2020-09-26 22:53:14.046000
b3kchbrv2jes7kr5,failed,not_found,232,F94A7BAC5D1E3D9372437141E10695A625B8B533,D1B1A550FEE3A05E71CA9080D14CCA3B746C0C17,2119E5A4B5F420165BF5DF19A5A28F4610FFD103,260B86A04CBEDE605F183624C2FCA3CE81FD24A1,2020-09-26 22:53:14.047000,2020-09-26 22:53:14.725000
b3kchbrv2jes7kr5,failed,not_found,248,F94A7BAC5D1E3D9372437141E10695A625B8B533,148487C6EBE04EB22496080C20796C51B060F611,BEA635C89C057DB8E879572C6A2C188239CFAD68,25F49247646F1F9C9C4B31217AE004308B271359,2020-09-26 22:53:14.725000,2020-09-26 22:53:16.291000
b3kchbrv2jes7kr5,failed,not_found,259,F94A7BAC5D1E3D9372437141E10695A625B8B533,D8A2D0080B0C73E1DC0EC9F33B497F64E5FB3F52,0B25110BA3473A6DC04AB58A3A0D5E4D6922A0E0,9DA5284A51021A711ECAA677C81E5408222B9F2A,2020-09-26 22:53:16.291000,2020-09-26 22:53:17.141000
b3kchbrv2jes7kr5,failed,not_found,269,F94A7BAC5D1E3D9372437141E10695A625B8B533,DC9564AE8BC7BF5F722E3677C897ED1B578C8D81,CD39C258265B25EAA4ABA4FDCB2DF98104CAA362,9DA7A978928C48B4DD50E397FE2F3C4110EA3576,2020-09-26 22:53:17.142000,2020-09-26 22:53:18.090000
b3kchbrv2jes7kr5,failed,not_found,282,F94A7BAC5D1E3D9372437141E10695A625B8B533,4F1B6DDF9A8D7747BF5DD562B895A700008EC906,C63110BDD8736D2C2A733FF962F58D58FDE63A2D,9DA672F46D0AD9BA59B2FA56A8F343D38C78BF4C,2020-09-26 22:53:18.090000,2020-09-26 22:53:19.039000
fhh3o5mb6qu6vokf,failed,not_found,241,F94A7BAC5D1E3D9372437141E10695A625B8B533,9B047A91AC809AA020A1F42E3E785DBCEBF3652F,8E5F4EE45E0631A60E59CAA42E1464FD7120459D,6F7E602D79D16C871F8984B98658F2C9928F2FD9,2020-09-26 22:53:14.304000,2020-09-26 22:53:15.263000
fhh3o5mb6qu6vokf,failed,not_found,250,F94A7BAC5D1E3D9372437141E10695A625B8B533,98F0DC374AB8156BD12A03E25DEBCCD5DB85A1C4,4E81EA3528D6FB79B10B0F11C6FC96CE1C060021,6F4E9FD00D4251D98BE96FB1AA546FE34676A95B,2020-09-26 22:53:15.263000,2020-09-26 22:53:16.610000
fhh3o5mb6qu6vokf,failed,not_found,265,F94A7BAC5D1E3D9372437141E10695A625B8B533,708A968F3644F8A547156368FEA3DB664110E631,2EB3C230180694A1E848001E20F36F76A2287039,6F6586F1631CAC1115B9561656E7664D386B7F4B,2020-09-26 22:53:16.611000,2020-09-26 22:53:17.785000
fhh3o5mb6qu6vokf,failed,not_found,335,F94A7BAC5D1E3D9372437141E10695A625B8B533,B1289B91C190A6803C1ADA6E381C0843CE039D70,62ABC3D1B0D5DE48DE4B8AF5E76D5AA8F535CCDF,7335A5A83067AE1BDB073F2E00A3E3982FFFE23D,2020-09-26 22:53:17.786000,2020-09-26 22:53:22.194000
fhh3o5mb6qu6vokf,failed,not_found,342,F94A7BAC5D1E3D9372437141E10695A625B8B533,FD449127D30D8F5D124653D9EF736EDF4A12B4DC,34133CC3192CF7538089B14511400DF21BA5A077,73A5A81688BD536BFBABE18630F5BD6306C9AC8E,2020-09-26 22:53:22.195000,2020-09-26 22:53:23.769000
fhh3o5mb6qu6vokf,failed,not_found,365,F94A7BAC5D1E3D9372437141E10695A625B8B533,6D40A3DB3CA5946DF366B63C9EB02FAC03B87BC9,EFEACD781604EB80FBC025EDEDEA2D523AEAAA2F,733CB01BFBABADA6AC5C363C4449D7D563C794C1,2020-09-26 22:53:23.769000,2020-09-26 22:53:25.525000
3y4vswdobfztnltb,failed,not_found,263,F94A7BAC5D1E3D9372437141E10695A625B8B533,F2D8A6CDED1F4BC42CA4B1164FB6C6644298BE1B,FFA72BD683BC2FCF988356E6BEC1E490F313FB07,4495DEA0FE1200E8675065F0DA58E21C93A616CA,2020-09-26 22:53:14.314000,2020-09-26 22:53:17.884000
3y4vswdobfztnltb,failed,not_found,281,F94A7BAC5D1E3D9372437141E10695A625B8B533,FF21B755C60C998E25EDC5864F709C2ED5C38F9D,F0F13714732C347312426EC2B8D5C4940EAA45BA,44FAF1249D46C79CE33A5234D8501261C40E670D,2020-09-26 22:53:17.885000,2020-09-26 22:53:19.388000
3y4vswdobfztnltb,failed,not_found,302,F94A7BAC5D1E3D9372437141E10695A625B8B533,E2CF09F998248C71139B24B2C92740AEDB1C6D2A,1C0736CF3744A3B87C2D2269B8BD3388C7E60552,44DF1007B545B4D8057F279025EBB33CF99BE227,2020-09-26 22:53:19.389000,2020-09-26 22:53:20.734000
3y4vswdobfztnltb,failed,not_found,378,F94A7BAC5D1E3D9372437141E10695A625B8B533,679EEF540ABFCB0874AD61CFE2CBCC50233AC06E,FAE19F64F4C3B5351D95D1794CDC6A6AD0C8CB83,E689C03C0990FDCE4FD25C5F1DF17D5DA793B620,2020-09-26 22:53:20.734000,2020-09-26 22:53:25.574000
3y4vswdobfztnltb,failed,not_found,396,F94A7BAC5D1E3D9372437141E10695A625B8B533,A66E5782FE6097D2824044466776FE912AEFD85B,8F89078575FEE57675A922E9E088918F63AC750C,E6898F94A2CBF583B48FB16D2C37F9B55037E9F9,2020-09-26 22:53:25.574000,2020-09-26 22:53:28.348000
3y4vswdobfztnltb,failed,not_found,430,F94A7BAC5D1E3D9372437141E10695A625B8B533,2E72EEABE4EE19183BEFAA10D88B3C16829C9F99,492FF91A6B43110681F7D5DD3B380E537699D3F1,E65BA17239C454A82082B0B4F3DDD8D83E4FD893,2020-09-26 22:53:28.349000,2020-09-26 22:53:29.382000
hf7mwowzpazzs3uj,failed,not_found,262,F94A7BAC5D1E3D9372437141E10695A625B8B533,896364B7996F5DFBA0E15D1A2E06D0B98B555DD6,25E078CD1E537A7418318168F7E1990EF2A160C8,E9A6E1549300C3551071B71AC547E2568D9F7CEE,2020-09-26 22:53:15.304000,2020-09-26 22:53:17.406000
hf7mwowzpazzs3uj,failed,not_found,275,F94A7BAC5D1E3D9372437141E10695A625B8B533,63C6AB74A5C288C2159DDC783BB00F88AB44427C,EE7CD2A763435C7006095BD167C790ABE5BC4DEA,E9A90B9FF0574410695BA5F5C8354368221A7114,2020-09-26 22:53:17.406000,2020-09-26 22:53:18.419000
hf7mwowzpazzs3uj,failed,not_found,292,F94A7BAC5D1E3D9372437141E10695A625B8B533,96560F12D1FD54131C59A2352829C2750E5EB796,5C83A9F985E2ACFBC3D3E5DB7F5C7C91FF7FE7AA,E9CA6548917DE6961B09B257D2AA803C8A5BC657,2020-09-26 22:53:18.420000,2020-09-26 22:53:19.678000
hf7mwowzpazzs3uj,failed,not_found,308,F94A7BAC5D1E3D9372437141E10695A625B8B533,F37374DB9FA6EF14CED64FD294E8D8683F032EC8,8BE79CE3261C027CE94F84D6CBE45F03BE9B8B59,CBA653B8678CF7BEF7C2C1BCDCA0807CD449A8AB,2020-09-26 22:53:19.679000,2020-09-26 22:53:20.502000
hf7mwowzpazzs3uj,failed,not_found,321,F94A7BAC5D1E3D9372437141E10695A625B8B533,E459E02374D0385D2E2515CBBE707EA208966BCF,5B1F0DAF378A1FAFCFD5FA9CDC66D1023DC0276E,CB9D5FB6DFF0D5E3E283446C4BFC31B88A20A4AE,2020-09-26 22:53:20.503000,2020-09-26 22:53:21.375000
hf7mwowzpazzs3uj,failed,not_found,334,F94A7BAC5D1E3D9372437141E10695A625B8B533,200473B7974E8D78B75B28DBD6C218DA3A0B8059,DEF8C760A79FEF2358E03AE5A1950086ABEB953E,CB92FA4D7D71F134CE1F1FFF2BFF53E88DD4A1DB,2020-09-26 22:53:21.375000,2020-09-26 22:53:22.218000
gotjy5hwvvdpiplh,failed,not_found,252,F94A7BAC5D1E3D9372437141E10695A625B8B533,75FE5236E67FFA4A44C1152C35EAB36360E4D7DF,CEC92F3BE8A2F3A46D3C042721D6BDBF2F40F4C5,DE82EEFA24410DA17CB3CA3EE3C9552349BD5F1D,2020-09-26 22:53:15.314000,2020-09-26 22:53:16.137000
gotjy5hwvvdpiplh,failed,not_found,255,F94A7BAC5D1E3D9372437141E10695A625B8B533,1079E628FC6B0025656AC024F2D9975C441498CD,7A3E534C033E3836BD5AF223B642853C502AB33A,DE8A58FCD4B84ADEC1F25078CD63F4BFC3DC9C80,2020-09-26 22:53:16.137000,2020-09-26 22:53:16.681000
gotjy5hwvvdpiplh,failed,not_found,307,F94A7BAC5D1E3D9372437141E10695A625B8B533,03E0F4EE272731601773F48E64240D3A8896A5E3,68F175CCABE727AA2D2309BCD8789499CEE36ED7,DE81E82F60AFCA34FB5F94D78F590FEEBB435CDC,2020-09-26 22:53:16.681000,2020-09-26 22:53:20.887000
gotjy5hwvvdpiplh,failed,not_found,318,F94A7BAC5D1E3D9372437141E10695A625B8B533,A1699AF5D7E0294E45D42FFA697F762BA26340E9,2AD82F3964D325B3FE2FF74E980FB006374EF190,FD2F9B881AC640100C428DF47DC9A863DC2F2536,2020-09-26 22:53:20.887000,2020-09-26 22:53:21.250000
gotjy5hwvvdpiplh,failed,not_found,331,F94A7BAC5D1E3D9372437141E10695A625B8B533,E9A90B9FF0574410695BA5F5C8354368221A7114,6940247E04C839D268543E7F62566A91E40567E3,FD127D1014ED3D36AFE50558A88BD5E8DB34A645,2020-09-26 22:53:21.250000,2020-09-26 22:53:22.619000
gotjy5hwvvdpiplh,failed,not_found,351,F94A7BAC5D1E3D9372437141E10695A625B8B533,B91A1EB30E66D52026EFCD1E96BFC0E966C83E6D,04C3468BE24740347CBCC00534C940DBCBCABC82,FD00BDB335960AFDCA6CD565B81DEF2BA7F27E7D,2020-09-26 22:53:22.620000,2020-09-26 22:53:23.586000
zhcd2ztvcitqqhhh,failed,not_found,260,F94A7BAC5D1E3D9372437141E10695A625B8B533,3E3CBA3F2870CE76A41D3E97A8D838AA703586E3,D60C2D85EAD93D23F1C00874D334BBF8A96CD529,8EA58F28DCA60F56C6F2131BDFE9BF5FAF2233CE,2020-09-26 22:53:16.304000,2020-09-26 22:53:17.272000
zhcd2ztvcitqqhhh,failed,not_found,271,F94A7BAC5D1E3D9372437141E10695A625B8B533,AFF320BA96E4338B61A008D2CA250FFE0E23B09C,DE178E6E0E78159F4835EF33AB3CA416A8332847,3408A01A949BE1579705112F83CF2BFB5FA8A204,2020-09-26 22:53:17.273000,2020-09-26 22:53:18.636000
zhcd2ztvcitqqhhh,failed,not_found,295,F94A7BAC5D1E3D9372437141E10695A625B8B533,F6CD4DBF5850AC4386DD9A424918AD3C6BA2716F,12FD624EE73CEF37137C90D38B2406A66F68FAA2,33DBA330433E2915BD0EE66787A48863C818C0BB,2020-09-26 22:53:18.637000,2020-09-26 22:53:20.003000
zhcd2ztvcitqqhhh,failed,not_found,303,F94A7BAC5D1E3D9372437141E10695A625B8B533,06BBEAA6F73759A1795EB461D39D2AA168F305D1,4011E1BB0E5B9A22AF665B553BFFDDE22A517B16,8EB53B7C8D8E2FF830DA324A05BE8CE954BABC55,2020-09-26 22:53:20.004000,2020-09-26 22:53:20.594000
zhcd2ztvcitqqhhh,failed,not_found,329,F94A7BAC5D1E3D9372437141E10695A625B8B533,E20A99DE17D99F73D888C7D33C46807B71A197FB,761A60D0364D9AA03114F72550483287ED060B2D,34133CC3192CF7538089B14511400DF21BA5A077,2020-09-26 22:53:20.595000,2020-09-26 22:53:22.946000
zhcd2ztvcitqqhhh,failed,not_found,349,F94A7BAC5D1E3D9372437141E10695A625B8B533,BFD3FC19AD1F691C01B5392DE90D3510B8D1B886,44BD70C13DAA7513D6F47773804178B009F21ED5,8E8E9D3FD1F25814CDB57A7DBAA290114EADE7BE,2020-09-26 22:53:22.946000,2020-09-26 22:53:23.410000
uelgquuqb5tmzi4e,failed,not_found,261,F94A7BAC5D1E3D9372437141E10695A625B8B533,A2E6BB5C391CD46B38C55B4329C35304540771F1,EEDF0AF1F892C82F056063827B47283CC9AEAA41,BE394E28DCE7CAE18FA9F18321771E2102F9F5D1,2020-09-26 22:53:16.312000,2020-09-26 22:53:17.077000
uelgquuqb5tmzi4e,failed,not_found,268,F94A7BAC5D1E3D9372437141E10695A625B8B533,CF6B9B69DAC1F851D8073B2E1BB3FD7A50DB507D,8BE79CE3261C027CE94F84D6CBE45F03BE9B8B59,A231513B758330E6E6DB18F5B6EC6DAAA406C31D,2020-09-26 22:53:17.077000,2020-09-26 22:53:19.038000
uelgquuqb5tmzi4e,failed,not_found,297,F94A7BAC5D1E3D9372437141E10695A625B8B533,B96B5141004995295FE87DCCE1A54519BD0BB48A,3D636FB9D24EA781C3C2766C051064C6CA1C0D96,BE1E17C00A4BE0FF280CFE062D03F261061E2E63,2020-09-26 22:53:19.038000,2020-09-26 22:53:20.193000
uelgquuqb5tmzi4e,failed,not_found,312,F94A7BAC5D1E3D9372437141E10695A625B8B533,6B7ABD237CF25E5F787F365AF5FC4C86F0213A9F,215616527FB97ED5BE0BF8D2166BDB44EEB6A840,BE3B9024A0EBBE72FF212979FB695FC6117E1EF5,2020-09-26 22:53:20.194000,2020-09-26 22:53:23.845000
uelgquuqb5tmzi4e,failed,not_found,366,F94A7BAC5D1E3D9372437141E10695A625B8B533,32EB288C0EFB52964CCF8EF28BE6BC7FF592BB58,41145C3169D810DB360FF2FCA232093B02C0B262,A212DA5DAF940D8CA63064926A1B0FF035DDCE02,2020-09-26 22:53:23.846000,2020-09-26 22:53:24.694000
uelgquuqb5tmzi4e,failed,not_found,382,F94A7BAC5D1E3D9372437141E10695A625B8B533,8AAD0B090311B7A43D44FD353F32D21628C85D52,A2F7674E837C4131D70A840262AFC269801F14BA,A22B1C2EF2255987F8AB8AA0B1A8E23F5023EEB8,2020-09-26 22:53:24.694000,2020-09-26 22:53:25.759000
enplx2vfkns2o6r6,failed,not_found,272,F94A7BAC5D1E3D9372437141E10695A625B8B533,0B555940D37DC849728841C0B290074E1A1BDCA8,C86C538EF0A24E010342F30DBCACC2A7EB7CA833,197CEA93D6643434C074EE7C2431F0B369A01491,2020-09-26 22:53:17.332000,2020-09-26 22:53:18.122000
enplx2vfkns2o6r6,failed,not_found,283,F94A7BAC5D1E3D9372437141E10695A625B8B533,970F0966DAA7EBDEE44E3772045527A6854E997B,8F22AFDD06AA4238ADD93A8EA6FBC2BB9C652711,198F12E2DEFBE6BEEBC38B2FEDD615AECB38DA7A,2020-09-26 22:53:18.123000,2020-09-26 22:53:18.990000
enplx2vfkns2o6r6,failed,not_found,296,F94A7BAC5D1E3D9372437141E10695A625B8B533,557B39146EB121C8CFA22C48AD78BDBDBC8FF3A1,F9E32D4058F7F35E9BC4F1D8C3B2DAA0C4466660,19D353B8AA0927DF82CB26E0396C57BE27C0ACC5,2020-09-26 22:53:18.991000,2020-09-26 22:53:20.047000
enplx2vfkns2o6r6,failed,not_found,309,F94A7BAC5D1E3D9372437141E10695A625B8B533,76D3CC1A906732C8B7F90E9B5A0FF3BE4A4A52DF,0F6E56C326DC9719942E8BBA58C22F71332DA891,B923D15EDF4E7B1261876860D51FAB907ED18347,2020-09-26 22:53:20.048000,2020-09-26 22:53:21.017000
enplx2vfkns2o6r6,failed,not_found,326,F94A7BAC5D1E3D9372437141E10695A625B8B533,5C818A86C30F51951EA054E0730DF62E4F35E964,C5F214F7F9CCBF09324C9AA032760150243A196C,B9324F1BEDB1DF62AEE219B0CC41507CE710BA3C,2020-09-26 22:53:21.017000,2020-09-26 22:53:22.462000
enplx2vfkns2o6r6,failed,not_found,350,F94A7BAC5D1E3D9372437141E10695A625B8B533,63540827C4832D214984EA47B7A68C593F9F862F,0C3D5E19E3C75B505C8ACD26F89DCA2DF970553E,B93503D458D9FE97DE5C12D211082871D08F1284,2020-09-26 22:53:22.463000,2020-09-26 22:53:23.486000
mtajblhawbh5geiw,failed,not_found,273,F94A7BAC5D1E3D9372437141E10695A625B8B533,D54247E35545388D9C42E4716EDC59F67907789F,0B25110BA3473A6DC04AB58A3A0D5E4D6922A0E0,C92ECAF73512E2CCB15827A192B7AF3E9DBC896E,2020-09-26 22:53:17.333000,2020-09-26 22:53:18.186000
mtajblhawbh5geiw,failed,not_found,347,F94A7BAC5D1E3D9372437141E10695A625B8B533,FE1AF5E909002134BFF834F4AD5E1DE723779002,CBD00958A3B897774E333D75C24E6A75F5220DCC,E4E27D80236B421FAEA25797495B57E36FF9F7C2,2020-09-26 22:53:18.186000,2020-09-26 22:53:23.365000
mtajblhawbh5geiw,failed,not_found,359,F94A7BAC5D1E3D9372437141E10695A625B8B533,F5BF2C835E86DF291DC7D86DD1E1542F4887E3A7,C3CFCC9B5993A6F0D1349858C598C4A78AFE51F9,E4CB7449182806088DCD6A707F45809F0694A50A,2020-09-26 22:53:23.366000,2020-09-26 22:53:24.616000
mtajblhawbh5geiw,failed,not_found,380,F94A7BAC5D1E3D9372437141E10695A625B8B533,819C8AFEDAC733315A8F3DB80F043F13090C49F6,E7EF73B4722CFAF0E8AA2151D3AA78701DE5F19B,C9857DF26C27473F7338D613832C9C299ABF77BE,2020-09-26 22:53:24.617000,2020-09-26 22:53:25.503000
mtajblhawbh5geiw,failed,not_found,394,F94A7BAC5D1E3D9372437141E10695A625B8B533,F0A3054C76604DC75D3F57F55C27F1BFB643F107,C005F0CB30CD54CB45FF08ED151511A286B1B7CE,C92F69EE5756200F160CCFAFE9C3C984D3E6D561,2020-09-26 22:53:25.504000,2020-09-26 22:53:26.553000
mtajblhawbh5geiw,failed,not_found,405,F94A7BAC5D1E3D9372437141E10695A625B8B533,32F3621E84AEE1A211DBE70B0EAB89E41A7A8B9F,E5507444DAC04539B8DC624299616141B0DB64D5,E4D1F25DFBE484208866BA4A1A958B73127CB0AD,2020-09-26 22:53:26.553000,2020-09-26 22:53:27.606000
oxqvoorgjpfp4tyu,failed,not_found,287,F94A7BAC5D1E3D9372437141E10695A625B8B533,DA9E02BB8080E473157052F70439B7886AA8569D,9A48EC8AAFB2E8C9E20408596383DB74F1196747,6EEF8446BF9D43DA7F7D8505BDFC49BBE64BF822,2020-09-26 22:53:18.333000,2020-09-26 22:53:19.487000
oxqvoorgjpfp4tyu,failed,not_found,305,F94A7BAC5D1E3D9372437141E10695A625B8B533,58F3E2956EABB81F673E2FB90E16E001DB4AC3AE,8BE79CE3261C027CE94F84D6CBE45F03BE9B8B59,6EF78BB131DA33F9D266BC4BB5972261E34DBD13,2020-09-26 22:53:19.487000,2020-09-26 22:53:20.451000
oxqvoorgjpfp4tyu,failed,not_found,320,F94A7BAC5D1E3D9372437141E10695A625B8B533,870E97E5846D8308EA469A5BB5A50D2838503DBE,9E6BA60AFBF9A4946A52770ABCDFC95703DAD6CB,6E8E5CA9B6F567416ADA21E990E7746BC223B0C0,2020-09-26 22:53:20.452000,2020-09-26 22:53:21.997000
oxqvoorgjpfp4tyu,failed,not_found,336,F94A7BAC5D1E3D9372437141E10695A625B8B533,383CFCF03B225B3EDCA519197BAA310A58CEAABC,D6B74699E4BD65F8FF7BE0F293E04F237ED8DD67,6F1A2314C4A1ADEDFB7D419B6BB10D7BC40119F6,2020-09-26 22:53:21.997000,2020-09-26 22:53:24.146000
oxqvoorgjpfp4tyu,failed,not_found,371,F94A7BAC5D1E3D9372437141E10695A625B8B533,7A3E534C033E3836BD5AF223B642853C502AB33A,B93503D458D9FE97DE5C12D211082871D08F1284,6E66D978514FF86CDEF01FE30C23A1002925AA02,2020-09-26 22:53:24.146000,2020-09-26 22:53:25.174000
oxqvoorgjpfp4tyu,failed,not_found,388,F94A7BAC5D1E3D9372437141E10695A625B8B533,E9CE81CC21B63FD316F642E6AF867D6FE0C3A847,8685144AB7D8587718973AD1C3C33F957081B70B,6E4DC86BC268306583E6C5640F11F17677663EDE,2020-09-26 22:53:25.175000,2020-09-26 22:53:26.163000
intxgf4zpfxwyo5r,failed,not_found,288,F94A7BAC5D1E3D9372437141E10695A625B8B533,211310CD09EC290505C1F24018AE5330076412A0,3782F48481045AA7247913637EACE9E7225CF14D,E767C3B8295AD79B02E80A21345C9F2B3C2AD7DB,2020-09-26 22:53:18.333000,2020-09-26 22:53:19.087000
intxgf4zpfxwyo5r,failed,not_found,298,F94A7BAC5D1E3D9372437141E10695A625B8B533,C63110BDD8736D2C2A733FF962F58D58FDE63A2D,5DB9AE27A44EB7B476CC04A66C67A71C97A001E6,E778381BD386B4723877DE837A895F6E9C241607,2020-09-26 22:53:19.087000,2020-09-26 22:53:20.295000
intxgf4zpfxwyo5r,failed,not_found,314,F94A7BAC5D1E3D9372437141E10695A625B8B533,1E63C2CED3B6DDCD1078B2A4F10C8A48BD2C31A0,43E187B8C7361F47EA968ED5389435865D7F4FE7,E1BAB4F5B0E9D7891DCD9790C8F186D81728348F,2020-09-26 22:53:20.296000,2020-09-26 22:53:23.410000
intxgf4zpfxwyo5r,failed,not_found,361,F94A7BAC5D1E3D9372437141E10695A625B8B533,0CC18E42E5ECADFE76862CE2EB7189EFA17A11FD,F6740DEABFD5F62612FA025A5079EA72846B1F67,E233F3609689B34A86B15ECEB6DE7B51AA311704,2020-09-26 22:53:23.410000,2020-09-26 22:53:24.354000
intxgf4zpfxwyo5r,failed,not_found,376,F94A7BAC5D1E3D9372437141E10695A625B8B533,1E5618C079D74CF9AE0C5370DE4C6E1AFD5C0B39,8358BDDA9C9A680B4E3A2809E5C24F5B3624D5C2,E1DE607E31C2C0FB6F8FC959BF7B58CE35D95990,2020-09-26 22:53:24.354000,2020-09-26 22:53:25.123000
intxgf4zpfxwyo5r,failed,not_found,386,F94A7BAC5D1E3D9372437141E10695A625B8B533,083C52051140DB8AF770BD40C7C8883EFFF4CAF3,59CF9A030CC61A4432564738F46E30DB06893494,E7723680EA1F78E015DF312411990D5F5E815C27,2020-09-26 22:53:25.124000,2020-09-26 22:53:25.933000
dokal6326zg7fvth,failed,not_found,299,F94A7BAC5D1E3D9372437141E10695A625B8B533,461D6EA15966C7F99B43D37ADC116B5B8E47D130,672A56A583C658372E63ACEB43E7F791C2819548,E130296683B896A117CE5DA531A5645644178734,2020-09-26 22:53:19.333000,2020-09-26 22:53:20.412000
dokal6326zg7fvth,failed,not_found,317,F94A7BAC5D1E3D9372437141E10695A625B8B533,7FA3FA525901A91A1310B817943668BC2C16289E,2DF58694C18525A4892F514D01039BCF44A05433,E13F7EE1535ED8AEAB92A5EEAEE9A0C782ED33E2,2020-09-26 22:53:20.413000,2020-09-26 22:53:21.727000
dokal6326zg7fvth,failed,not_found,339,F94A7BAC5D1E3D9372437141E10695A625B8B533,2129BE984516F5A6449836F1FA36D42A1E191B4D,82ED9AEC94184EC6DD299A5CDB3378B04BB17489,E1468D867FA3230EC1DACFCA87A800BAF22E79E0,2020-09-26 22:53:21.727000,2020-09-26 22:53:23.173000
dokal6326zg7fvth,failed,not_found,356,F94A7BAC5D1E3D9372437141E10695A625B8B533,AE70B5E3AFA1D1A1F3B7327D17D931BE310ACC10,2D531C17827E0054DF612F26EEAAE51220CFE799,C239952D0C8E4EABC3E6B0A8E0B623689174E3C6,2020-09-26 22:53:23.173000,2020-09-26 22:53:24.872000
dokal6326zg7fvth,failed,not_found,384,F94A7BAC5D1E3D9372437141E10695A625B8B533,8CAA470B905758742203E3EB45941719FCA9FEEC,EFA2E7B073AA4CE2DAF7160F23C90DB805948F4A,C22BA9ED6DEE071D2B37B9718DCCFB6A53EAD5E6,2020-09-26 22:53:24.873000,2020-09-26 22:53:25.650000
dokal6326zg7fvth,failed,not_found,398,F94A7BAC5D1E3D9372437141E10695A625B8B533,FAAAD4B55963937B4118860A61BC9426C105D2DF,AA7630738F82C4DF26BB8EFF131564DACDEAC64C,C2481FAAA5508F6C2A64873972281220E9778476,2020-09-26 22:53:25.651000,2020-09-26 22:53:28.082000
w4fdjkizdsthn3r3,failed,not_found,300,F94A7BAC5D1E3D9372437141E10695A625B8B533,7C22E89AB620E77DF1B4A33787A5EC3F2AB4A8D1,886647272B44A7B37751182ADC48053860FB2AE9,E51620B90DCB310138ED89EDEDD0A5C361AAE24E,2020-09-26 22:53:19.333000,2020-09-26 22:53:20.171000
w4fdjkizdsthn3r3,failed,not_found,311,F94A7BAC5D1E3D9372437141E10695A625B8B533,AFFD147DBCC065A5CEF7258BC1367CC35855A431,F6740DEABFD5F62612FA025A5079EA72846B1F67,1D04FF920CE804CE357FE62C665901C578BC26D6,2020-09-26 22:53:20.171000,2020-09-26 22:53:21.016000
w4fdjkizdsthn3r3,failed,not_found,325,F94A7BAC5D1E3D9372437141E10695A625B8B533,4352D58B2641E8C1787750EFD3A07A88224967AC,BFA905EA10DFD54A38A0C119FAE00182DE4C173B,E54B0FA7D957593344B0C316C83ABC1CD2EE87EA,2020-09-26 22:53:21.017000,2020-09-26 22:53:22.302000
w4fdjkizdsthn3r3,failed,not_found,344,F94A7BAC5D1E3D9372437141E10695A625B8B533,C9D02B1644BD47C136E379FDFAF4973D1A1CE07C,1850585BE9BCA1F80D0A051909C94E49D1C49ED3,E52100E894FE8E5FA38EB6775C35685B9FD17E1F,2020-09-26 22:53:22.303000,2020-09-26 22:53:23.144000
w4fdjkizdsthn3r3,failed,not_found,353,F94A7BAC5D1E3D9372437141E10695A625B8B533,59EA74708A9C1A24D2EB1A2F150C27119A5FC2A6,D5C01B85FB3A48D55698CA660A2DE8935388816E,1D3174338A1131A53E098443E76E1103CDED00DC,2020-09-26 22:53:23.144000,2020-09-26 22:53:23.862000
w4fdjkizdsthn3r3,failed,not_found,363,F94A7BAC5D1E3D9372437141E10695A625B8B533,1119A89E729DB65839FB232A1E0F8669B0AE84DF,5AE12CAAA489A0739F56E79CC287526FAB55A6FB,1D25C7B2DD3C0BD55526DCF95B175EA3E95D9286,2020-09-26 22:53:23.862000,2020-09-26 22:53:24.276000
34lidnf2cak7s7t7,failed,not_found,315,F94A7BAC5D1E3D9372437141E10695A625B8B533,AA7630738F82C4DF26BB8EFF131564DACDEAC64C,23A2D8DDF761F35CC63BDF65E604B76A7E2F6971,E00DFD54DC165D5452FBD3530D30186DAD016A0C,2020-09-26 22:53:20.337000,2020-09-26 22:53:21.124000
34lidnf2cak7s7t7,failed,not_found,328,F94A7BAC5D1E3D9372437141E10695A625B8B533,31FC0066DA78D1464A2542E8D9EBF6FD6F99AE1E,5AD3FB658E490BAD9515F363374AA41D65D31A02,E00764EDD2D5DA338CEA2EED8691E1FCAAF4A6E9,2020-09-26 22:53:21.124000,2020-09-26 22:53:22.204000
34lidnf2cak7s7t7,failed,not_found,343,F94A7BAC5D1E3D9372437141E10695A625B8B533,3BAACE149DB31574B327BF835B594B707D12CD58,EA701E125642CEC0B29BBD389F75AF1801CE73FD,E006EA04C696BBD6E35407538131305FF3CB8C16,2020-09-26 22:53:22.204000,2020-09-26 22:53:23.163000
34lidnf2cak7s7t7,failed,not_found,355,F94A7BAC5D1E3D9372437141E10695A625B8B533,D7829A21726220AF77401BE5B2B132963A0BE82B,8111FEB45EF2950EB8F84BFD8FF070AB07AEE9DD,8BE58BA7A28DC6B4F211CE8EE86783B85133488D,2020-09-26 22:53:23.163000,2020-09-26 22:53:24.018000
34lidnf2cak7s7t7,failed,not_found,368,F94A7BAC5D1E3D9372437141E10695A625B8B533,DB16F1A69EDEFED20A2B341CC8E59241F62A399E,520306F17A0B107642E955D993B94BEA661B0984,8BE79CE3261C027CE94F84D6CBE45F03BE9B8B59,2020-09-26 22:53:24.019000,2020-09-26 22:53:25.433000
34lidnf2cak7s7t7,failed,not_found,392,F94A7BAC5D1E3D9372437141E10695A625B8B533,DC4F3F76FFDC5D55F3E917FAB263E76C03F4D666,66C102FA5DDF48C9EEEB048C1630933B66C50ECC,8C00FA7369A7A308F6A137600F0FA07990D9D451,2020-09-26 22:53:25.433000,2020-09-26 22:53:26.971000
i3n2o5zawbvsci5v,failed,not_found,316,F94A7BAC5D1E3D9372437141E10695A625B8B533,F5C3DA7642BB037E0D279359AE88CD7FC03A98A0,29A39144AD141242436D07901F7A8B91F7516A66,C793A33F28826D1F184504312C668EA8157AEF28,2020-09-26 22:53:20.338000,2020-09-26 22:53:21.060000
i3n2o5zawbvsci5v,failed,not_found,367,F94A7BAC5D1E3D9372437141E10695A625B8B533,D8733048FC8EC9102466AD8F3098622BF1BF71FD,782936C16BF876F5F59A1793ADB1C5B251DB65E7,197CEA93D6643434C074EE7C2431F0B369A01491,2020-09-26 22:53:21.060000,2020-09-26 22:53:24.962000
i3n2o5zawbvsci5v,failed,not_found,379,F94A7BAC5D1E3D9372437141E10695A625B8B533,8FD3BAF5E14EBE1124D6253D59882AFE1C2B9B8E,44354E35E9F7F97AF27686D03B0D591686E35394,C78AFFEEE320EA0F860961763E613FD2FAC855F5,2020-09-26 22:53:24.962000,2020-09-26 22:53:25.573000
i3n2o5zawbvsci5v,failed,not_found,395,F94A7BAC5D1E3D9372437141E10695A625B8B533,B536B71A1F5599C39FC8B1915D2EBE3A0DEB1403,DBE82FA23B9FE3CB2462A6FCF5289DED3CBF4AEE,C78D4AB34C920D156160C811C39B1BB92A6BED7D,2020-09-26 22:53:25.573000,2020-09-26 22:53:26.621000
i3n2o5zawbvsci5v,failed,not_found,407,F94A7BAC5D1E3D9372437141E10695A625B8B533,014E24C0CD21D2B9829E841D5EC1D3C415F866BF,438E8C214576AF13480A550D45C116F43333C319,195712E96FD1C1B18D14D09E9E4E7A6416E23B2C,2020-09-26 22:53:26.621000,2020-09-26 22:53:27.783000
i3n2o5zawbvsci5v,failed,not_found,417,F94A7BAC5D1E3D9372437141E10695A625B8B533,5C4A1682FADF221DF46FFA32FE65826DCF79185F,861BCFDD148973985E7FE97C7455C9E4AC4E13BE,198F12E2DEFBE6BEEBC38B2FEDD615AECB38DA7A,2020-09-26 22:53:27.783000,2020-09-26 22:53:28.241000
24q2vwmpu5oeaokt,failed,not_found,332,F94A7BAC5D1E3D9372437141E10695A625B8B533,B85472EA7F89B0572C0D3A4D039BF74A67B2963F,0F977B4D6EBEECD578AC838A5FDDC81B636060A7,36414078C521BA19168260F6DF23C97995976289,2020-09-26 22:53:21.336000,2020-09-26 22:53:23.162000
24q2vwmpu5oeaokt,failed,not_found,354,F94A7BAC5D1E3D9372437141E10695A625B8B533,38F21DEE29E40DCDF9460A80662B7723562CA008,CEC92F3BE8A2F3A46D3C042721D6BDBF2F40F4C5,36045C1900EC3FDF1DDA9BEC72DDF7DE50DAF021,2020-09-26 22:53:23.163000,2020-09-26 22:53:24.030000
24q2vwmpu5oeaokt,failed,not_found,369,F94A7BAC5D1E3D9372437141E10695A625B8B533,B1289B91C190A6803C1ADA6E381C0843CE039D70,AFA0C24F635C3E198A151D09A796430F0778BA65,51CD9DB00357405FC41AF0FA513688D02BDA0C0E,2020-09-26 22:53:24.031000,2020-09-26 22:53:24.805000
24q2vwmpu5oeaokt,failed,not_found,428,F94A7BAC5D1E3D9372437141E10695A625B8B533,77A56CB237740E24AEA2D61C8C8936232AFC1BD8,F0A3054C76604DC75D3F57F55C27F1BFB643F107,361FAD570CA5DECF10A1C27EC3F8961D076E10D2,2020-09-26 22:53:24.806000,2020-09-26 22:53:29.358000
24q2vwmpu5oeaokt,failed,not_found,442,F94A7BAC5D1E3D9372437141E10695A625B8B533,35513B1D2EA70649346C3C6D34F63D6982E3948A,C7FF606D59C7F6BECA8A341D3CF11B423F382D5D,51D3F56EC4543E191B13E614A298ECBC35BEA92E,2020-09-26 22:53:29.359000,2020-09-26 22:53:30.426000
24q2vwmpu5oeaokt,failed,not_found,458,F94A7BAC5D1E3D9372437141E10695A625B8B533,B85E6AB2B5F115536B2DA847A3FB99B8A985D437,D000291816C0D9EE531FA4DD185EC1AD80386A5A,51E1CF613FD6F9F11FE24743C91D6F9981807D82,2020-09-26 22:53:30.426000,2020-09-26 22:53:31.528000
gwm5q5tf367msgca,failed,not_found,333,F94A7BAC5D1E3D9372437141E10695A625B8B533,774908E4A3018A9696BD02FE4F3F8A8724396D22,361D33C96D0F161275EE67E2C91EE10B276E778B,60769652C04712912E6E21CED1F08DC797789A75,2020-09-26 22:53:21.337000,2020-09-26 22:53:22.094000
gwm5q5tf367msgca,failed,not_found,341,F94A7BAC5D1E3D9372437141E10695A625B8B533,CDA9361C072A86719AA3D5A283F5BFBCBF82133B,E9A90B9FF0574410695BA5F5C8354368221A7114,605EE4375EE4C38215C8949F5808863749FD4F4A,2020-09-26 22:53:22.095000,2020-09-26 22:53:23.445000
gwm5q5tf367msgca,failed,not_found,362,F94A7BAC5D1E3D9372437141E10695A625B8B533,453E51CBAA4C2169EBCB05583247DD6201E87FAD,84F0FEBFDFA8FBC6A2EA27F87EBB31F050AFD04D,60685893A57D66562A0754BEE3B6A6E68082C8BE,2020-09-26 22:53:23.446000,2020-09-26 22:53:24.325000
gwm5q5tf367msgca,failed,not_found,410,F94A7BAC5D1E3D9372437141E10695A625B8B533,39379E4177FFFB0ED90C2013D97668BD284A1798,F9910CE2A3E9D467FCDD9D5228695BA1827B010D,8BAFFAA25FA37A692869E522F5E4C80B37AFED90,2020-09-26 22:53:24.327000,2020-09-26 22:53:30.103000
gwm5q5tf367msgca,failed,not_found,452,F94A7BAC5D1E3D9372437141E10695A625B8B533,FE1B74C7CEE0493613929A92F9A1D890E58DC649,DAD19570682F47FB775B263330BD62B7BF0DEEA8,8BE58BA7A28DC6B4F211CE8EE86783B85133488D,2020-09-26 22:53:30.104000,2020-09-26 22:53:30.965000
gwm5q5tf367msgca,failed,not_found,465,F94A7BAC5D1E3D9372437141E10695A625B8B533,B8E514ADDC653D61DE1FCB67821BB0303778782F,A2C6C931D8627C6605288970889DDB88C7BA2142,8B9B72D9613E1B674A17DAA6A11FE336C3427191,2020-09-26 22:53:30.965000,2020-09-26 22:53:32.845000
t3ghjsh64ky6od5i,failed,not_found,345,F94A7BAC5D1E3D9372437141E10695A625B8B533,B98DF300E5EA67357A7F5DDFBA213E6E8312A27C,E8BAE7393740A700D50B010DED9D9EC9A66B390D,183C8C6727E2137AF278B3850AD5D9C2304B98C9,2020-09-26 22:53:22.345000,2020-09-26 22:53:23.365000
t3ghjsh64ky6od5i,failed,not_found,358,F94A7BAC5D1E3D9372437141E10695A625B8B533,0CDCFB0B6E1500E57BDD7F240543EBAEF81C11CA,E6C04728E9339DF22F331B7017D4A7AA3F252F0B,1850585BE9BCA1F80D0A051909C94E49D1C49ED3,2020-09-26 22:53:23.365000,2020-09-26 22:53:24.129000
t3ghjsh64ky6od5i,failed,not_found,370,F94A7BAC5D1E3D9372437141E10695A625B8B533,C5A1D5B7CB0D12A7B7334F2915134E6DA8F5C46D,99339F3E68BCCC1391BF14C821D80766FE0C5956,1841CB960128806151B61FC6D87AFBE9A98B99D7,2020-09-26 22:53:24.129000,2020-09-26 22:53:25.123000
t3ghjsh64ky6od5i,failed,not_found,385,F94A7BAC5D1E3D9372437141E10695A625B8B533,DF81D831D4FF686F52C9ACAA9EB5711F95BF4DD4,088A6237EED87EDEB0E1E3AD0A4A419F963F0787,C866C38DA2D102CD88E138F0AF3A9D6B72606730,2020-09-26 22:53:25.123000,2020-09-26 22:53:27.156000
t3ghjsh64ky6od5i,failed,not_found,411,F94A7BAC5D1E3D9372437141E10695A625B8B533,9AFAFAF168741F001305BBD122B7A7DBA8665353,A59AD84F92B2E5A76EBFE3BE62D3B28AF9BFD127,C86C538EF0A24E010342F30DBCACC2A7EB7CA833,2020-09-26 22:53:27.156000,2020-09-26 22:53:29.022000
t3ghjsh64ky6od5i,failed,not_found,436,F94A7BAC5D1E3D9372437141E10695A625B8B533,722BA3958D6F4B9A7CE927001CE7FED8625A749E,0D7C69551F9186DB589BDF00858314AC136A33DA,C841357CFA0F2CE96692EF21D515D6BF0B017036,2020-09-26 22:53:29.022000,2020-09-26 22:53:29.738000
b4ivwu4uzkjceyhh,failed,not_found,403,F94A7BAC5D1E3D9372437141E10695A625B8B533,0B58A95E539FFA6C05C010F5C1DA35FB8038E3A8,224C3DD1DFF6F11219604870D48953249EE3C26F,40CDE936B04B4573A47223396006443CA5EAC845,2020-09-26 22:53:22.345000,2020-09-26 22:53:27.824000
b4ivwu4uzkjceyhh,failed,not_found,420,F94A7BAC5D1E3D9372437141E10695A625B8B533,D7829A21726220AF77401BE5B2B132963A0BE82B,8E76F1F6E8499CCE975C451560586A5F8BF0BFDB,94F16DA2BDDBA092954FF8EC29F9234A69949403,2020-09-26 22:53:27.825000,2020-09-26 22:53:28.611000
b4ivwu4uzkjceyhh,failed,not_found,432,F94A7BAC5D1E3D9372437141E10695A625B8B533,AB10D5040BCBBA912FA448B8CF2A653DC8ACDC2C,361D33C96D0F161275EE67E2C91EE10B276E778B,94EC34B871936504BE70671B44760BC99242E1F3,2020-09-26 22:53:28.612000,2020-09-26 22:53:30.159000
b4ivwu4uzkjceyhh,failed,not_found,453,F94A7BAC5D1E3D9372437141E10695A625B8B533,ECD0056646689244CF2BC52FE158A24E037ED227,96DCD1D17C1F0FA4DED207C148E54C0A55553076,40D37C29CAB20A2C078B269AE4E944B1E0BD5A97,2020-09-26 22:53:30.159000,2020-09-26 22:53:31.678000
b4ivwu4uzkjceyhh,failed,not_found,478,F94A7BAC5D1E3D9372437141E10695A625B8B533,930106E732385FD01810AB243E7022C42639BC06,9171101E709ADE5881F5E2CA1100D4044B44263E,40C773D9F2B16143CDB2ADB661DDC6BB12EF3E2C,2020-09-26 22:53:31.679000,2020-09-26 22:53:32.662000
b4ivwu4uzkjceyhh,failed,not_found,490,F94A7BAC5D1E3D9372437141E10695A625B8B533,1F97BE0788A261FF978C082E0AB44ADD96AF1F7A,4FF53BC47097B50DA5B68D72C5B25CC079F4A787,94F367A130296C9EB92BE32E25AAEB7F227DE0D6,2020-09-26 22:53:32.663000,2020-09-26 22:53:33.592000
qcm46parnlntawia,failed,not_found,357,F94A7BAC5D1E3D9372437141E10695A625B8B533,C92F69EE5756200F160CCFAFE9C3C984D3E6D561,86CDD0D92AB972538416A382D99666736CDDF141,5A224EFAC453F7EF2D0435E336890DECDC5CEBFD,2020-09-26 22:53:23.323000,2020-09-26 22:53:24.225000
qcm46parnlntawia,failed,not_found,427,F94A7BAC5D1E3D9372437141E10695A625B8B533,D5C6F62A5D1B3C711CA5E6F9D3772A432E96F6C2,E3B0739EEFFF0DE4203BBE8563F2A1C89D410347,5C4B505FCFCE0E340A86D0E7960B24A13ED5677C,2020-09-26 22:53:24.226000,2020-09-26 22:53:29.359000
qcm46parnlntawia,failed,not_found,443,F94A7BAC5D1E3D9372437141E10695A625B8B533,C1B513BB5E15A1887B6ADCA8C010630732FC389A,7A2A6F39F485C4FC95FB885FFF37C436FD2BB7E5,5C42C5D7824DB75EBC5CBE2DE1DB985EA4970D7F,2020-09-26 22:53:29.359000,2020-09-26 22:53:30.659000
qcm46parnlntawia,failed,not_found,463,F94A7BAC5D1E3D9372437141E10695A625B8B533,F836446663F1EB816F13708955F105D0B2F5C8E0,2CF2DFBA221B77E96E9FE69725AE82F4E101BE4A,5C4A1682FADF221DF46FFA32FE65826DCF79185F,2020-09-26 22:53:30.660000,2020-09-26 22:53:31.523000
qcm46parnlntawia,failed,not_found,578,F94A7BAC5D1E3D9372437141E10695A625B8B533,D1AE7E838DF635EB1367F202B84946D73142CDAD,C37F87C0125E26E6ACF54366FA2198209E856ABE,5A49AB08F68AA087CD7E18299CC56577D8A07747,2020-09-26 22:53:31.523000,2020-09-26 22:53:40.513000
qcm46parnlntawia,failed,not_found,589,F94A7BAC5D1E3D9372437141E10695A625B8B533,86CDD0D92AB972538416A382D99666736CDDF141,B401E30710C7623EAC3F1AF34684335E911EBD2B,5A2C2BF25864F185AA91D2915943525609AC7F13,2020-09-26 22:53:40.513000,2020-09-26 22:53:42.838000
gqyp6hj2x57ey4eo,failed,not_found,360,F94A7BAC5D1E3D9372437141E10695A625B8B533,9E4CC64C4F94C359D43C5BA09094323FDBEFD975,CB1EC403A7331FE26F218D178DF8908014CC4F65,86F2828CB4B0875515607F4E2097951542B713EF,2020-09-26 22:53:23.408000,2020-09-26 22:53:24.428000
gqyp6hj2x57ey4eo,failed,not_found,377,F94A7BAC5D1E3D9372437141E10695A625B8B533,D6ADA048980EB4314990D7F2BB40B848D605F985,F0A3054C76604DC75D3F57F55C27F1BFB643F107,2E72EEABE4EE19183BEFAA10D88B3C16829C9F99,2020-09-26 22:53:24.429000,2020-09-26 22:53:26.906000
gqyp6hj2x57ey4eo,failed,not_found,404,F94A7BAC5D1E3D9372437141E10695A625B8B533,93F97B76A7D0F0947C4C75AC62017E45BBFE6C08,12D552E8AF7AA2B71B218B5BBF6A5FEFA6F26BA0,2E74F4A6EB5ED3C0182A54900E3A671C5C8DB2D8,2020-09-26 22:53:26.907000,2020-09-26 22:53:27.335000
gqyp6hj2x57ey4eo,failed,not_found,416,F94A7BAC5D1E3D9372437141E10695A625B8B533,9C4DAED4759AA66D0E93EB27093BD21CFE2C2271,A024E420DD146541D5D7F6CFEB554C3A64F985EE,86CDD0D92AB972538416A382D99666736CDDF141,2020-09-26 22:53:27.336000,2020-09-26 22:53:28.122000
gqyp6hj2x57ey4eo,failed,not_found,422,F94A7BAC5D1E3D9372437141E10695A625B8B533,CC605FEC74F20D49995D8FAAFF7365954233B85D,FF21B755C60C998E25EDC5864F709C2ED5C38F9D,2E8E7262E39EF1661CC1173AA0F4731C921975A1,2020-09-26 22:53:28.123000,2020-09-26 22:53:28.859000
gqyp6hj2x57ey4eo,failed,not_found,435,F94A7BAC5D1E3D9372437141E10695A625B8B533,7185B69E3267E71D0E4CBE30209677205DEA5E67,E947C029087FA1C3499BEF5D4372947C51223D8F,86D924EDE1498B4E1DD08D2260F3E9FE454012E1,2020-09-26 22:53:28.860000,2020-09-26 22:53:29.738000
epn6hoitti6pkzc3,failed,not_found,373,F94A7BAC5D1E3D9372437141E10695A625B8B533,DEF8C760A79FEF2358E03AE5A1950086ABEB953E,055E271A48AA082E6A9FE88EA58DB73A600CDF24,22A3E5C3A74CC41D21E90F14862D3FAA9F41506C,2020-09-26 22:53:24.305000,2020-09-26 22:53:25.144000
epn6hoitti6pkzc3,failed,not_found,387,F94A7BAC5D1E3D9372437141E10695A625B8B533,B204DE75B37064EF6A4C6BAF955C5724578D0B32,6ED48ED0DD8CB8C626FFD8597C01F2D43AEE8D01,0935BA9178F9E3B50C99DD53F723865FC224CFA8,2020-09-26 22:53:25.144000,2020-09-26 22:53:26.090000
epn6hoitti6pkzc3,failed,not_found,393,F94A7BAC5D1E3D9372437141E10695A625B8B533,DBE82FA23B9FE3CB2462A6FCF5289DED3CBF4AEE,89FF4A0818D8BE9F8B71338D96A6B854F77F9FEC,22979D549AA1F0B7748A092E723D1926AC9FE570,2020-09-26 22:53:26.091000,2020-09-26 22:53:26.586000
epn6hoitti6pkzc3,failed,not_found,406,F94A7BAC5D1E3D9372437141E10695A625B8B533,11ABDB4D0B944F186A898560CB82C70439957DCA,950134F4ABA3291EEE4E7A2F26546DB7070776A4,091BB38D8A641014A652A36A8827A9E30EEEA882,2020-09-26 22:53:26.586000,2020-09-26 22:53:27.518000
epn6hoitti6pkzc3,failed,not_found,418,F94A7BAC5D1E3D9372437141E10695A625B8B533,B0A63BC3FDA67A7ADD1BE08BAA8309C4B204D29B,3D5D6178C44537E3692853B344385F6572A55767,091F0E777170A967C60069B10F5404C3D14E90E8,2020-09-26 22:53:27.518000,2020-09-26 22:53:28.578000
epn6hoitti6pkzc3,failed,not_found,431,F94A7BAC5D1E3D9372437141E10695A625B8B533,539572FE3430A83E8F502052FC7E178E20A07EE0,CEC92F3BE8A2F3A46D3C042721D6BDBF2F40F4C5,229D865D7AC084D30E5F5016CE5A8C21740F74F4,2020-09-26 22:53:28.578000,2020-09-26 22:53:29.258000
rvf3fn6yuxxffas5,failed,not_found,374,F94A7BAC5D1E3D9372437141E10695A625B8B533,65379EED488599B0A1512E80D4743BC9125CB306,463EC48C759132EBF7C1A5BCA3500EA0AC8FF998,01B70C7C497FC8667DB5EB82C40D8F9214D6A484,2020-09-26 22:53:24.315000,2020-09-26 22:53:25.375000
rvf3fn6yuxxffas5,failed,not_found,391,F94A7BAC5D1E3D9372437141E10695A625B8B533,4EBE3B18F7D38D0A2FDD67B47A55CB9069368723,B98DF300E5EA67357A7F5DDFBA213E6E8312A27C,11C3D14A1166AEDED6D247A32DE6451F6C95223A,2020-09-26 22:53:25.376000,2020-09-26 22:53:26.199000
rvf3fn6yuxxffas5,failed,not_found,399,F94A7BAC5D1E3D9372437141E10695A625B8B533,1AAC19D892F84910AB94C45092241ABA3CFC4C89,41145C3169D810DB360FF2FCA232093B02C0B262,120B535E53C4ACF968EF3AE269B224D1CF0F3C1E,2020-09-26 22:53:26.200000,2020-09-26 22:53:27.016000
rvf3fn6yuxxffas5,failed,not_found,409,F94A7BAC5D1E3D9372437141E10695A625B8B533,58F3E2956EABB81F673E2FB90E16E001DB4AC3AE,3BAACE149DB31574B327BF835B594B707D12CD58,11DF0017A43AF1F08825CD5D973297F81AB00FF3,2020-09-26 22:53:27.017000,2020-09-26 22:53:28.122000
rvf3fn6yuxxffas5,failed,not_found,421,F94A7BAC5D1E3D9372437141E10695A625B8B533,BF6F8415A57259BFB7C878C4956C689FB7ECB24A,EF6604B95A942F1C7AD807DF10F93B9E00C47A6B,019FEB22CE04CBD0489B7F24BE038518B64FA223,2020-09-26 22:53:28.122000,2020-09-26 22:53:29.240000
rvf3fn6yuxxffas5,failed,not_found,439,F94A7BAC5D1E3D9372437141E10695A625B8B533,1B02964F5C1DBFE957AE244525A213C115A9F23D,DA8D76F5F5819693B5C96F499BA19F7404014769,01AE2DE314276C82FCCC3603A1C2F3238E6544C9,2020-09-26 22:53:29.240000,2020-09-26 22:53:30.381000
syvvcbytgluybe5n,failed,not_found,389,F94A7BAC5D1E3D9372437141E10695A625B8B533,88CF8D42D49B7C8E9D03ABE5DAE7AF25E9902008,84CB0782C8CA81A7263EE86F321EDFECC611369A,F664E5E50B4D216E5940DA7E9CF653F5F9DC561B,2020-09-26 22:53:25.305000,2020-09-26 22:53:26.232000
syvvcbytgluybe5n,failed,not_found,400,F94A7BAC5D1E3D9372437141E10695A625B8B533,18B160CD5E22BFC345AEE7BA84B7EA45BF457FCA,1A6CD4A78BC5A4F19CF2F27C4AB32E44C8B20769,F68A76522D356F89BEC286889A3822250567BE2E,2020-09-26 22:53:26.232000,2020-09-26 22:53:27.717000
syvvcbytgluybe5n,failed,not_found,419,F94A7BAC5D1E3D9372437141E10695A625B8B533,60B1681670B185813E762B71F3C3B129A981F37B,901CBA6FF3B90618D3FFEFF040353C267F690DF8,10CA859C429A17EFF704CC53D0080940148D59DA,2020-09-26 22:53:27.718000,2020-09-26 22:53:28.713000
syvvcbytgluybe5n,failed,not_found,434,F94A7BAC5D1E3D9372437141E10695A625B8B533,61B8BDC91AA7BC9A05EB5A3D652FFF88C98E6911,DEF35CE8FCC5B5ED35DEC379A9EDF420FF419677,F6740DEABFD5F62612FA025A5079EA72846B1F67,2020-09-26 22:53:28.713000,2020-09-26 22:53:29.551000
syvvcbytgluybe5n,failed,not_found,446,F94A7BAC5D1E3D9372437141E10695A625B8B533,5EEE4C799C55FC8BBDB8EB5E65A48C60C8F15640,1CD48F4ED0F1821FFBF1940802A13EEFD4C27502,10B689D11CDCB8EB74BF394880508C975058C608,2020-09-26 22:53:29.551000,2020-09-26 22:53:30.362000
syvvcbytgluybe5n,failed,not_found,457,F94A7BAC5D1E3D9372437141E10695A625B8B533,823701D5C4C5D72C3FF533113F25A1922DED6303,AA7630738F82C4DF26BB8EFF131564DACDEAC64C,1115E5065C3EE149B683CA2D7131839F2656B5AD,2020-09-26 22:53:30.362000,2020-09-26 22:53:32.062000
2ytexnocuwcwjqev,failed,not_found,390,F94A7BAC5D1E3D9372437141E10695A625B8B533,352E99ED39D249358B1F65E773E6244033D5F4F5,3CFAD0798FF5D3B994F40B8971D4A79D84165A0D,A231513B758330E6E6DB18F5B6EC6DAAA406C31D,2020-09-26 22:53:25.316000,2020-09-26 22:53:27.175000
2ytexnocuwcwjqev,failed,not_found,412,F94A7BAC5D1E3D9372437141E10695A625B8B533,316F5BF8EC15CC961E54CC30781A63345D054DF8,0C3D5E19E3C75B505C8ACD26F89DCA2DF970553E,A22B1C2EF2255987F8AB8AA0B1A8E23F5023EEB8,2020-09-26 22:53:27.175000,2020-09-26 22:53:29.201000
2ytexnocuwcwjqev,failed,not_found,438,F94A7BAC5D1E3D9372437141E10695A625B8B533,7E44E0D39CE8666A98EA5DEBCBB8E12B3906410F,9D5A63EE59AE2F8F6A45A3180B9E891CF70F38FB,A212DA5DAF940D8CA63064926A1B0FF035DDCE02,2020-09-26 22:53:29.201000,2020-09-26 22:53:30.055000
2ytexnocuwcwjqev,failed,not_found,450,F94A7BAC5D1E3D9372437141E10695A625B8B533,79E3B585803DE805CCBC00C1EF36B1E74372861D,DAA21D2606CDB22CE218726D6F46D38A42524B03,5ADA85FC78D694F57ADBDCDF3EA7CC39CA552A85,2020-09-26 22:53:30.055000,2020-09-26 22:53:31.964000
2ytexnocuwcwjqev,failed,not_found,481,F94A7BAC5D1E3D9372437141E10695A625B8B533,AE17FAAF8F302A506AF2167666EC62882804403F,D0273C8566CC9AECE4C762376C9B066FE0F1DADD,5AE12CAAA489A0739F56E79CC287526FAB55A6FB,2020-09-26 22:53:31.964000,2020-09-26 22:53:32.703000
2ytexnocuwcwjqev,failed,not_found,492,F94A7BAC5D1E3D9372437141E10695A625B8B533,A13281DBD8F8E484E95DD273B3EE7FC14C1B0A7A,D37DD572BDA66FC03A33F257975A7F9C167AC8E5,5AD3FB658E490BAD9515F363374AA41D65D31A02,2020-09-26 22:53:32.704000,2020-09-26 22:53:34.650000
n2vaxwxoe4hezjf4,failed,not_found,401,F94A7BAC5D1E3D9372437141E10695A625B8B533,A6277ACC55DB0A488F615B9672427E0DD1B4F87C,9A7417BA401B8C7EFDE24945E18145A1EDA730E7,9FA8A16163FB6BDF228E45E329B0E5ACEDBD8309,2020-09-26 22:53:26.312000,2020-09-26 22:53:27.334000
n2vaxwxoe4hezjf4,failed,not_found,415,F94A7BAC5D1E3D9372437141E10695A625B8B533,0B19482AFB60C4C76BBB3DE510F1D52E3C612496,6118DDB580EEDD6FE5F8D3CC0DF1EE17D8A2A4C6,9F90783A672015D4D40F22902964B92AD0EA0C17,2020-09-26 22:53:27.335000,2020-09-26 22:53:28.819000
n2vaxwxoe4hezjf4,failed,not_found,429,F94A7BAC5D1E3D9372437141E10695A625B8B533,1C24A2669C7E0D62B2157B95F56ED00EE307C85C,90A5D1355C4B5840E950EB61E673863A6AE3ACA1,9F7D6E6420183C2B76D3CE99624EBC98A21A967E,2020-09-26 22:53:28.819000,2020-09-26 22:53:29.685000
n2vaxwxoe4hezjf4,failed,not_found,447,F94A7BAC5D1E3D9372437141E10695A625B8B533,03E0F4EE272731601773F48E64240D3A8896A5E3,7B7C7F31205D7AEB5DFFEDA08E00282A78CD76E0,26B09A4C9F6A9D4815DB46EBA3626A0ED8D71E8F,2020-09-26 22:53:29.686000,2020-09-26 22:53:30.516000
n2vaxwxoe4hezjf4,failed,not_found,462,F94A7BAC5D1E3D9372437141E10695A625B8B533,2F8B9500DC98C13FD28CC51E47D3416DE423ED78,4CFE65E16DBE9D9ED0CFFBD9BEEEE4EAE50CD33F,26BD25EF434E869DB33516CE7767747D23CF3590,2020-09-26 22:53:30.517000,2020-09-26 22:53:31.220000
n2vaxwxoe4hezjf4,failed,not_found,468,F94A7BAC5D1E3D9372437141E10695A625B8B533,221546DAE86B003139B13BD6F6AE1B4B42B59DF8,91BA193FB362FB7B6679A7A83A3050F3C44A5468,26B2BBE67149973AA6F631FD09E2A34E73253AB4,2020-09-26 22:53:31.220000,2020-09-26 22:53:32.530000
q4bejawvif7meboa,failed,not_found,408,F94A7BAC5D1E3D9372437141E10695A625B8B533,4CF9BAEB0DE6D7230D6B7DA0FF420C7CFD863885,A541C211909264081DC3A4F8E105F06139DDCD8B,6304781EA6C8D0A8638AD1A745CCCFEE77EBE55E,2020-09-26 22:53:26.333000,2020-09-26 22:53:28.651000
q4bejawvif7meboa,failed,not_found,433,F94A7BAC5D1E3D9372437141E10695A625B8B533,B3C6B4D26A20151F568D39ACFA63E15DBC01CD5D,D56A98D38FC3C75E0347EEF3DD9C12749AF7C7C5,76D3CC1A906732C8B7F90E9B5A0FF3BE4A4A52DF,2020-09-26 22:53:28.652000,2020-09-26 22:53:29.452000
q4bejawvif7meboa,failed,not_found,444,F94A7BAC5D1E3D9372437141E10695A625B8B533,D000291816C0D9EE531FA4DD185EC1AD80386A5A,425835370C1FBE178C21CB53C76672F12BDE091A,76DD184BC258220BA4657E88255972D27B84BA10,2020-09-26 22:53:29.452000,2020-09-26 22:53:30.301000
q4bejawvif7meboa,failed,not_found,454,F94A7BAC5D1E3D9372437141E10695A625B8B533,D08660B6D70B6249A57D89BB7A8F2EA2C952BD35,B204DE75B37064EF6A4C6BAF955C5724578D0B32,62F4994C6F3A5B3E590AEECE522591696C8DDEE2,2020-09-26 22:53:30.301000,2020-09-26 22:53:31.054000
q4bejawvif7meboa,failed,not_found,466,F94A7BAC5D1E3D9372437141E10695A625B8B533,ED3ACBBB89C5F1597A44A65D2FA203BDB8E208F2,E5CC91BAFE7CCD68003E873D32E38027638D49D7,76D2EBA82BBCCA3DF9F254A9A8372A10A26F3D14,2020-09-26 22:53:31.054000,2020-09-26 22:53:31.935000
q4bejawvif7meboa,failed,not_found,480,F94A7BAC5D1E3D9372437141E10695A625B8B533,83B5DB940A719B67F5BF616FEEC9D8D4F764D1AB,7DAC367AF33DBEFEDC684789490E213FD348BE36,6315278A91710062D90B288199EFA06E4AAA9E8F,2020-09-26 22:53:31.936000,2020-09-26 22:53:33.630000
r6bwbvg4enl2cy6j,failed,not_found,413,F94A7BAC5D1E3D9372437141E10695A625B8B533,A5562DC48B69D4E72777AA940EC64A69BE022178,C2F653A5CEE30C8D5713FA4AE7F75E992A479196,69B53A5AE5025DA8947F7C32F69CA90375ED2A4E,2020-09-26 22:53:27.306000,2020-09-26 22:53:29.051000
r6bwbvg4enl2cy6j,failed,not_found,437,F94A7BAC5D1E3D9372437141E10695A625B8B533,80F89CB42A1257A6145C1B1D6463C795CB99A6A4,2D418A89F79DB4A8E658BA549FBB974D1D22DD1A,3E13E2EB87CCF5690564EE33E9F9F9F80B229FBB,2020-09-26 22:53:29.051000,2020-09-26 22:53:29.979000
r6bwbvg4enl2cy6j,failed,not_found,445,F94A7BAC5D1E3D9372437141E10695A625B8B533,708A968F3644F8A547156368FEA3DB664110E631,7992F172EDBE69B99F0190651BAC14DD0FD9E5C8,3E18FEBABD94CDC986416C957DF323FEDE97A2BD,2020-09-26 22:53:29.980000,2020-09-26 22:53:30.446000
r6bwbvg4enl2cy6j,failed,not_found,459,F94A7BAC5D1E3D9372437141E10695A625B8B533,CD39C258265B25EAA4ABA4FDCB2DF98104CAA362,A96DA63E4415E776FBFCCF3DA7154C804534B6E7,69C4C2CFCF6B418636976B5FFC0140A3BE211312,2020-09-26 22:53:30.447000,2020-09-26 22:53:31.263000
r6bwbvg4enl2cy6j,failed,not_found,469,F94A7BAC5D1E3D9372437141E10695A625B8B533,39C6F833D4B09524770D3655DF825A11213CA0A9,AE17FAAF8F302A506AF2167666EC62882804403F,3E04505D362AA324E6E4E1C8516CCD9EF4D41B9C,2020-09-26 22:53:31.263000,2020-09-26 22:53:32.164000
r6bwbvg4enl2cy6j,failed,not_found,482,F94A7BAC5D1E3D9372437141E10695A625B8B533,651A05E6651DDA283B85223303A01066B1FFAEF8,1B90395827F7499A37C73F09BC5AA0225808F6FC,69BE1831EC63C751D241E5E962DA4793355A6253,2020-09-26 22:53:32.165000,2020-09-26 22:53:33.053000
ao7a7v3qrx5653yb,failed,not_found,414,F94A7BAC5D1E3D9372437141E10695A625B8B533,C5A1D5B7CB0D12A7B7334F2915134E6DA8F5C46D,AAFF4A997543DB0D881F4F11638485B7D471FECE,FF21B755C60C998E25EDC5864F709C2ED5C38F9D,2020-09-26 22:53:27.317000,2020-09-26 22:53:28.215000
ao7a7v3qrx5653yb,failed,not_found,423,F94A7BAC5D1E3D9372437141E10695A625B8B533,9F5068310818ED7C70B0BC4087AB55CB12CB4377,AFF499AF071A2DE2EADC22B67B48ACC91EEEF394,FF1E4DFC8C713B2092E76401C472FDCC03B7F809,2020-09-26 22:53:28.215000,2020-09-26 22:53:30.054000
ao7a7v3qrx5653yb,failed,not_found,449,F94A7BAC5D1E3D9372437141E10695A625B8B533,B70629C29A032979E5AD00CC51D2330845AAFD6A,9A48EC8AAFB2E8C9E20408596383DB74F1196747,FF154E0265ADC24FDB1D8BBA34455E324C9FE407,2020-09-26 22:53:30.055000,2020-09-26 22:53:30.827000
ao7a7v3qrx5653yb,failed,not_found,464,F94A7BAC5D1E3D9372437141E10695A625B8B533,63DE54637F349FD686CF1C036827B5BE826B9F7C,2CF2DFBA221B77E96E9FE69725AE82F4E101BE4A,0BC314281C83167F24C7CFCD68DE069B02A92345,2020-09-26 22:53:30.828000,2020-09-26 22:53:31.769000
ao7a7v3qrx5653yb,failed,not_found,479,F94A7BAC5D1E3D9372437141E10695A625B8B533,1CD48F4ED0F1821FFBF1940802A13EEFD4C27502,E1DE607E31C2C0FB6F8FC959BF7B58CE35D95990,0BC8BA32CC3CB0F598E0C92778F7C0946DFBCE91,2020-09-26 22:53:31.770000,2020-09-26 22:53:32.703000
ao7a7v3qrx5653yb,failed,not_found,491,F94A7BAC5D1E3D9372437141E10695A625B8B533,8E14C22192BB479640038D8C1BF20DCBD064E1A5,E7EF73B4722CFAF0E8AA2151D3AA78701DE5F19B,0BCCF364C4EE7338B6E920E63E951922C85F91F7,2020-09-26 22:53:32.703000,2020-09-26 22:53:34.614000
yyx54hmjfdybqcsx,failed,not_found,424,F94A7BAC5D1E3D9372437141E10695A625B8B533,9C34EAD957DF77978BCF356F3F96B9A79E3961CB,A4DEEE8F4467621C0A3CB7F4E25CB6F7A11FAEE4,EAF639CC9B126F1775F9D66FCC46DBCAF2485BFB,2020-09-26 22:53:28.305000,2020-09-26 22:53:31.527000
yyx54hmjfdybqcsx,failed,not_found,476,F94A7BAC5D1E3D9372437141E10695A625B8B533,0F6E5CA4BF5565D9AA9FDDCA165AFC6A5305763D,E5507444DAC04539B8DC624299616141B0DB64D5,8FA37B93397015B2BC5A525C908485260BE9F422,2020-09-26 22:53:31.528000,2020-09-26 22:53:32.360000
yyx54hmjfdybqcsx,failed,not_found,486,F94A7BAC5D1E3D9372437141E10695A625B8B533,79E3B585803DE805CCBC00C1EF36B1E74372861D,38471394F06B2B86404768193C929313962FDC2F,8FDEAE759A90C648863BED85D07113D3FA2AA6FF,2020-09-26 22:53:32.361000,2020-09-26 22:53:33.175000
yyx54hmjfdybqcsx,failed,not_found,495,F94A7BAC5D1E3D9372437141E10695A625B8B533,4CDAF2ABCFF8F048FCB4316807DC6336A7803DDE,A59AD84F92B2E5A76EBFE3BE62D3B28AF9BFD127,8FC7998C90FFBE05B1F31CB7A70D0BA71DB9C14F,2020-09-26 22:53:33.176000,2020-09-26 22:53:35.336000
yyx54hmjfdybqcsx,failed,not_found,523,F94A7BAC5D1E3D9372437141E10695A625B8B533,DAD19570682F47FB775B263330BD62B7BF0DEEA8,D408EA531AA2FA90F25BD14283D38FDBB2094BA3,EAEFC00FDF96D24F75FC007A5623BD6A3A737423,2020-09-26 22:53:35.337000,2020-09-26 22:53:36.193000
yyx54hmjfdybqcsx,failed,not_found,534,F94A7BAC5D1E3D9372437141E10695A625B8B533,2DE6CA505E2FEDA6547B641A96C0B5C38E9F9F4C,12D552E8AF7AA2B71B218B5BBF6A5FEFA6F26BA0,EB02B865E62EC6D5FEE6E72F06807189EDAE06BD,2020-09-26 22:53:36.194000,2020-09-26 22:53:37.006000
x2wca37twoyj5dti,failed,not_found,425,F94A7BAC5D1E3D9372437141E10695A625B8B533,3A4F8A201036D3F57A0453CA440E20793775EDB9,3A9443710224E5182895C342D1D36C1D460A1206,5D41BBE918C4DFEEFD620CAD949DF862A21C5653,2020-09-26 22:53:28.316000,2020-09-26 22:53:29.721000
x2wca37twoyj5dti,failed,not_found,448,F94A7BAC5D1E3D9372437141E10695A625B8B533,96D656384559910834CFDB128D843F819D5D2FD5,11ABDB4D0B944F186A898560CB82C70439957DCA,5D2A8CAA119D0528722C2438350FAB0C8DE01AB7,2020-09-26 22:53:29.721000,2020-09-26 22:53:30.463000
x2wca37twoyj5dti,failed,not_found,460,F94A7BAC5D1E3D9372437141E10695A625B8B533,ED3ACBBB89C5F1597A44A65D2FA203BDB8E208F2,34979DBD475FFED9CF6556E349DDEDEE69104345,5D263037FC175596B3A344132B0B755EB8FB1D1C,2020-09-26 22:53:30.464000,2020-09-26 22:53:31.375000
x2wca37twoyj5dti,failed,not_found,472,F94A7BAC5D1E3D9372437141E10695A625B8B533,CD39C258265B25EAA4ABA4FDCB2DF98104CAA362,03910F285A33F365838EC66EF2C2EF754D046760,AB10D5040BCBBA912FA448B8CF2A653DC8ACDC2C,2020-09-26 22:53:31.375000,2020-09-26 22:53:34.396000
x2wca37twoyj5dti,failed,not_found,511,F94A7BAC5D1E3D9372437141E10695A625B8B533,509EAB4C5D10C9A9A24B4EA0CE402C047A2D64E6,E97D754577161C2BEF19042F6E1931D8F3E57DFE,AB0CC19517476E610B86FF796B703643BFE21E89,2020-09-26 22:53:34.396000,2020-09-26 22:53:35.219000
x2wca37twoyj5dti,failed,not_found,519,F94A7BAC5D1E3D9372437141E10695A625B8B533,5FC87681FDFB16BF734EB4EB351A4998C564948F,5AE12CAAA489A0739F56E79CC287526FAB55A6FB,AAFF4A997543DB0D881F4F11638485B7D471FECE,2020-09-26 22:53:35.219000,2020-09-26 22:53:36.234000
w3y4mu5oonls2f64,failed,not_found,440,F94A7BAC5D1E3D9372437141E10695A625B8B533,F48B7D5C2EF3976A7287D06C5BB7B3DFD146CD0F,09F64E00F34C88F604163F24D37BEAF9245702EA,C51701910DEA998F4F51287A71B7E94449A3E9BC,2020-09-26 22:53:29.324000,2020-09-26 22:53:31.006000
w3y4mu5oonls2f64,failed,not_found,461,F94A7BAC5D1E3D9372437141E10695A625B8B533,695D811B130673C2DE8DCFC5A9E742790BD25066,8646226690C1D4F2DDC3021F89909A26A8C32A27,03DA20FD71CED188C8B7652E81941C506724DBA6,2020-09-26 22:53:31.006000,2020-09-26 22:53:31.934000
w3y4mu5oonls2f64,failed,not_found,474,F94A7BAC5D1E3D9372437141E10695A625B8B533,BFB14B9ADF1F19E59258CAE7FCDBAAC9937B7B10,C0F3C0EF81D84182379AA4CA5AD5A5289D011145,C4FD2403CC929297B559A49E582516944F75C6A9,2020-09-26 22:53:31.935000,2020-09-26 22:53:32.771000
w3y4mu5oonls2f64,failed,not_found,493,F94A7BAC5D1E3D9372437141E10695A625B8B533,EECADDB0CBB5725D4DDFE3D7E734E8261E0E9D09,3031327C6769D7224F945C3A7D1DEEC6B3897A5B,C542D452D42DBD01A071D2DA1CE6EE15AF40F5C2,2020-09-26 22:53:32.772000,2020-09-26 22:53:34.796000
w3y4mu5oonls2f64,failed,not_found,515,F94A7BAC5D1E3D9372437141E10695A625B8B533,DEA84F08432800346BADB35F1EAC1B2A4D5B165D,4D70F05DD308A2EA5B671E440879BFADAC92860F,03CFF90060461087D34FFB7B485C3AD30143775C,2020-09-26 22:53:34.797000,2020-09-26 22:53:36.327000
w3y4mu5oonls2f64,failed,not_found,526,F94A7BAC5D1E3D9372437141E10695A625B8B533,176FD686D08348E9FC5E014BD0B66899CEF34F13,21EB2176DFD7364A8E3705ABF518E880362425FC,03C8B603AEBEC0AC4C1F73E3B0CC96A02A04D83D,2020-09-26 22:53:36.328000,2020-09-26 22:53:37.493000
e7w52sfxi4kakuk6,failed,not_found,441,F94A7BAC5D1E3D9372437141E10695A625B8B533,7AAF5597B18D82CC90CA95FB7976A1CEA4A32E06,4656F36592379C17C69F5295602FC0E7BD419F2C,A0F06C2FADF88D3A39AA3072B406F09D7095AC9E,2020-09-26 22:53:29.352000,2020-09-26 22:53:30.076000
e7w52sfxi4kakuk6,failed,not_found,451,F94A7BAC5D1E3D9372437141E10695A625B8B533,8BC554F7F9316B12DEC171815FCB4529E8A01D49,12357592948022430A8FE76D312FFA8C5584C5A8,A0DFB31231C718829FA18EAB4D0CD51DEDBAE08C,2020-09-26 22:53:30.077000,2020-09-26 22:53:31.473000
e7w52sfxi4kakuk6,failed,not_found,473,F94A7BAC5D1E3D9372437141E10695A625B8B533,37B97F98AA1A51FF282660D3E440DAD9687BA814,8D8E090832FCAFEA083BA150DA6D154E365A590C,A0EDBDA8F24757429DAC82891181D96870623C4E,2020-09-26 22:53:31.473000,2020-09-26 22:53:32.804000
e7w52sfxi4kakuk6,failed,not_found,494,F94A7BAC5D1E3D9372437141E10695A625B8B533,D53AE170BF6650A2C6640484FE1B5DD1C0AB895B,3EEEB7021D974D38B6D97BEFB55E5E48551A8FEA,2D317788EE8EBD11BE698EC58AB871DC6E0FC297,2020-09-26 22:53:32.804000,2020-09-26 22:53:33.855000
e7w52sfxi4kakuk6,failed,not_found,503,F94A7BAC5D1E3D9372437141E10695A625B8B533,0A7208B8903DD3FF5CDFA218A3823AF498CE69CE,E11FC7C83F417808A4CDD84A5ABFC112844C477A,2D418A89F79DB4A8E658BA549FBB974D1D22DD1A,2020-09-26 22:53:33.855000,2020-09-26 22:53:35.511000
e7w52sfxi4kakuk6,failed,not_found,527,F94A7BAC5D1E3D9372437141E10695A625B8B533,A4771CB90024F1870D622960519945A3E49B40FE,0FE31E8B143BCA123905993356D1DE49C715E455,2D531C17827E0054DF612F26EEAAE51220CFE799,2020-09-26 22:53:35.512000,2020-09-26 22:53:36.245000
vzwwuyaiowd3odxx,failed,not_found,455,F94A7BAC5D1E3D9372437141E10695A625B8B533,15BE17C99FACE24470D40AF782D6A9C692AB36D6,4CE6D83FFA8AD24767007E8C972F371F2468F09A,EFE48A6A2A02B68D1767C13B9646FA62EA8310B2,2020-09-26 22:53:30.324000,2020-09-26 22:53:31.591000
vzwwuyaiowd3odxx,failed,not_found,477,F94A7BAC5D1E3D9372437141E10695A625B8B533,3076FB1CCEB8341322019AD26F69BFC0AA845334,1B90395827F7499A37C73F09BC5AA0225808F6FC,EFD8DF124A74D2961FBF752BF31EC3A5D411C349,2020-09-26 22:53:31.593000,2020-09-26 22:53:32.531000
vzwwuyaiowd3odxx,failed,not_found,489,F94A7BAC5D1E3D9372437141E10695A625B8B533,41CEB66108B70108F148BF7778260A87723AACA1,A6C983C2F7EEADD55CE9169E540EBD95423FC260,EFE449E0B6B7A657376B5FE62AD172B3EC5800A8,2020-09-26 22:53:32.531000,2020-09-26 22:53:33.346000
vzwwuyaiowd3odxx,failed,not_found,500,F94A7BAC5D1E3D9372437141E10695A625B8B533,2EB3C230180694A1E848001E20F36F76A2287039,3EE6BA5394B18AEF14E0D3B959D733B7A1EC3AD5,7FF94320963B5CDAF9A072CE9BEE9B4F1F2B383C,2020-09-26 22:53:33.347000,2020-09-26 22:53:34.194000
vzwwuyaiowd3odxx,failed,not_found,508,F94A7BAC5D1E3D9372437141E10695A625B8B533,1C7D71A2581DE79C5CFC4ED1FF75D5BE30F01BB7,24F97F98C45E4754655BE66799049763DAEE99CE,800267725AF0B34265FB6A2795AB3F743A63DD96,2020-09-26 22:53:34.194000,2020-09-26 22:53:35.140000
vzwwuyaiowd3odxx,failed,not_found,518,F94A7BAC5D1E3D9372437141E10695A625B8B533,D0273C8566CC9AECE4C762376C9B066FE0F1DADD,4EB55679FA91363B97372554F8DC7C63F4E5B101,801FC54687E380C226D35CD7DBBF73FCD442EA6B,2020-09-26 22:53:35.141000,2020-09-26 22:53:36.076000
emwlwqvcduzfmnnu,failed,not_found,456,F94A7BAC5D1E3D9372437141E10695A625B8B533,2F6AE174B58695171DB61569E7F7C17D27A24F3F,D0273C8566CC9AECE4C762376C9B066FE0F1DADD,2398B7FD6C9C97A20FDD7E637CBDAD175D5B761F,2020-09-26 22:53:30.341000,2020-09-26 22:53:31.079000
emwlwqvcduzfmnnu,failed,not_found,467,F94A7BAC5D1E3D9372437141E10695A625B8B533,6962377722C4AA5E56540F4F9693DFA525449974,5DB9AE27A44EB7B476CC04A66C67A71C97A001E6,FFA72BD683BC2FCF988356E6BEC1E490F313FB07,2020-09-26 22:53:31.079000,2020-09-26 22:53:32.249000
emwlwqvcduzfmnnu,failed,not_found,483,F94A7BAC5D1E3D9372437141E10695A625B8B533,5582BBEC12380E34D7DFB8C237939A0B317B205E,88F5FD94C520B22A1A5B98EC20003F046ED601DD,FF9FC6D130FA26AE3AE8B23688691DC419F0F22E,2020-09-26 22:53:32.250000,2020-09-26 22:53:33.346000
emwlwqvcduzfmnnu,failed,not_found,499,F94A7BAC5D1E3D9372437141E10695A625B8B533,90D43CF5541ECF57C1833FED33FFDFF239C4817C,E36536404200A74930DB165858BD5BB554D2BEA2,FFB3455EC1DD7EEF917BE944365C8C362746F7FD,2020-09-26 22:53:33.346000,2020-09-26 22:53:35.885000
emwlwqvcduzfmnnu,failed,not_found,530,F94A7BAC5D1E3D9372437141E10695A625B8B533,75D77007F098513C70773B5EC46159DD41F2F7ED,9A48EC8AAFB2E8C9E20408596383DB74F1196747,237F905E744850CFE3B5108C9112FDFCE8DC05D6,2020-09-26 22:53:35.886000,2020-09-26 22:53:36.983000
emwlwqvcduzfmnnu,failed,not_found,543,F94A7BAC5D1E3D9372437141E10695A625B8B533,070229A4CC2CFFB24EB667298A7DB5E8D11EB701,9EA4649400C7D35E20C734FA737CF615E925F1E4,239A2E0F09B8FEA551727486519040598A022778,2020-09-26 22:53:36.984000,2020-09-26 22:53:37.875000
3wcicjk2ojk7gkih,failed,not_found,470,F94A7BAC5D1E3D9372437141E10695A625B8B533,39CF2F22E5018C01FD57DEB1AB8FDFA4592633FB,EE94030D02AF5A788C62EA56D483540C38460E10,0B7B08C50E419004F77447A72FFD578061F58311,2020-09-26 22:53:31.321000,2020-09-26 22:53:32.459000
3wcicjk2ojk7gkih,failed,not_found,487,F94A7BAC5D1E3D9372437141E10695A625B8B533,2F2710152A2344B1DE3EF619E85CB1B298643D27,EE7CD2A763435C7006095BD167C790ABE5BC4DEA,0B841CB70F9ED1FD0322C2BA2EB0D80420D87CFA,2020-09-26 22:53:32.460000,2020-09-26 22:53:33.946000
3wcicjk2ojk7gkih,failed,not_found,505,F94A7BAC5D1E3D9372437141E10695A625B8B533,C005F0CB30CD54CB45FF08ED151511A286B1B7CE,FE1AF5E909002134BFF834F4AD5E1DE723779002,A44062AE3484310CE728BBD7769E9CD44C09FBB0,2020-09-26 22:53:33.947000,2020-09-26 22:53:34.950000
3wcicjk2ojk7gkih,failed,not_found,512,F94A7BAC5D1E3D9372437141E10695A625B8B533,3A9443710224E5182895C342D1D36C1D460A1206,638D91FC9EF661348A6994D04C3499BC03F50BBE,A466DC1C546053060940AB279F1EA967167ECACB,2020-09-26 22:53:34.950000,2020-09-26 22:53:35.886000
3wcicjk2ojk7gkih,failed,not_found,531,F94A7BAC5D1E3D9372437141E10695A625B8B533,FB691D6E3FEE35C6979EE72AF03A53DD861B4CBB,E81EF60A73B3809F8964F73766B01BAA0A171E20,0B85617241252517E8ECF2CFC7F4C1A32DCD153F,2020-09-26 22:53:35.886000,2020-09-26 22:53:38.390000
3wcicjk2ojk7gkih,failed,not_found,561,F94A7BAC5D1E3D9372437141E10695A625B8B533,F9674F45A25CAA977E7B872807E0A070C121F5FA,EC3EC2E26C9C57B46686E9EFE7EEABD4B570D6D3,A452410658C4F2986381839633CDB98FBFCBCAAF,2020-09-26 22:53:38.390000,2020-09-26 22:53:39.397000
ol3gghqgwlclmo7a,failed,not_found,471,F94A7BAC5D1E3D9372437141E10695A625B8B533,1079E628FC6B0025656AC024F2D9975C441498CD,E4CB7449182806088DCD6A707F45809F0694A50A,78C7C299DB4C4BD119A22B87B57D5AF5F3741A79,2020-09-26 22:53:31.341000,2020-09-26 22:53:32.955000
ol3gghqgwlclmo7a,failed,not_found,488,F94A7BAC5D1E3D9372437141E10695A625B8B533,6FB20BB05A841CDDB308E85A4D117FCFC911F5EA,03910F285A33F365838EC66EF2C2EF754D046760,74F2329674F27CB8169A32A41D971629623B7535,2020-09-26 22:53:32.956000,2020-09-26 22:53:33.889000
ol3gghqgwlclmo7a,failed,not_found,504,F94A7BAC5D1E3D9372437141E10695A625B8B533,D39328D2EAE3816F9C5D5D1BB19D1C14E2E79482,C69BE3F0326A7328556501BE237408F32748247D,78B98D12997EDD630F6A674CBF42F20711DEAC11,2020-09-26 22:53:33.889000,2020-09-26 22:53:34.730000
ol3gghqgwlclmo7a,failed,not_found,514,F94A7BAC5D1E3D9372437141E10695A625B8B533,1CD48F4ED0F1821FFBF1940802A13EEFD4C27502,E130296683B896A117CE5DA531A5645644178734,74C0C2705DB1192C03F19F7CD1BB234843B1A81F,2020-09-26 22:53:34.730000,2020-09-26 22:53:35.545000
ol3gghqgwlclmo7a,failed,not_found,528,F94A7BAC5D1E3D9372437141E10695A625B8B533,52A022F16D8CDBF019E132F1538A1798F167973A,4CE6D83FFA8AD24767007E8C972F371F2468F09A,74FB777F25E7F80BA6BF8B808DF873A1708821A7,2020-09-26 22:53:35.545000,2020-09-26 22:53:38.940000
ol3gghqgwlclmo7a,failed,not_found,566,F94A7BAC5D1E3D9372437141E10695A625B8B533,A7C5B40EC0FB5175E884075DDC87531D353F679C,D56A98D38FC3C75E0347EEF3DD9C12749AF7C7C5,78BC2254D3B31CD865F7682633AA438212132532,2020-09-26 22:53:38.940000,2020-09-26 22:53:39.895000
e5hrnemqlcelz6hn,failed,not_found,484,F94A7BAC5D1E3D9372437141E10695A625B8B533,AE9377C75CE822E839F15F74C9F346E68D7DB488,2119E5A4B5F420165BF5DF19A5A28F4610FFD103,120B535E53C4ACF968EF3AE269B224D1CF0F3C1E,2020-09-26 22:53:32.313000,2020-09-26 22:53:33.207000
e5hrnemqlcelz6hn,failed,not_found,496,F94A7BAC5D1E3D9372437141E10695A625B8B533,648E97719EDEC4F0E08F1CEB8D24F2C8F587344C,9ACD9D526D1F82D7A00225742F1BDB374D7D17D4,120F89D102F96647D2258166B3BB50CBFCEF20E3,2020-09-26 22:53:33.208000,2020-09-26 22:53:34.063000
e5hrnemqlcelz6hn,failed,not_found,502,F94A7BAC5D1E3D9372437141E10695A625B8B533,44DC23661E05DEFD94398936D9334987ABCB6E5E,3FADE2EBD3F987F15A9DD1AC44223D392B0D89A2,84A8E41D03865822272F647D378AFF4AC73187F2,2020-09-26 22:53:34.063000,2020-09-26 22:53:34.691000
e5hrnemqlcelz6hn,failed,not_found,513,F94A7BAC5D1E3D9372437141E10695A625B8B533,92E807AC5E23CCD9FE623EA4DC020B1627A0D09B,7B57933E29D520471D7E67AB48B06B62832828F9,84AFAE19244541A404F763BA0E2F0CAD8A3FACF0,2020-09-26 22:53:34.692000,2020-09-26 22:53:36.460000
e5hrnemqlcelz6hn,failed,not_found,537,F94A7BAC5D1E3D9372437141E10695A625B8B533,B70629C29A032979E5AD00CC51D2330845AAFD6A,509EAB4C5D10C9A9A24B4EA0CE402C047A2D64E6,84ABF6381FD0F96B882764F176B85980EBC31FE1,2020-09-26 22:53:36.460000,2020-09-26 22:53:37.386000
e5hrnemqlcelz6hn,failed,not_found,547,F94A7BAC5D1E3D9372437141E10695A625B8B533,35DBE43445BB44D817084200BA05E8A0573EDFD4,EE7CD2A763435C7006095BD167C790ABE5BC4DEA,11DF0017A43AF1F08825CD5D973297F81AB00FF3,2020-09-26 22:53:37.387000,2020-09-26 22:53:38.061000
3utevwbdvwse2437,failed,not_found,485,F94A7BAC5D1E3D9372437141E10695A625B8B533,F5C3DA7642BB037E0D279359AE88CD7FC03A98A0,D777D31F95081D0F7223AAD5F8A74977D524145D,10B689D11CDCB8EB74BF394880508C975058C608,2020-09-26 22:53:32.330000,2020-09-26 22:53:33.347000
3utevwbdvwse2437,failed,not_found,501,F94A7BAC5D1E3D9372437141E10695A625B8B533,C130DD914A8D0E484E68DCC681B434A0BA044D9D,97B7BA747B62A9962DEDCE404FF33106D4032F91,ED3ACBBB89C5F1597A44A65D2FA203BDB8E208F2,2020-09-26 22:53:33.348000,2020-09-26 22:53:34.160000
3utevwbdvwse2437,failed,not_found,507,F94A7BAC5D1E3D9372437141E10695A625B8B533,D7EB93B50A4D1EEDBC5354C312428680F3AA9025,EC4AD91674B5AFECCA117A396776F120651E55BF,10CA859C429A17EFF704CC53D0080940148D59DA,2020-09-26 22:53:34.160000,2020-09-26 22:53:35.020000
3utevwbdvwse2437,failed,not_found,517,F94A7BAC5D1E3D9372437141E10695A625B8B533,75A931404453030821C547A4FAA9094A06C48C7A,F6740DEABFD5F62612FA025A5079EA72846B1F67,ED4325A6DB8D579CFF70F5A5630FD368464B0D64,2020-09-26 22:53:35.021000,2020-09-26 22:53:36.020000
3utevwbdvwse2437,failed,not_found,532,F94A7BAC5D1E3D9372437141E10695A625B8B533,B87343240E9DE48ECBAA4E064F8B8F21650F74A5,D1C60F9BCF2DBA07A775978F66C9927D3A9490BB,ED36124515F71E2E2401D70D9EFC3CAEB08D611B,2020-09-26 22:53:36.020000,2020-09-26 22:53:36.717000
3utevwbdvwse2437,failed,not_found,610,F94A7BAC5D1E3D9372437141E10695A625B8B533,E3E75603998661EA67C6767493FC606830DDC345,E6D4332BF40FDEE7814F2DBC926650EF8032B643,10A5EFCCD2FB9C1A4AC20FB779A5DB11B58957A7,2020-09-26 22:53:36.718000,2020-09-26 22:53:43.175000
ivwajybglj6cqyw7,failed,not_found,497,F94A7BAC5D1E3D9372437141E10695A625B8B533,745369332749021C6FAF100D327BC3BF1DF4707B,724E86E7F5DA715529DC0ECAA013AE4BDC680E4C,8F1D70DE42C72120CE8E49287414DFCF94FFF1F2,2020-09-26 22:53:33.311000,2020-09-26 22:53:35.432000
ivwajybglj6cqyw7,failed,not_found,524,F94A7BAC5D1E3D9372437141E10695A625B8B533,82DA9678A0BAE60087AA68A3E1D6E6A2C4246D6D,20974D28EB668E689D4256046E0E32034375A0A2,E3A491D490DC1C3832D7F68615EEB4508C857D8B,2020-09-26 22:53:35.433000,2020-09-26 22:53:36.678000
ivwajybglj6cqyw7,failed,not_found,540,F94A7BAC5D1E3D9372437141E10695A625B8B533,F4873B3EC3325B81DC36C7E38AD3A5ED12B2F339,6BE5AA34A5C391724677A3FDC2AA77B3768F6E26,E39A758BD81DD27E8AA27998688E816D0A13DC82,2020-09-26 22:53:36.679000,2020-09-26 22:53:37.540000
ivwajybglj6cqyw7,failed,not_found,550,F94A7BAC5D1E3D9372437141E10695A625B8B533,BE9B12FAAB7429842D643E2308390ECD8961E0A1,1DA8D6E01092B20968F99D6861C5D51B8025B511,E3B0739EEFFF0DE4203BBE8563F2A1C89D410347,2020-09-26 22:53:37.540000,2020-09-26 22:53:39.123000
ivwajybglj6cqyw7,failed,not_found,567,F94A7BAC5D1E3D9372437141E10695A625B8B533,316DE45EFFB53671C9FD53CE0992952846709A29,EFE48A6A2A02B68D1767C13B9646FA62EA8310B2,8F22AFDD06AA4238ADD93A8EA6FBC2BB9C652711,2020-09-26 22:53:39.123000,2020-09-26 22:53:40.400000
ivwajybglj6cqyw7,failed,not_found,584,F94A7BAC5D1E3D9372437141E10695A625B8B533,E947C029087FA1C3499BEF5D4372947C51223D8F,104DC15ACFA69CF94F89E8ED0F6CDB2D298234D2,8F16229D5425774DCA566D7737596178153DB838,2020-09-26 22:53:40.401000,2020-09-26 22:53:41.571000
iu5uxhgmr5a3tjnz,failed,not_found,498,F94A7BAC5D1E3D9372437141E10695A625B8B533,4E5C4ED5CC70E5A32B48392FF72CC4BE24937EDA,41145C3169D810DB360FF2FCA232093B02C0B262,5A14FBBBAF842124A0AF3C650F4302C5B549AB17,2020-09-26 22:53:33.322000,2020-09-26 22:53:34.132000
iu5uxhgmr5a3tjnz,failed,not_found,506,F94A7BAC5D1E3D9372437141E10695A625B8B533,59EA74708A9C1A24D2EB1A2F150C27119A5FC2A6,DA4B488C2826DFBBD04D635DA1E71A2BA5B20747,CB4EBE9C475A60A5F2CDA92C83CE093BD945D940,2020-09-26 22:53:34.132000,2020-09-26 22:53:34.950000
iu5uxhgmr5a3tjnz,failed,not_found,521,F94A7BAC5D1E3D9372437141E10695A625B8B533,724E86E7F5DA715529DC0ECAA013AE4BDC680E4C,20CD933EDC7260B19040475B24FD6B01B73E94BB,CB72A74E8197DF3B33EE6A0895E5BB871D10CF92,2020-09-26 22:53:34.951000,2020-09-26 22:53:36.703000
iu5uxhgmr5a3tjnz,failed,not_found,541,F94A7BAC5D1E3D9372437141E10695A625B8B533,0C6CA58153400FA077EABB14773E36FD61BF0D75,370969A8F5BB965976FFB727F19C2246E838B394,CB5735385E25A292427963BF2E0D699EDAC64B96,2020-09-26 22:53:36.704000,2020-09-26 22:53:38.343000
iu5uxhgmr5a3tjnz,failed,not_found,559,F94A7BAC5D1E3D9372437141E10695A625B8B533,58F3E2956EABB81F673E2FB90E16E001DB4AC3AE,D1B1A550FEE3A05E71CA9080D14CCA3B746C0C17,5A224EFAC453F7EF2D0435E336890DECDC5CEBFD,2020-09-26 22:53:38.343000,2020-09-26 22:53:39.397000
iu5uxhgmr5a3tjnz,failed,not_found,576,F94A7BAC5D1E3D9372437141E10695A625B8B533,41145C3169D810DB360FF2FCA232093B02C0B262,014E24C0CD21D2B9829E841D5EC1D3C415F866BF,5A127C65B275540A90DBF60F33D55BAF5D512B9E,2020-09-26 22:53:39.398000,2020-09-26 22:53:40.688000
lmauyzyidam3sytm,failed,not_found,563,F94A7BAC5D1E3D9372437141E10695A625B8B533,BCE7CD110A0CF79C327C1191E1202FDBFEB14788,929BB84A68198CE35E2F2828812840AF5C2CBC4A,49877399DD0E82FE123148361038823368F77193,2020-09-26 22:53:34.312000,2020-09-26 22:53:41.704000
lmauyzyidam3sytm,failed,not_found,603,F94A7BAC5D1E3D9372437141E10695A625B8B533,4E98AA295B7171996D18DD1F6A19F64AB4036B4A,E605E70E86A7777A22DF2259DFA9C5360B54346A,4987B428F2F289144B09A3B371602E3BB0FDF451,2020-09-26 22:53:41.704000,2020-09-26 22:53:44.256000
lmauyzyidam3sytm,failed,not_found,630,F94A7BAC5D1E3D9372437141E10695A625B8B533,769A297017BB5E92A9A5A3D76725CA12D694AA30,1FA44BC51BF2416D3E44C9AAD732F7B14C0D1C05,2A621A40FF3081F612946FDFB8DC781BCE859A05,2020-09-26 22:53:44.256000,2020-09-26 22:53:45.062000
lmauyzyidam3sytm,failed,not_found,637,F94A7BAC5D1E3D9372437141E10695A625B8B533,7B7C7F31205D7AEB5DFFEDA08E00282A78CD76E0,575F15A0A41B951BEE03E25B2A0A3FC3E8D7C7D1,2AA5F598F9A1812F01CD99E3B59BB87362ED7438,2020-09-26 22:53:45.062000,2020-09-26 22:53:45.473000
lmauyzyidam3sytm,failed,not_found,651,F94A7BAC5D1E3D9372437141E10695A625B8B533,CEC92F3BE8A2F3A46D3C042721D6BDBF2F40F4C5,0CC18E42E5ECADFE76862CE2EB7189EFA17A11FD,2A6E7ABF43F9796AD4A13DF2B2047F90E7291A5F,2020-09-26 22:53:45.474000,2020-09-26 22:53:47.002000
lmauyzyidam3sytm,failed,not_found,669,F94A7BAC5D1E3D9372437141E10695A625B8B533,EEFFC0D532AB63BB3E9CAEADA822971F6D3AE8D6,4B351545DD58473F36B0A20E5500AC6ED51E8CD5,49BC7301250F6D87BCD676DFC9AF22048F96F599,2020-09-26 22:53:47.003000,2020-09-26 22:53:47.684000
bv6dg2r26eusazq3,failed,not_found,510,F94A7BAC5D1E3D9372437141E10695A625B8B533,20462CBA5DA4C2D963567D17D0B7249718114A68,2119E5A4B5F420165BF5DF19A5A28F4610FFD103,51F733EAC4DFD128CF957A14D5F2DC023803D1A2,2020-09-26 22:53:34.324000,2020-09-26 22:53:35.688000
bv6dg2r26eusazq3,failed,not_found,529,F94A7BAC5D1E3D9372437141E10695A625B8B533,C7A016E1F85CF7DD73914AE40F55B7183D11B8FD,86CDD0D92AB972538416A382D99666736CDDF141,52026565263963A4DA7C0A737E43850951405CDB,2020-09-26 22:53:35.688000,2020-09-26 22:53:36.596000
bv6dg2r26eusazq3,failed,not_found,539,F94A7BAC5D1E3D9372437141E10695A625B8B533,FCF61C25093BB33BAA203D8EE7E65466D42ECF98,FF3059E77E5D22F1C3B20CCBE125691AD27588DD,51F8C25ECF3A632CA8AB43EE243D606BB7C05812,2020-09-26 22:53:36.597000,2020-09-26 22:53:37.670000
bv6dg2r26eusazq3,failed,not_found,552,F94A7BAC5D1E3D9372437141E10695A625B8B533,8EA58F28DCA60F56C6F2131BDFE9BF5FAF2233CE,FCF61C25093BB33BAA203D8EE7E65466D42ECF98,1CD17CB202063C51C7DAD3BACEF87ECE81C2350F,2020-09-26 22:53:37.670000,2020-09-26 22:53:38.704000
bv6dg2r26eusazq3,failed,not_found,565,F94A7BAC5D1E3D9372437141E10695A625B8B533,1E1A7C9134637383BE653C41973995A229D81595,7B57933E29D520471D7E67AB48B06B62832828F9,1CDCB48F64E21D5ACAFE2471912E2E76F600EDFA,2020-09-26 22:53:38.704000,2020-09-26 22:53:39.367000
bv6dg2r26eusazq3,failed,not_found,574,F94A7BAC5D1E3D9372437141E10695A625B8B533,F9A3542D5863CD665B7FF758E73DAD40832D0064,7FF1A673A5E1F7E9D2495A36C185B890DBD96553,1CD48F4ED0F1821FFBF1940802A13EEFD4C27502,2020-09-26 22:53:39.368000,2020-09-26 22:53:40.329000
oppzen27m7bfarmv,failed,not_found,520,F94A7BAC5D1E3D9372437141E10695A625B8B533,D14EC16949648CEE84EA1664445029EA4B597074,7260949459C2D4D4A5ABC3AC10C1AD6939E6525C,FAEC86A9A37152F0371D67917ABA398467DFBD9C,2020-09-26 22:53:35.311000,2020-09-26 22:53:36.051000
oppzen27m7bfarmv,failed,not_found,533,F94A7BAC5D1E3D9372437141E10695A625B8B533,288C100FFA656938C23F32207CAF0DA932ECD247,8D8E090832FCAFEA083BA150DA6D154E365A590C,FAF09B35EB9B890C44C36392100C52B7F2326DD4,2020-09-26 22:53:36.052000,2020-09-26 22:53:37.061000
oppzen27m7bfarmv,failed,not_found,544,F94A7BAC5D1E3D9372437141E10695A625B8B533,890480E14E634C8B4467C475E355A6FBF3D99CD5,6A7551EEE18F78A9813096E82BF84F740D32B911,FAF3236D37B0B18D8438C46317940F642E296924,2020-09-26 22:53:37.062000,2020-09-26 22:53:38.123000
oppzen27m7bfarmv,failed,not_found,554,F94A7BAC5D1E3D9372437141E10695A625B8B533,0677DF0B05ECDA2EF45F26C3332731043BB89AB8,CBD00958A3B897774E333D75C24E6A75F5220DCC,96211F57FA0A399EC48D1972BA3F8EE6E4D6978C,2020-09-26 22:53:38.124000,2020-09-26 22:53:39.398000
oppzen27m7bfarmv,failed,not_found,577,F94A7BAC5D1E3D9372437141E10695A625B8B533,92429BB4B6FE1B166AE0347D03B3DC3ACF578BCC,CBDC56D354529D1CD96882750D0B2A3448AD041A,9634E9F53EB46828AE7E06839FEE595950286B1D,2020-09-26 22:53:39.399000,2020-09-26 22:53:40.657000
oppzen27m7bfarmv,failed,not_found,590,F94A7BAC5D1E3D9372437141E10695A625B8B533,BD4C647508162F59CB44E4DFC1C2B2B8A9387CCA,CA52E423ECBF7D07BB8E1139A39B4D8668CFE2A4,96275921105DC2D41B79AD75804A301738B51E47,2020-09-26 22:53:40.658000,2020-09-26 22:53:41.960000
36kqw6paoe4lr3v7,failed,not_found,522,F94A7BAC5D1E3D9372437141E10695A625B8B533,18ECBFC3A6834CB67414640C7F1E765E542CED2C,51D6626BBBE283903BB2F31A047766229CD10E29,69BE1831EC63C751D241E5E962DA4793355A6253,2020-09-26 22:53:35.336000,2020-09-26 22:53:36.900000
36kqw6paoe4lr3v7,failed,not_found,538,F94A7BAC5D1E3D9372437141E10695A625B8B533,A7C5B40EC0FB5175E884075DDC87531D353F679C,8C5B316ED73018484765C3E0944E4508DCAE0944,9063C7EC4A3273446DC05E9310A5C5B2F4235696,2020-09-26 22:53:36.901000,2020-09-26 22:53:37.387000
36kqw6paoe4lr3v7,failed,not_found,548,F94A7BAC5D1E3D9372437141E10695A625B8B533,B1289B91C190A6803C1ADA6E381C0843CE039D70,6C251FA7F45E9DEDF5F69BA3D167F6BA736F49CD,90633012A1A752D8D02FEC8374A4BF98941A1900,2020-09-26 22:53:37.388000,2020-09-26 22:53:38.182000
36kqw6paoe4lr3v7,failed,not_found,556,F94A7BAC5D1E3D9372437141E10695A625B8B533,D8DF9660261B158A9DF6C3D7D63DD92B0FD5B9F7,492FF91A6B43110681F7D5DD3B380E537699D3F1,905EB77A63857E6EFCF04D734A547B0995D85C3B,2020-09-26 22:53:38.182000,2020-09-26 22:53:39.339000
36kqw6paoe4lr3v7,failed,not_found,573,F94A7BAC5D1E3D9372437141E10695A625B8B533,438E8C214576AF13480A550D45C116F43333C319,5CCC3569C67B7F1BB733664D43DF4645F2A4B04D,69C4C2CFCF6B418636976B5FFC0140A3BE211312,2020-09-26 22:53:39.339000,2020-09-26 22:53:40.796000
36kqw6paoe4lr3v7,failed,not_found,593,F94A7BAC5D1E3D9372437141E10695A625B8B533,22E6FBDB8D77B4C0FA017D6C5F9B45BECDCBCFF8,8E39881472946D5BBE41765470D9E3099A0EB4C7,69B53A5AE5025DA8947F7C32F69CA90375ED2A4E,2020-09-26 22:53:40.797000,2020-09-26 22:53:41.555000
4wzr5cfd5mv4t7wv,failed,not_found,535,F94A7BAC5D1E3D9372437141E10695A625B8B533,5AD3FB658E490BAD9515F363374AA41D65D31A02,B5053ABFF845C96B1DD8F45DCF32E6BE1E63F127,484A10BA2B8D48A5F0216674C8DD50EF27BC32F3,2020-09-26 22:53:36.325000,2020-09-26 22:53:37.569000
4wzr5cfd5mv4t7wv,failed,not_found,551,F94A7BAC5D1E3D9372437141E10695A625B8B533,021DDCD687FD505B7EA7E75DA6CEF0D778AA07FB,52A022F16D8CDBF019E132F1538A1798F167973A,4837A6DFFC8E3681D70AD9E8D057C029093DA2F7,2020-09-26 22:53:37.569000,2020-09-26 22:53:39.394000
4wzr5cfd5mv4t7wv,failed,not_found,575,F94A7BAC5D1E3D9372437141E10695A625B8B533,8E7ACAD878BBD61097C0E0D557160F5D59BCE5CA,9A48EC8AAFB2E8C9E20408596383DB74F1196747,A95E579F730F719941392B6282676319839627F5,2020-09-26 22:53:39.395000,2020-09-26 22:53:40.412000
4wzr5cfd5mv4t7wv,failed,not_found,586,F94A7BAC5D1E3D9372437141E10695A625B8B533,B93503D458D9FE97DE5C12D211082871D08F1284,1D361A2F1CAE4FDD5A85E13C168BE7075A100524,A943B09784A779C0BFBF627F233797CE98C058D4,2020-09-26 22:53:40.413000,2020-09-26 22:53:41.671000
4wzr5cfd5mv4t7wv,failed,not_found,602,F94A7BAC5D1E3D9372437141E10695A625B8B533,EBB50442D1D826DBE9C61A9EE5E0A2CE44DD989A,6EDEB32D0B9EEA2E85C310B67AD64668398402FB,A932F56F69D24A96A0CBC4F32922A62DEFD28C77,2020-09-26 22:53:41.671000,2020-09-26 22:53:42.830000
4wzr5cfd5mv4t7wv,failed,not_found,616,F94A7BAC5D1E3D9372437141E10695A625B8B533,58F3E2956EABB81F673E2FB90E16E001DB4AC3AE,1AAC19D892F84910AB94C45092241ABA3CFC4C89,484F666C491BCDE22B45E0E19D1CEA5ACC5A9611,2020-09-26 22:53:42.830000,2020-09-26 22:53:44.371000
kjtptm6qvu4mpnup,failed,not_found,536,F94A7BAC5D1E3D9372437141E10695A625B8B533,96DCD1D17C1F0FA4DED207C148E54C0A55553076,23E7EEF9D1A0FD80799216B970EE7627EF050BB7,67CDF7A4D06E98E55AAE595BBEBF38E64C4CCBF3,2020-09-26 22:53:36.339000,2020-09-26 22:53:37.696000
kjtptm6qvu4mpnup,failed,not_found,553,F94A7BAC5D1E3D9372437141E10695A625B8B533,66FE9812C3545F0651C0EE7342751EFB52513FAA,DCE8DBF94576272AD10D996C9AA0794A4567F304,68016A9AC477AE039B8EE07C36CABC0440126A67,2020-09-26 22:53:37.696000,2020-09-26 22:53:39.301000
kjtptm6qvu4mpnup,failed,not_found,570,F94A7BAC5D1E3D9372437141E10695A625B8B533,1C2F0929A4A8D9661D83E70FDE96B61040ECA14D,2AE2CA4BD2B7754F29432C25E03314D52AC4CAF1,D6F03EFBE511417D77DCFC1A3F1EB5D4BF509F81,2020-09-26 22:53:39.302000,2020-09-26 22:53:40.329000
kjtptm6qvu4mpnup,failed,not_found,583,F94A7BAC5D1E3D9372437141E10695A625B8B533,6D163F649ECBE9DC20F016236EF36D7E1559E98E,1AAD015F4D885413A2BCE0E58159116901236C49,67FBB854B6DBD2DCBA5747FD761BF36096EFC0C0,2020-09-26 22:53:40.329000,2020-09-26 22:53:41.340000
kjtptm6qvu4mpnup,failed,not_found,597,F94A7BAC5D1E3D9372437141E10695A625B8B533,118496882F58E787DC24F5C219B93F22BA5820D8,1C7D71A2581DE79C5CFC4ED1FF75D5BE30F01BB7,D6EBBCF4F6502586089113D8C37B0FF5A6152A50,2020-09-26 22:53:41.340000,2020-09-26 22:53:42.089000
kjtptm6qvu4mpnup,failed,not_found,605,F94A7BAC5D1E3D9372437141E10695A625B8B533,5C83A9F985E2ACFBC3D3E5DB7F5C7C91FF7FE7AA,ACBBB426CE1D0641A590BF1FC1CF05416FC0FF6F,D701ACAF86413E92529EA8E32088C7FC45EA6F69,2020-09-26 22:53:42.090000,2020-09-26 22:53:43.421000
dgj3bbcnpa2mnxjk,failed,not_found,545,F94A7BAC5D1E3D9372437141E10695A625B8B533,B7826E5C7C22D696E42AE96B696F66C5E9D86984,2FFE5FAF70D20E76B0474AE9E40C2A0B53F8D9F0,D24FB714345D4B9061CEA89ACBAD343081F14928,2020-09-26 22:53:37.319000,2020-09-26 22:53:38.124000
dgj3bbcnpa2mnxjk,failed,not_found,555,F94A7BAC5D1E3D9372437141E10695A625B8B533,77A56CB237740E24AEA2D61C8C8936232AFC1BD8,6D6EC2A2E2ED8BFF2D4834F8D669D82FC2A9FA8D,33DBA330433E2915BD0EE66787A48863C818C0BB,2020-09-26 22:53:38.125000,2020-09-26 22:53:39.003000
dgj3bbcnpa2mnxjk,failed,not_found,564,F94A7BAC5D1E3D9372437141E10695A625B8B533,74B41DED505CFABC7A8D439362FC9B6589DE4591,837D5EA513DF7FDDA36BE569C646151CDA4B9935,D245C3E824456945C6759599CB8A0547135A066D,2020-09-26 22:53:39.004000,2020-09-26 22:53:39.714000
dgj3bbcnpa2mnxjk,failed,not_found,580,F94A7BAC5D1E3D9372437141E10695A625B8B533,6ED48ED0DD8CB8C626FFD8597C01F2D43AEE8D01,5127A719E495710CEBB0A446CD69207BA6E0D6D6,33B07D509C6D67006C9AE29ECD4F8EAD1B1112CB,2020-09-26 22:53:39.715000,2020-09-26 22:53:41.598000
dgj3bbcnpa2mnxjk,failed,not_found,600,F94A7BAC5D1E3D9372437141E10695A625B8B533,88DF5D708E931C431902AAABEA981E7951E00085,3E53D3979DB07EFD736661C934A1DED14127B684,33AA6CFE161A698169B548C9D973DAE6DED6BF0E,2020-09-26 22:53:41.599000,2020-09-26 22:53:42.353000
dgj3bbcnpa2mnxjk,failed,not_found,609,F94A7BAC5D1E3D9372437141E10695A625B8B533,41CEB66108B70108F148BF7778260A87723AACA1,43E187B8C7361F47EA968ED5389435865D7F4FE7,D255268BACBB4562554CF20147731BDA0D8C452B,2020-09-26 22:53:42.353000,2020-09-26 22:53:43.241000
vsz6mfsq6u2gxyfl,failed,not_found,546,F94A7BAC5D1E3D9372437141E10695A625B8B533,C3263F4B4E92127B7CD15E8F9746B4382233424A,431702B3A68A6015F9955DD4FD0129175B43EA0F,EC65D72BB9668553999DE4E6CF380207ACA941EA,2020-09-26 22:53:37.335000,2020-09-26 22:53:38.429000
vsz6mfsq6u2gxyfl,failed,not_found,562,F94A7BAC5D1E3D9372437141E10695A625B8B533,AC61D1722091F2FC4760776AF2C230D9DC679C03,98BCA63DD82E13A637FF8D0EC28135663DB08CA1,EC80EECFCD599612C9A74678C8001146450141E8,2020-09-26 22:53:38.430000,2020-09-26 22:53:39.270000
vsz6mfsq6u2gxyfl,failed,not_found,568,F94A7BAC5D1E3D9372437141E10695A625B8B533,FFA72BD683BC2FCF988356E6BEC1E490F313FB07,1E03D81C9744DE0E3C9DE6E6FBDF1DF9DAEA5AFC,5EF0AAAEEE7B1282DA0DBAB94669B73E39DD51B6,2020-09-26 22:53:39.270000,2020-09-26 22:53:40.207000
vsz6mfsq6u2gxyfl,failed,not_found,579,F94A7BAC5D1E3D9372437141E10695A625B8B533,93F97B76A7D0F0947C4C75AC62017E45BBFE6C08,EFD8DF124A74D2961FBF752BF31EC3A5D411C349,5EEE4C799C55FC8BBDB8EB5E65A48C60C8F15640,2020-09-26 22:53:40.207000,2020-09-26 22:53:40.683000
vsz6mfsq6u2gxyfl,,,,,,,5EF6450BE81C6B51629B47DD69B382F7CB482C27,2020-09-26 22:53:40.683000,
vx45l5dfy4qj4r6r,failed,not_found,558,F94A7BAC5D1E3D9372437141E10695A625B8B533,E88F8E72100709E226F22DF6A50365480054ECD2,D1B1A550FEE3A05E71CA9080D14CCA3B746C0C17,AB687988F260DE9EDC3B36C66287DE2660ED1CE0,2020-09-26 22:53:38.326000,2020-09-26 22:53:39.287000
vx45l5dfy4qj4r6r,failed,not_found,569,F94A7BAC5D1E3D9372437141E10695A625B8B533,F6CD4DBF5850AC4386DD9A424918AD3C6BA2716F,98BCA63DD82E13A637FF8D0EC28135663DB08CA1,AB6690AAF45F53F7F3BC842E23779F24C9346DF9,2020-09-26 22:53:39.288000,2020-09-26 22:53:40.512000
vx45l5dfy4qj4r6r,failed,not_found,588,F94A7BAC5D1E3D9372437141E10695A625B8B533,A2C6C931D8627C6605288970889DDB88C7BA2142,58F3E2956EABB81F673E2FB90E16E001DB4AC3AE,AB73816E5D7BC52664CBB9D005FF579BAFEAFE87,2020-09-26 22:53:40.513000,2020-09-26 22:53:41.340000
vx45l5dfy4qj4r6r,failed,not_found,598,F94A7BAC5D1E3D9372437141E10695A625B8B533,513753D2C4A1246DCC21241C5BE5022CCBD2645C,F7B024DB02C601185C202E26DFFD2AD525C16A36,C86C538EF0A24E010342F30DBCACC2A7EB7CA833,2020-09-26 22:53:41.341000,2020-09-26 22:53:42.275000
vx45l5dfy4qj4r6r,,,,,,,C841357CFA0F2CE96692EF21D515D6BF0B017036,2020-09-26 22:53:42.275000,
77zje4xihhp7qy3r,failed,not_found,592,F94A7BAC5D1E3D9372437141E10695A625B8B533,16DB78459B845F4E728405EB694E32929E2B318A,890530C5B510A506F5CF206EFEC1595F96E727A5,A932F56F69D24A96A0CBC4F32922A62DEFD28C77,2020-09-26 22:53:38.363000,2020-09-26 22:53:42.560000
77zje4xihhp7qy3r,failed,not_found,613,F94A7BAC5D1E3D9372437141E10695A625B8B533,F3CEC87ED91E0B0B1D86BE4D7DE90F00B607ECAF,EAA823552F959DFD038E9AC8FA89345A738B6C00,A926970FE1AEF9C6D8D4BF57ED6B88F3F8C66415,2020-09-26 22:53:42.560000,2020-09-26 22:53:43.548000
77zje4xihhp7qy3r,failed,not_found,625,F94A7BAC5D1E3D9372437141E10695A625B8B533,C1B79C4CD9B713BBB6B0522155B46A7BFE3BFAAE,1B91B86B67317A63636FE38ABE6C4E701A2B1A99,CC643E093121F21BABF6F94C7A5FBD5064A2A45C,2020-09-26 22:53:43.548000,2020-09-26 22:53:44.784000
77zje4xihhp7qy3r,failed,not_found,640,F94A7BAC5D1E3D9372437141E10695A625B8B533,6D72E970EB5218702C854BE250EC0663CC14D9BD,F6740DEABFD5F62612FA025A5079EA72846B1F67,CC651A7620A8129209BF865CA6ECC1F09023DD28,2020-09-26 22:53:44.785000,2020-09-26 22:53:45.695000
77zje4xihhp7qy3r,failed,not_found,657,F94A7BAC5D1E3D9372437141E10695A625B8B533,AF1F15819AC766D6508A2B05DA989E99AB511F9F,64E257D94E739278D5954CC820C9D7EAC4E7A7B7,A91F3E4D2CCD81F5C865E143525F92A790CDF17E,2020-09-26 22:53:45.695000,2020-09-26 22:53:46.807000
77zje4xihhp7qy3r,failed,not_found,672,F94A7BAC5D1E3D9372437141E10695A625B8B533,1D04FF920CE804CE357FE62C665901C578BC26D6,8C9704A8068E46CD91287DE3C332EFE2E21C685A,CC605FEC74F20D49995D8FAAFF7365954233B85D,2020-09-26 22:53:46.807000,2020-09-26 22:53:47.710000
wte2lyotkemfbewb,failed,not_found,571,F94A7BAC5D1E3D9372437141E10695A625B8B533,D1B1A550FEE3A05E71CA9080D14CCA3B746C0C17,BCDE75725B927738B6FD34EA2D78F4FA77B99848,F80FDE27EFCB3F6A7B4E2CC517133DBFFA78BA2D,2020-09-26 22:53:39.315000,2020-09-26 22:53:40.401000
wte2lyotkemfbewb,failed,not_found,585,F94A7BAC5D1E3D9372437141E10695A625B8B533,15BE17C99FACE24470D40AF782D6A9C692AB36D6,88CF8D42D49B7C8E9D03ABE5DAE7AF25E9902008,F81F63FDF6B566D63D3A1112FC9D3EA1D3A285D1,2020-09-26 22:53:40.401000,2020-09-26 22:53:41.132000
wte2lyotkemfbewb,failed,not_found,587,F94A7BAC5D1E3D9372437141E10695A625B8B533,113143469021882C3A4B82F084F8125B08EE471E,39F91959416763AFD34DBEEC05474411B964B2DC,F5B58FEE44573C3BFD7D176D918BA5B4057519D7,2020-09-26 22:53:41.132000,2020-09-26 22:53:41.610000
wte2lyotkemfbewb,failed,not_found,601,F94A7BAC5D1E3D9372437141E10695A625B8B533,425835370C1FBE178C21CB53C76672F12BDE091A,0012E2C9067307BCD6072179C33B35665ECC8828,F7F9A2B28AC47F328DFECAA66C592719FCCE1E8E,2020-09-26 22:53:41.611000,2020-09-26 22:53:45.567000
wte2lyotkemfbewb,failed,not_found,653,F94A7BAC5D1E3D9372437141E10695A625B8B533,BF735F669481EE1CCC348F0731551C933D1E2278,890480E14E634C8B4467C475E355A6FBF3D99CD5,F55E866AD4CB00B671B8A315AD3A9289B6E8C02C,2020-09-26 22:53:45.567000,2020-09-26 22:53:46.425000
wte2lyotkemfbewb,failed,not_found,665,F94A7BAC5D1E3D9372437141E10695A625B8B533,645C3F0545E0975A49F69EC272C0C3EA28586825,950134F4ABA3291EEE4E7A2F26546DB7070776A4,F5AD7DE58D0E038B48761AD995F9117DA072BA47,2020-09-26 22:53:46.425000,2020-09-26 22:53:47.609000
ksk6swvetzqujiwr,failed,not_found,622,F94A7BAC5D1E3D9372437141E10695A625B8B533,BE9B12FAAB7429842D643E2308390ECD8961E0A1,F9674F45A25CAA977E7B872807E0A070C121F5FA,66F8C32B94D73B51A5D2FA079C6A09047C9ABA71,2020-09-26 22:53:39.327000,2020-09-26 22:53:44.371000
ksk6swvetzqujiwr,failed,not_found,634,F94A7BAC5D1E3D9372437141E10695A625B8B533,8B0D8D35EC9BE90675E1D054DD7F52F555C80085,410118E874D2263F1CDCD567F81875A8E38B2B3C,7C5C0E83CA290FFF6D5E30D9E0E3FFC9BAE0D0C5,2020-09-26 22:53:44.372000,2020-09-26 22:53:45.441000
ksk6swvetzqujiwr,failed,not_found,650,F94A7BAC5D1E3D9372437141E10695A625B8B533,200473B7974E8D78B75B28DBD6C218DA3A0B8059,4FF53BC47097B50DA5B68D72C5B25CC079F4A787,66F3438B93260F9AC2DFE879BD6A3F830DCE9366,2020-09-26 22:53:45.441000,2020-09-26 22:53:46.703000
ksk6swvetzqujiwr,failed,not_found,671,F94A7BAC5D1E3D9372437141E10695A625B8B533,98AEF7B834D688773CE2BCC5A32761A4943CF623,6BE5AA34A5C391724677A3FDC2AA77B3768F6E26,7C7FFB1C48B7E0C5C9B3D11FEC2F8500F464786A,2020-09-26 22:53:46.704000,2020-09-26 22:53:47.593000
ksk6swvetzqujiwr,failed,not_found,684,F94A7BAC5D1E3D9372437141E10695A625B8B533,58FC2AAB3792AC37897D34331F4F4E00341DEC0C,BD6FFF1AD5A88A8D43870D43EC4450081B4B2BBA,66FE9812C3545F0651C0EE7342751EFB52513FAA,2020-09-26 22:53:47.593000,2020-09-26 22:53:48.597000
ksk6swvetzqujiwr,failed,not_found,694,F94A7BAC5D1E3D9372437141E10695A625B8B533,118496882F58E787DC24F5C219B93F22BA5820D8,22775B953E662151549C114CB8EE5FBDBCBDAD02,7C56BA2175839470ACAAB72E045DD6820764B733,2020-09-26 22:53:48.597000,2020-09-26 22:53:49.515000
mhvd74p5jg2go233,failed,not_found,581,F94A7BAC5D1E3D9372437141E10695A625B8B533,BF37445EA2A9F3D04F4B87DFAC624AEF21B559D5,6E4B0D429CD87AB6C25D72E298294C583FF8BA4A,73CC65219889443C06E06A0B6D427B1FE1C37379,2020-09-26 22:53:40.308000,2020-09-26 22:53:41.174000
mhvd74p5jg2go233,failed,not_found,594,F94A7BAC5D1E3D9372437141E10695A625B8B533,BFD3FC19AD1F691C01B5392DE90D3510B8D1B886,44496B18C68356AF3A58ACAD835429C37B9432ED,73C4C4AE90A8F83D3A091B395C7D5B913D50604D,2020-09-26 22:53:41.175000,2020-09-26 22:53:42.594000
mhvd74p5jg2go233,failed,not_found,614,F94A7BAC5D1E3D9372437141E10695A625B8B533,CDAF0B74C45FD5B1955198A8D92C8A518A53D07B,A59BF4AED23D5A114CC5648826D58C5147B62D1E,73A5A81688BD536BFBABE18630F5BD6306C9AC8E,2020-09-26 22:53:42.594000,2020-09-26 22:53:43.514000
mhvd74p5jg2go233,failed,not_found,624,F94A7BAC5D1E3D9372437141E10695A625B8B533,81F59E8936D0B2105182E4B8200AC07D9274961F,CB92FA4D7D71F134CE1F1FFF2BFF53E88DD4A1DB,0EFEAA8E74F9D9024A019702D31380C7B5CBDEEA,2020-09-26 22:53:43.514000,2020-09-26 22:53:44.404000
mhvd74p5jg2go233,failed,not_found,635,F94A7BAC5D1E3D9372437141E10695A625B8B533,0A58B05D403A2663EB56124F8C7AAB0CABFAA115,B76A047C20D3E4F9B5A64428298DA55A90D62472,0F19413E69DB6507EFDDEC9444C86E0574D6F471,2020-09-26 22:53:44.404000,2020-09-26 22:53:45.270000
mhvd74p5jg2go233,failed,not_found,645,F94A7BAC5D1E3D9372437141E10695A625B8B533,39379E4177FFFB0ED90C2013D97668BD284A1798,40CDE936B04B4573A47223396006443CA5EAC845,0F3B1BCB42C0E688D4A45887EFDD762B8D2F08F9,2020-09-26 22:53:45.271000,2020-09-26 22:53:46.358000
udexwoeob5qnz6jc,failed,not_found,582,F94A7BAC5D1E3D9372437141E10695A625B8B533,5E4D1E6D31413DCCC148A8050224578CBBF12883,8B51EF7AD52443F873211BF86C7D789406D59F2F,A3E7A4395E7C1F30692018E4FB0980B103E38488,2020-09-26 22:53:40.318000,2020-09-26 22:53:41.839000
udexwoeob5qnz6jc,failed,not_found,604,F94A7BAC5D1E3D9372437141E10695A625B8B533,B9233588917C5F6B7DA771118707090591BC4C87,A7C5B40EC0FB5175E884075DDC87531D353F679C,3CD5F7766CF8E96FE315678B0CAC6A5B999FC47D,2020-09-26 22:53:41.840000,2020-09-26 22:53:42.955000
udexwoeob5qnz6jc,failed,not_found,617,F94A7BAC5D1E3D9372437141E10695A625B8B533,D10B9112E59DEAA4C6FA507521E61EB86D2C2A7E,58F3E2956EABB81F673E2FB90E16E001DB4AC3AE,A3D264895F685D16FC834D0685A094AE622F2206,2020-09-26 22:53:42.955000,2020-09-26 22:53:44.048000
udexwoeob5qnz6jc,failed,not_found,623,F94A7BAC5D1E3D9372437141E10695A625B8B533,9423A72BBC8B5C6AC9DE9F57735EB2B08E4156E8,929BB84A68198CE35E2F2828812840AF5C2CBC4A,A3C2F881C3B674D3D40FD2920BB1DE495B8EC3E9,2020-09-26 22:53:44.048000,2020-09-26 22:53:44.734000
udexwoeob5qnz6jc,failed,not_found,638,F94A7BAC5D1E3D9372437141E10695A625B8B533,BADDC94299A1D8D4F4F22B200EAD9ED2E20CA31D,AF7B4AA147DD4A42903B8078EB4C34A704D54114,3CE91268F607E373482D1BCD33018CF1C77FAFA6,2020-09-26 22:53:44.734000,2020-09-26 22:53:45.605000
udexwoeob5qnz6jc,failed,not_found,655,F94A7BAC5D1E3D9372437141E10695A625B8B533,5C01B2D72D75F109550963F810C2010BDA208549,2A0FAD3CA7A190C43D8ED7896727BD426E8C2EFA,3CCF9573F59137E52787D9C322AC19D2BD090B70,2020-09-26 22:53:45.606000,2020-09-26 22:53:46.637000
3oftuqnkmrxhybpx,failed,not_found,595,F94A7BAC5D1E3D9372437141E10695A625B8B533,0F89912E6A4C4A8ACE43C58FF8B83CA299BFF74F,FCF61C25093BB33BAA203D8EE7E65466D42ECF98,5FB17DE2E897625CDCAE99A9FA7689ADE2F4A699,2020-09-26 22:53:41.319000,2020-09-26 22:53:42.062000
3oftuqnkmrxhybpx,failed,not_found,599,F94A7BAC5D1E3D9372437141E10695A625B8B533,8A2CCF9A354EF89C08CB0AE2DD7F7E8418ADF713,08F06A0DDAFABF9A26FCB2E392A1435F9E048216,5FC3CC8F3EAE1F0440B59BA6AABF13BD4611C0B5,2020-09-26 22:53:42.063000,2020-09-26 22:53:42.760000
3oftuqnkmrxhybpx,failed,not_found,615,F94A7BAC5D1E3D9372437141E10695A625B8B533,8358BDDA9C9A680B4E3A2809E5C24F5B3624D5C2,03FC5C52D9A4577F28762E7BE642BB5A8F1E9803,5FB384605F53DCBF1CB02143D318DA3E8EE38A24,2020-09-26 22:53:42.760000,2020-09-26 22:53:43.618000
3oftuqnkmrxhybpx,failed,not_found,626,F94A7BAC5D1E3D9372437141E10695A625B8B533,99339F3E68BCCC1391BF14C821D80766FE0C5956,E2D9035061E3D133B2CA4DA3383AEAACCC0733E1,126E438B6921882FC17F1FC32AAC617300561938,2020-09-26 22:53:43.618000,2020-09-26 22:53:44.763000
3oftuqnkmrxhybpx,failed,not_found,639,F94A7BAC5D1E3D9372437141E10695A625B8B533,52026565263963A4DA7C0A737E43850951405CDB,F38FB55A8CCA6A00CDD024A5EA2CFECB38A48E15,1259F4C66D5D7A4145D6165680D7770161888F2B,2020-09-26 22:53:44.763000,2020-09-26 22:53:45.583000
3oftuqnkmrxhybpx,failed,not_found,654,F94A7BAC5D1E3D9372437141E10695A625B8B533,8737307DE84C2621E6399E99123967A9590297F2,BFB14B9ADF1F19E59258CAE7FCDBAAC9937B7B10,1258D0A9D95582B7666FC0AF6E9A798109A9A29D,2020-09-26 22:53:45.584000,2020-09-26 22:53:46.346000
q2mms7radjh6etog,failed,not_found,596,F94A7BAC5D1E3D9372437141E10695A625B8B533,E11FC7C83F417808A4CDD84A5ABFC112844C477A,EC4AD91674B5AFECCA117A396776F120651E55BF,4E9796481C1E75F75D57E8C1FC8C8ED111433316,2020-09-26 22:53:41.319000,2020-09-26 22:53:42.525000
q2mms7radjh6etog,failed,not_found,612,F94A7BAC5D1E3D9372437141E10695A625B8B533,2CE9BE1FC88B9D0FA03F387C9E4F000B5D4B2AE9,82ED9AEC94184EC6DD299A5CDB3378B04BB17489,FF154E0265ADC24FDB1D8BBA34455E324C9FE407,2020-09-26 22:53:42.525000,2020-09-26 22:53:43.407000
q2mms7radjh6etog,failed,not_found,621,F94A7BAC5D1E3D9372437141E10695A625B8B533,8A6F5A21493685B50F1B46A87A2099D6C410F237,8EA58F28DCA60F56C6F2131BDFE9BF5FAF2233CE,FEDE31337E4E19E06B97D282F08B0A0E8B9C5526,2020-09-26 22:53:43.407000,2020-09-26 22:53:44.274000
q2mms7radjh6etog,failed,not_found,631,F94A7BAC5D1E3D9372437141E10695A625B8B533,67458CBE6A595F5620AE39EDF538E2994793E130,7C86C73DB17CE20CD26537C9E3EC0FD7A55E5C6D,FEEF24CDF15BB59B418D1BF94A64BD3E62BB2CF3,2020-09-26 22:53:44.274000,2020-09-26 22:53:45.639000
q2mms7radjh6etog,failed,not_found,656,F94A7BAC5D1E3D9372437141E10695A625B8B533,8A6F5A21493685B50F1B46A87A2099D6C410F237,BE40A5C8EB81704DBC1586190159AA7EDC1DA11D,4E91B66561EE01B1653E1803FE53B5C400D967DB,2020-09-26 22:53:45.640000,2020-09-26 22:53:46.492000
q2mms7radjh6etog,failed,not_found,667,F94A7BAC5D1E3D9372437141E10695A625B8B533,855D23C80D1A2C5DCA44EB6BD3D57BE8F88E4F02,005079A42356183CEA5A3ADD239303F44F12E7EA,4E81EA3528D6FB79B10B0F11C6FC96CE1C060021,2020-09-26 22:53:46.493000,2020-09-26 22:53:47.592000
pfzgpw5rczv4jpgh,failed,not_found,607,F94A7BAC5D1E3D9372437141E10695A625B8B533,7674C383F7F551E065E3E95BBCFC067157546A17,C9625642A04FA0F3598F5505A936AECA910B94A1,05F5BB75DA007361CE03770393033D4D52836D8A,2020-09-26 22:53:42.317000,2020-09-26 22:53:43.406000
pfzgpw5rczv4jpgh,failed,not_found,620,F94A7BAC5D1E3D9372437141E10695A625B8B533,1079E628FC6B0025656AC024F2D9975C441498CD,64E257D94E739278D5954CC820C9D7EAC4E7A7B7,05FEA2DB1FD29DE229B589DFEF5E80A5C6C7EE9E,2020-09-26 22:53:43.407000,2020-09-26 22:53:44.199000
pfzgpw5rczv4jpgh,failed,not_found,628,F94A7BAC5D1E3D9372437141E10695A625B8B533,B204DE75B37064EF6A4C6BAF955C5724578D0B32,334DF2164322B98FCC567BC444947B74AC92DAEA,05DC5DBEFB651BC02946DB3286F85DB1B5D2C3D6,2020-09-26 22:53:44.200000,2020-09-26 22:53:45.296000
pfzgpw5rczv4jpgh,failed,not_found,646,F94A7BAC5D1E3D9372437141E10695A625B8B533,2CF2DFBA221B77E96E9FE69725AE82F4E101BE4A,FF06E7A068A1CA66CE593DCE85E2477807C48302,42215683AE0D359B6BADF2674D09BEA348BE388A,2020-09-26 22:53:45.297000,2020-09-26 22:53:46.327000
pfzgpw5rczv4jpgh,failed,not_found,661,F94A7BAC5D1E3D9372437141E10695A625B8B533,91517F219F7648E4B8BBF3C162C77DDC55315612,01AE2DE314276C82FCCC3603A1C2F3238E6544C9,425835370C1FBE178C21CB53C76672F12BDE091A,2020-09-26 22:53:46.328000,2020-09-26 22:53:47.524000
pfzgpw5rczv4jpgh,failed,not_found,683,F94A7BAC5D1E3D9372437141E10695A625B8B533,CBD00958A3B897774E333D75C24E6A75F5220DCC,91C6AE74A3520AE890F051E992F5C7F6D391E61F,424BF86927E80D916589BB12248BD468BB470684,2020-09-26 22:53:47.525000,2020-09-26 22:53:48.627000
i7lt4xpijn2pwrki,failed,not_found,608,F94A7BAC5D1E3D9372437141E10695A625B8B533,1424000B86DF67D1FBFF685B204073BB9591CEFD,E17745C64255D2920D9B9FCF9EF930C426EE4A91,C69D24F9353E16D85E82B4A9E4571DFAF6DCF531,2020-09-26 22:53:42.335000,2020-09-26 22:53:43.215000
i7lt4xpijn2pwrki,failed,not_found,611,F94A7BAC5D1E3D9372437141E10695A625B8B533,213F2B4AB09EE6FF8CA21B804B2E1BD8835088D3,0BD524A66A928A093AD1ADD79AD24C5DA6D805CE,C699F40B3344D34D3C596791A7EBC67E41C62A0B,2020-09-26 22:53:43.215000,2020-09-26 22:53:44.232000
i7lt4xpijn2pwrki,failed,not_found,629,F94A7BAC5D1E3D9372437141E10695A625B8B533,5CCC3569C67B7F1BB733664D43DF4645F2A4B04D,7EC4C310D1FB2A7C0943B810946EA354D64A2165,C69BE3F0326A7328556501BE237408F32748247D,2020-09-26 22:53:44.233000,2020-09-26 22:53:45.142000
i7lt4xpijn2pwrki,failed,not_found,642,F94A7BAC5D1E3D9372437141E10695A625B8B533,A4A2FE36988069304CFF837064277FAB6348AF03,08F4692B60862640F688B86826B66F30DEA7AB73,0FADA801B150261109DD1F492BB10CE39C83A782,2020-09-26 22:53:45.142000,2020-09-26 22:53:46.117000
i7lt4xpijn2pwrki,failed,not_found,658,F94A7BAC5D1E3D9372437141E10695A625B8B533,62CF4982747BFDE3C0395A3894554BD8DC3C5D92,9EB3FD84065E5622A57EFEF14E41A01B5B99A022,0FB2EDAB99D10A2B708370E625323C76EB895FA2,2020-09-26 22:53:46.118000,2020-09-26 22:53:46.871000
i7lt4xpijn2pwrki,failed,not_found,673,F94A7BAC5D1E3D9372437141E10695A625B8B533,F37374DB9FA6EF14CED64FD294E8D8683F032EC8,8B0D8D35EC9BE90675E1D054DD7F52F555C80085,0FBB3C61AB6D93E10ABDE69EB8CCC60518A8BF3A,2020-09-26 22:53:46.871000,2020-09-26 22:53:48.024000
5gam75a7zxug2vqi,failed,not_found,618,F94A7BAC5D1E3D9372437141E10695A625B8B533,98AEF7B834D688773CE2BCC5A32761A4943CF623,33AA6CFE161A698169B548C9D973DAE6DED6BF0E,20CE7E9C49A748661E66C747C6E2109CEEAA5705,2020-09-26 22:53:43.310000,2020-09-26 22:53:44.104000
5gam75a7zxug2vqi,failed,not_found,627,F94A7BAC5D1E3D9372437141E10695A625B8B533,DBE82FA23B9FE3CB2462A6FCF5289DED3CBF4AEE,7B7BE656C316EED555CE9CF68D44CB5014767881,706A7674A217BA905FE677E82236B7B968A23DB7,2020-09-26 22:53:44.105000,2020-09-26 22:53:45.197000
5gam75a7zxug2vqi,failed,not_found,643,F94A7BAC5D1E3D9372437141E10695A625B8B533,23A2D8DDF761F35CC63BDF65E604B76A7E2F6971,114FB145113A8D53818F0BA9363DFBC81DC8447F,706B1ED9AF5CCAC90AD488AE2691B358FA598CBB,2020-09-26 22:53:45.197000,2020-09-26 22:53:46.346000
5gam75a7zxug2vqi,failed,not_found,663,F94A7BAC5D1E3D9372437141E10695A625B8B533,874D84382C892F3F61CC9E106BF08843DE0B865A,13EE0E14C6A2751633138277C1443A4C37DD55D4,20CD933EDC7260B19040475B24FD6B01B73E94BB,2020-09-26 22:53:46.346000,2020-09-26 22:53:47.492000
5gam75a7zxug2vqi,failed,not_found,681,F94A7BAC5D1E3D9372437141E10695A625B8B533,7185B69E3267E71D0E4CBE30209677205DEA5E67,69BE1831EC63C751D241E5E962DA4793355A6253,7088D485934E8A403B81531F8C90BDC75FA43C98,2020-09-26 22:53:47.493000,2020-09-26 22:53:48.295000
5gam75a7zxug2vqi,failed,not_found,689,F94A7BAC5D1E3D9372437141E10695A625B8B533,F0AE51D182DA3B1FB452666EE3E5EA906C431CBF,79509683AB4C8DDAF90A120C69A4179C6CD5A387,20D2A186A412EA433D9BAD2FDBD7B48B36B20B34,2020-09-26 22:53:48.295000,2020-09-26 22:53:49.720000
auqslb7r5euwbsul,failed,not_found,619,F94A7BAC5D1E3D9372437141E10695A625B8B533,C291114640EA333A6AC5801B5E0EC95C012DFE6B,AE95BDA37A5BB4685FEBB7F06649D6CE949B5316,287E1041DFC3A03E1650A61ADF580EA1C6BF3649,2020-09-26 22:53:43.321000,2020-09-26 22:53:45.106000
auqslb7r5euwbsul,failed,not_found,641,F94A7BAC5D1E3D9372437141E10695A625B8B533,1E1A7C9134637383BE653C41973995A229D81595,29FA511E67A31A1A874AABFB2B624AD122AE4ED4,288DA2F27E30BC73FC8A84367696C9DF6B4C1B90,2020-09-26 22:53:45.106000,2020-09-26 22:53:45.921000
auqslb7r5euwbsul,failed,not_found,652,F94A7BAC5D1E3D9372437141E10695A625B8B533,1F97BE0788A261FF978C082E0AB44ADD96AF1F7A,1C24A2669C7E0D62B2157B95F56ED00EE307C85C,288D7A8EA471B5D9635B6A8AC081764E3CD39798,2020-09-26 22:53:45.921000,2020-09-26 22:53:46.391000
auqslb7r5euwbsul,failed,not_found,664,F94A7BAC5D1E3D9372437141E10695A625B8B533,8E5F4EE45E0631A60E59CAA42E1464FD7120459D,43A8F247F9FA636BE30D4DFE66B55233A2D8A738,FDA70EC93DB01E3CB418CB6943B0C68464B18B4C,2020-09-26 22:53:46.391000,2020-09-26 22:53:47.373000
auqslb7r5euwbsul,failed,not_found,678,F94A7BAC5D1E3D9372437141E10695A625B8B533,6ED00DB18B4516A9097FC005BE1679BFC9A4C752,1B9FACF25E17D26E307EA7CFA7D455B144B032E5,FD7ED9F4871E2EC46035FC602960EACC32E08FF8,2020-09-26 22:53:47.373000,2020-09-26 22:53:49.370000
auqslb7r5euwbsul,failed,not_found,704,F94A7BAC5D1E3D9372437141E10695A625B8B533,E7EF73B4722CFAF0E8AA2151D3AA78701DE5F19B,79C674E6C1AC90687CCCF644D24C17AC1E535A3C,FD79B7F9230858B48E75F389661840C702511078,2020-09-26 22:53:49.370000,2020-09-26 22:53:50.361000
xjw6wcqdfhfaqoiq,failed,not_found,632,F94A7BAC5D1E3D9372437141E10695A625B8B533,E46C3F0533709EE2112874B13A4FE3868B33E75E,7C5C0E83CA290FFF6D5E30D9E0E3FFC9BAE0D0C5,3F65766ADE067D9D08920E3B74DAB9040EDD26B2,2020-09-26 22:53:44.316000,2020-09-26 22:53:45.347000
xjw6wcqdfhfaqoiq,failed,not_found,648,F94A7BAC5D1E3D9372437141E10695A625B8B533,E223385680ADBA057CC2EB27CB19F0D417689933,8EA58F28DCA60F56C6F2131BDFE9BF5FAF2233CE,F31C03A766FAA33B62B12105D822FFE69A3BB0E5,2020-09-26 22:53:45.348000,2020-09-26 22:53:46.638000
xjw6wcqdfhfaqoiq,failed,not_found,670,F94A7BAC5D1E3D9372437141E10695A625B8B533,3C79702BCC4AA498CB8E9FEC8A51A72AE89169EA,AAFFA68AB61238F9044B6ECBA62E25264113EB88,F35D115BDD5987D301BE0FD27DAB05F5F4B2ABAE,2020-09-26 22:53:46.638000,2020-09-26 22:53:47.390000
xjw6wcqdfhfaqoiq,failed,not_found,679,F94A7BAC5D1E3D9372437141E10695A625B8B533,9B2BC7EFD661072AFADC533BE8DCF1C19D8C2DCC,FD79B7F9230858B48E75F389661840C702511078,F37374DB9FA6EF14CED64FD294E8D8683F032EC8,2020-09-26 22:53:47.391000,2020-09-26 22:53:48.138000
xjw6wcqdfhfaqoiq,failed,not_found,686,F94A7BAC5D1E3D9372437141E10695A625B8B533,645C3F0545E0975A49F69EC272C0C3EA28586825,D0681DAAABC320310B8616951D6C19F69F778A6F,3F62F05E859D7F98B086F702A31F7714D566E49A,2020-09-26 22:53:48.139000,2020-09-26 22:53:49.139000
xjw6wcqdfhfaqoiq,,,,,,,3F6EBCE3AEF01229EA7EADEC0BD50F316342988D,2020-09-26 22:53:49.139000,
yp2r7lezzac6nyud,failed,not_found,633,F94A7BAC5D1E3D9372437141E10695A625B8B533,CD39C258265B25EAA4ABA4FDCB2DF98104CAA362,FA5F1AB3468F808B2FB05F2155C0481A3532C787,DF445006932A7BA942F3EBB4457D7ABF2E4006E0,2020-09-26 22:53:44.336000,2020-09-26 22:53:45.257000
yp2r7lezzac6nyud,failed,not_found,644,F94A7BAC5D1E3D9372437141E10695A625B8B533,DA8D76F5F5819693B5C96F499BA19F7404014769,0F6E56C326DC9719942E8BBA58C22F71332DA891,E5D7D35357E9C55B47E2ADDE73199153888BD4CB,2020-09-26 22:53:45.258000,2020-09-26 22:53:46.225000
yp2r7lezzac6nyud,failed,not_found,659,F94A7BAC5D1E3D9372437141E10695A625B8B533,FF21B755C60C998E25EDC5864F709C2ED5C38F9D,3A9443710224E5182895C342D1D36C1D460A1206,DF390860B5610B8E99C5A78B4099A3705CD36B17,2020-09-26 22:53:46.225000,2020-09-26 22:53:47.043000
yp2r7lezzac6nyud,failed,not_found,674,F94A7BAC5D1E3D9372437141E10695A625B8B533,54DE63F4587058B79152A75A0238D7F7A0279215,56781CCC9F6D29FEA148799AB588429C893A473C,DF2A241897F04A7D0C2A195D81E0CB1271AD5B6F,2020-09-26 22:53:47.044000,2020-09-26 22:53:48.074000
yp2r7lezzac6nyud,failed,not_found,685,F94A7BAC5D1E3D9372437141E10695A625B8B533,12CF6DB4DAE106206D6C6B09988E865C0509843B,B42C797CC8CD63C60FB643E820A11D113DF4F5C8,E5CC82DF823F15F9EEF99F22BFB1F3CC5F5076EF,2020-09-26 22:53:48.075000,2020-09-26 22:53:49.058000
yp2r7lezzac6nyud,failed,not_found,697,F94A7BAC5D1E3D9372437141E10695A625B8B533,CC2D8C3C2A4E5ECAAF027D0C9022C66B9ED58330,03E9F7E669C8F911C5EEC3EC094533151F857420,E605E70E86A7777A22DF2259DFA9C5360B54346A,2020-09-26 22:53:49.058000,2020-09-26 22:53:50.230000
qaklfk2cm5zwwuje,failed,not_found,647,F94A7BAC5D1E3D9372437141E10695A625B8B533,723E21FD6F91905E84E583D4619A2D1E282B8180,3586697291602DC8042EB152E60701FFFE8777BD,71026B999E15ECC0BCCA56B972E210CCA76AD96A,2020-09-26 22:53:45.328000,2020-09-26 22:53:47.137000
qaklfk2cm5zwwuje,failed,not_found,675,F94A7BAC5D1E3D9372437141E10695A625B8B533,F3936F97C14EFCFD18154DF4443B91FEDD071F47,EC38686ACAC6E373BF3BE0847B3AD6299ABA4D91,70FF4E669EC69F8E324537D05ADDAAED76303D8D,2020-09-26 22:53:47.137000,2020-09-26 22:53:48.609000
qaklfk2cm5zwwuje,failed,not_found,695,F94A7BAC5D1E3D9372437141E10695A625B8B533,D14EC16949648CEE84EA1664445029EA4B597074,4561FC085C3F3A7271FE960317F02DCD1E9C1188,0A178D302936F209AF3DA77CCC4E3C4D5DBE11E9,2020-09-26 22:53:48.609000,2020-09-26 22:53:49.912000
qaklfk2cm5zwwuje,failed,not_found,717,F94A7BAC5D1E3D9372437141E10695A625B8B533,F8DE8132E599A194E20DDB738AF64A7200CD5949,7C22E89AB620E77DF1B4A33787A5EC3F2AB4A8D1,09F3067452D8D1DAFD33D0524A41DBF5295D3472,2020-09-26 22:53:49.913000,2020-09-26 22:53:50.796000
qaklfk2cm5zwwuje,,,,,,,0A0C01DD0044E70318D9E3DA5F125A09069C57C1,2020-09-26 22:53:50.797000,
lfks3xwkton7n4x3,failed,not_found,649,F94A7BAC5D1E3D9372437141E10695A625B8B533,963879BB424D9A637A63105D5C26A2453C2C2272,43E187B8C7361F47EA968ED5389435865D7F4FE7,F3D775C73BC57640A3EB7EFAC31CFAEDD14C9C7C,2020-09-26 22:53:45.379000,2020-09-26 22:53:46.480000
lfks3xwkton7n4x3,failed,not_found,666,F94A7BAC5D1E3D9372437141E10695A625B8B533,BFC2EEBFE31AA782949AA7D410046BF28EAF89C8,224C3DD1DFF6F11219604870D48953249EE3C26F,F3EB1E1FF45A3CDE4E02FBD4E805D4FC37A4AD56,2020-09-26 22:53:46.480000,2020-09-26 22:53:47.870000
lfks3xwkton7n4x3,failed,not_found,682,F94A7BAC5D1E3D9372437141E10695A625B8B533,96D656384559910834CFDB128D843F819D5D2FD5,BFC2EEBFE31AA782949AA7D410046BF28EAF89C8,0D6E25BD8C540178C309EE2A84C7A74496360D6E,2020-09-26 22:53:47.870000,2020-09-26 22:53:48.747000
lfks3xwkton7n4x3,failed,not_found,696,F94A7BAC5D1E3D9372437141E10695A625B8B533,1C84C89198911D0C8962AA65C3E4E6530075396E,EA3616A0B9BBBDC74121D8D6F01EABDDCF6BE35D,F42293743B0BC4A33C80A542A451EE6C64B27DE9,2020-09-26 22:53:48.747000,2020-09-26 22:53:49.699000
lfks3xwkton7n4x3,failed,not_found,714,F94A7BAC5D1E3D9372437141E10695A625B8B533,890480E14E634C8B4467C475E355A6FBF3D99CD5,35513B1D2EA70649346C3C6D34F63D6982E3948A,0D7C69551F9186DB589BDF00858314AC136A33DA,2020-09-26 22:53:49.699000,2020-09-26 22:53:50.550000
lfks3xwkton7n4x3,,,,,,,0D58067912EA84D955565C82A4C00A47CDEF11DC,2020-09-26 22:53:50.550000,
iwj2ttcw5jo47wbg,failed,not_found,660,F94A7BAC5D1E3D9372437141E10695A625B8B533,88CF8D42D49B7C8E9D03ABE5DAE7AF25E9902008,D952BAC96C3FCFB37B7EFF49E615582CD63FF62E,69B53A5AE5025DA8947F7C32F69CA90375ED2A4E,2020-09-26 22:53:46.315000,2020-09-26 22:53:47.450000
iwj2ttcw5jo47wbg,failed,not_found,680,F94A7BAC5D1E3D9372437141E10695A625B8B533,EE7CD2A763435C7006095BD167C790ABE5BC4DEA,5B1F0DAF378A1FAFCFD5FA9CDC66D1023DC0276E,698B8708CF4EA02D27CA09274F3351B4F66A5834,2020-09-26 22:53:47.451000,2020-09-26 22:53:48.193000
iwj2ttcw5jo47wbg,failed,not_found,687,F94A7BAC5D1E3D9372437141E10695A625B8B533,F43188DAE9A3F22C643CD7B8B3C8FEDB93AA8E12,CC1BDE73D48DEF3202C688A158D0718C885360D4,0FF7D03AC5F31F93E3AE11ABF74313D071E11ED3,2020-09-26 22:53:48.193000,2020-09-26 22:53:48.978000
iwj2ttcw5jo47wbg,failed,not_found,693,F94A7BAC5D1E3D9372437141E10695A625B8B533,1252A53FE719AF72C0FD1E54D8DE08C0327E5A4A,B73D1E98BE6689A1DDBFE4232C769FCD1B9E0B32,0FF233C8D78A17B8DB7C8257D2E05CD5AA7C6B88,2020-09-26 22:53:48.979000,2020-09-26 22:53:49.698000
iwj2ttcw5jo47wbg,failed,not_found,712,F94A7BAC5D1E3D9372437141E10695A625B8B533,E4A23FEACFA0D7064C6694BE91BF94805E3CE487,2E72EEABE4EE19183BEFAA10D88B3C16829C9F99,0FF9F882501FB1D610522DF6AAD6E75C95F8F2B8,2020-09-26 22:53:49.698000,2020-09-26 22:53:50.487000
iwj2ttcw5jo47wbg,,,,,,,699388030AFC5C110822C85DE97A51545B192987,2020-09-26 22:53:50.487000,
2uy3sgnv5v3nevsx,,,,,,,CF6A061268FF0EEFD323E0E91B1E9DF24098E413,2020-09-26 22:53:46.345000,
kw4vqrg5m7j7cdqs,failed,not_found,676,F94A7BAC5D1E3D9372437141E10695A625B8B533,774908E4A3018A9696BD02FE4F3F8A8724396D22,C7FF606D59C7F6BECA8A341D3CF11B423F382D5D,E9CA6548917DE6961B09B257D2AA803C8A5BC657,2020-09-26 22:53:47.347000,2020-09-26 22:53:49.139000
kw4vqrg5m7j7cdqs,failed,not_found,698,F94A7BAC5D1E3D9372437141E10695A625B8B533,1C0736CF3744A3B87C2D2269B8BD3388C7E60552,724E86E7F5DA715529DC0ECAA013AE4BDC680E4C,22979D549AA1F0B7748A092E723D1926AC9FE570,2020-09-26 22:53:49.139000,2020-09-26 22:53:50.090000
kw4vqrg5m7j7cdqs,failed,not_found,723,F94A7BAC5D1E3D9372437141E10695A625B8B533,F1E6676A0551B4D88262536FAAB488B861AACA1A,39379E4177FFFB0ED90C2013D97668BD284A1798,22775B953E662151549C114CB8EE5FBDBCBDAD02,2020-09-26 22:53:50.090000,2020-09-26 22:53:51.036000
kw4vqrg5m7j7cdqs,,,,,,,22658368E5AA075AEAACC19075ADC19670A77165,2020-09-26 22:53:51.036000,
mmwevlmfbdnkivmn,failed,not_found,677,F94A7BAC5D1E3D9372437141E10695A625B8B533,4E98AA295B7171996D18DD1F6A19F64AB4036B4A,1079E628FC6B0025656AC024F2D9975C441498CD,ACBC80908C1674F5F4D6F8CD1EA7A245851E4922,2020-09-26 22:53:47.371000,2020-09-26 22:53:48.270000
mmwevlmfbdnkivmn,failed,not_found,688,F94A7BAC5D1E3D9372437141E10695A625B8B533,0C6CA58153400FA077EABB14773E36FD61BF0D75,C5D5E635D115C921C060929FDBEA08F214289198,ACBBB426CE1D0641A590BF1FC1CF05416FC0FF6F,2020-09-26 22:53:48.270000,2020-09-26 22:53:50.274000
mmwevlmfbdnkivmn,failed,not_found,729,F94A7BAC5D1E3D9372437141E10695A625B8B533,CF6A6080091BB210AA3892FEFE2F6A396DA08DF3,F9246DEF2B653807236DA134F2AEAB103D58ABFE,ACCE33C8952304D12A113A161DEE7C8E8D330440,2020-09-26 22:53:50.274000,2020-09-26 22:53:51.253000
mmwevlmfbdnkivmn,,,,,,,40DD356E8F3C53FA9251B561CF956302791AAFF5,2020-09-26 22:53:51.253000,
qdepvfty2thf3yzq,failed,not_found,690,F94A7BAC5D1E3D9372437141E10695A625B8B533,07B8FC5B66719C355FABF84B4F5E0131E127DF01,00C22D3BC1822EB8EA380AF04245337399E796E2,DE29A5C0DB38AA229286B237798D8817EE6B75E2,2020-09-26 22:53:48.329000,2020-09-26 22:53:49.697000
qdepvfty2thf3yzq,failed,not_found,721,F94A7BAC5D1E3D9372437141E10695A625B8B533,38471394F06B2B86404768193C929313962FDC2F,8701E70AC4C0C9E1FE47EA853FC997D29BE5D65C,DE0421FBD771E6189205D353366874B1790185C7,2020-09-26 22:53:49.698000,2020-09-26 22:53:50.919000
qdepvfty2thf3yzq,failed,not_found,740,F94A7BAC5D1E3D9372437141E10695A625B8B533,8ABC4D5F6182C7E79B087D1ED9E5CF652C83E52C,3A8557B067FBE53F168BBEAA7D14D1298AE52A52,DE4EB74B8105751568A75649F6672A31F2A3DE20,2020-09-26 22:53:50.919000,2020-09-26 22:53:51.349000
qdepvfty2thf3yzq,,,,,,,FF21B755C60C998E25EDC5864F709C2ED5C38F9D,2020-09-26 22:53:51.349000,
5doxtpfds6mlzie2,failed,not_found,691,F94A7BAC5D1E3D9372437141E10695A625B8B533,A597AC866E40CAB5A67759ADE4942192E99DE684,88DF5D708E931C431902AAABEA981E7951E00085,30E747B3058994CCCBEAF8B5B4791A9F1628AB7D,2020-09-26 22:53:48.329000,2020-09-26 22:53:50.967000
5doxtpfds6mlzie2,,,,,,,5F276A6F7AA74AFB2AF100EADA28C7A6F48BA50F,2020-09-26 22:53:50.967000,
vlzzpwwtfez6qrvo,failed,not_found,700,F94A7BAC5D1E3D9372437141E10695A625B8B533,D87698D8E2276C7E93D531B7C2A1B27D58C71876,876C7CE43774366250D3E768E690DAB9D4B5D5A3,7B57933E29D520471D7E67AB48B06B62832828F9,2020-09-26 22:53:49.310000,2020-09-26 22:53:50.230000
vlzzpwwtfez6qrvo,failed,not_found,708,F94A7BAC5D1E3D9372437141E10695A625B8B533,01AE2DE314276C82FCCC3603A1C2F3238E6544C9,0C3D5E19E3C75B505C8ACD26F89DCA2DF970553E,8AFFEAE2A917D35C4E98395F5F3BDC3A55472632,2020-09-26 22:53:50.230000,2020-09-26 22:53:51.104000
vlzzpwwtfez6qrvo,,,,,,,8ABC4D5F6182C7E79B087D1ED9E5CF652C83E52C,2020-09-26 22:53:51.104000,
pr23dksq6fweufvl,,,,,,,ACDD9E85A05B127BA010466C13C8C47212E8A38F,2020-09-26 22:53:49.318000,
oscow5zajninjn34,,,,,,,FC5B4F90D1A9BB6B5885CA6B4F4EC47D1783952D,2020-09-26 22:53:50.326000,
rll7na5t5eecljpl,,,,,,,01FF9C8571D1C09FA8D2ACCE727D5530FEC10038,2020-09-26 22:53:50.350000,
