addr,status,reason,circ,guard_fp,middle_fp,exit_fp,hsdir_fp,start,end
qenqo5wxgkwzkmc2,failed,not_found,,,,,7B31DD8527F424088E8CBBAAE6AB83BFC568C2E6,2020-09-26 20:14:30.150000,2020-09-26 20:14:31.637000
qenqo5wxgkwzkmc2,failed,not_found,10,09A70E396DE93F54D4541BBB0EC8E2B23761F34F,703E952794CD9B055391A2372870C280CF7BDA19,EEDF0AF1F892C82F056063827B47283CC9AEAA41,7B2FD4FFD565993CB4C4334AC0A0C42985EBEADB,2020-09-26 20:14:31.638000,2020-09-26 20:14:36.461000
qenqo5wxgkwzkmc2,failed,not_found,17,09A70E396DE93F54D4541BBB0EC8E2B23761F34F,F0F5074A6DADD3DC22E1FAA18FD6D89CBC52771A,BA820A3CA53A4956C76C04B3BA170D7E67D2179A,7B2904FE8AA12E45EA3D65658ED8CECA4A51F7F8,2020-09-26 20:14:36.461000,2020-09-26 20:14:38.155000
qenqo5wxgkwzkmc2,failed,not_found,33,09A70E396DE93F54D4541BBB0EC8E2B23761F34F,84F0FEBFDFA8FBC6A2EA27F87EBB31F050AFD04D,58F3E2956EABB81F673E2FB90E16E001DB4AC3AE,8EA58F28DCA60F56C6F2131BDFE9BF5FAF2233CE,2020-09-26 20:14:38.156000,2020-09-26 20:14:41.458000
qenqo5wxgkwzkmc2,failed,not_found,44,09A70E396DE93F54D4541BBB0EC8E2B23761F34F,02758CD398E3F842EF82478078AAAE0273770DB2,C6E1453B8CAF796E4CF65DB6A81283BDDD722F88,8E8E9D3FD1F25814CDB57A7DBAA290114EADE7BE,2020-09-26 20:14:41.458000,2020-09-26 20:14:44.584000
qenqo5wxgkwzkmc2,failed,not_found,78,09A70E396DE93F54D4541BBB0EC8E2B23761F34F,C5F214F7F9CCBF09324C9AA032760150243A196C,90A40EAF6090BD260237BDFE9391A2EFF35E8733,8EB53B7C8D8E2FF830DA324A05BE8CE954BABC55,2020-09-26 20:14:44.585000,2020-09-26 20:14:50.555000
gotp3vpj4do6wj23,failed,not_found,,,,,B76A047C20D3E4F9B5A64428298DA55A90D62472,2020-09-26 20:14:30.151000,2020-09-26 20:14:31.234000
gotp3vpj4do6wj23,failed,not_found,9,09A70E396DE93F54D4541BBB0EC8E2B23761F34F,CC33FBAF8FC92A8EC28913F7C9B1B092BB2C9897,B940AAC942E9929E673C3533F510C5261B50790C,B775D37E6CA9288FD7D0C977CB55B7BEB11E0179,2020-09-26 20:14:31.234000,2020-09-26 20:14:35.542000
gotp3vpj4do6wj23,failed,not_found,23,09A70E396DE93F54D4541BBB0EC8E2B23761F34F,7FA3FA525901A91A1310B817943668BC2C16289E,8FD3BAF5E14EBE1124D6253D59882AFE1C2B9B8E,486740353B905AA4731F82C0B4CC25821A62C6E3,2020-09-26 20:14:35.543000,2020-09-26 20:14:39.540000
gotp3vpj4do6wj23,failed,not_found,32,09A70E396DE93F54D4541BBB0EC8E2B23761F34F,1C8B3C3D8BC705883B7799C915B2FE1E0FEB006F,AD7552F2CFBF472F9FFE748D3E82994EA6050A76,488C94BA00DC38397BE3EA051AB3BF8FE660A062,2020-09-26 20:14:39.541000,2020-09-26 20:14:41.160000
gotp3vpj4do6wj23,failed,not_found,53,09A70E396DE93F54D4541BBB0EC8E2B23761F34F,912A7C57E05606AF602EC63D1D06BBD5C7AAE516,5CFC486780CBD4446B764E51608D6574003B350D,B771AA877687F88E6F1CA5354756DF6C8A7B6B24,2020-09-26 20:14:41.160000,2020-09-26 20:14:44.601000
gotp3vpj4do6wj23,failed,not_found,79,09A70E396DE93F54D4541BBB0EC8E2B23761F34F,F4F605AA21C4633CCB5B8DBBC1CEEE5C590C6DCE,47A83EC4D144FB8094A57DC5AEB39E9F6F174036,488E663B4A88C12E6DE6C12F7A6053F09BF7A61A,2020-09-26 20:14:44.602000,2020-09-26 20:14:51.811000
lbb4bajzx2xfmbu3,failed,not_found,,,,,E75F2ACA1A18291AFE52E6BE0BAC1F805ABC1439,2020-09-26 20:14:31.147000,2020-09-26 20:14:32.789000
lbb4bajzx2xfmbu3,failed,not_found,7,09A70E396DE93F54D4541BBB0EC8E2B23761F34F,A0B05E1D852D874EFAF3603C83246E00AD65AF20,E3E75603998661EA67C6767493FC606830DDC345,A926970FE1AEF9C6D8D4BF57ED6B88F3F8C66415,2020-09-26 20:14:32.790000,2020-09-26 20:14:35.129000
lbb4bajzx2xfmbu3,failed,not_found,11,09A70E396DE93F54D4541BBB0EC8E2B23761F34F,A123F404BD9A15D96CC7930C2BE28103341AC68B,874D84382C892F3F61CC9E106BF08843DE0B865A,A91F3E4D2CCD81F5C865E143525F92A790CDF17E,2020-09-26 20:14:35.130000,2020-09-26 20:14:37.182000
lbb4bajzx2xfmbu3,failed,not_found,31,09A70E396DE93F54D4541BBB0EC8E2B23761F34F,E3D61BAEA0B7CB12CACEDC8821C520557BDFCEA3,4825FABA5D4A44E6DFC307544EF15F15FB37FA49,E75ABF29D4B417D3D3565AEDAF89E4F9D16E736F,2020-09-26 20:14:37.182000,2020-09-26 20:14:40.616000
lbb4bajzx2xfmbu3,failed,not_found,40,09A70E396DE93F54D4541BBB0EC8E2B23761F34F,461453F94FA0E3CBB011685E22CDAFD2AF0DFDC3,38F0B34A86E19A2C65B20F95BFB0CBE40E3165C9,A932F56F69D24A96A0CBC4F32922A62DEFD28C77,2020-09-26 20:14:40.617000,2020-09-26 20:14:41.946000
lbb4bajzx2xfmbu3,failed,not_found,62,09A70E396DE93F54D4541BBB0EC8E2B23761F34F,BE9B12FAAB7429842D643E2308390ECD8961E0A1,B5D11485CE7613F8734D040BF9166F6AAFB30F46,E75166CEDB8397B86DE512B9B79B8CA7225ECB52,2020-09-26 20:14:41.947000,2020-09-26 20:14:45.146000
ycknkwn4rqtf7y3i,failed,not_found,8,09A70E396DE93F54D4541BBB0EC8E2B23761F34F,AC61D1722091F2FC4760776AF2C230D9DC679C03,E5CC91BAFE7CCD68003E873D32E38027638D49D7,AB7E26C3AF536A87E5099335A4CBE832E2194311,2020-09-26 20:14:31.162000,2020-09-26 20:14:35.130000
ycknkwn4rqtf7y3i,failed,not_found,20,09A70E396DE93F54D4541BBB0EC8E2B23761F34F,5DA4305BD06BD6F6A30BB06C34C251E256AC1328,53134D9637D9FBE565FA1E3AF82B23CC964C56D6,AB687988F260DE9EDC3B36C66287DE2660ED1CE0,2020-09-26 20:14:35.130000,2020-09-26 20:14:38.953000
ycknkwn4rqtf7y3i,failed,not_found,41,09A70E396DE93F54D4541BBB0EC8E2B23761F34F,66697AD93644A94BD56EBC7FD681E4AF1ABA32A2,6D40A3DB3CA5946DF366B63C9EB02FAC03B87BC9,AB73816E5D7BC52664CBB9D005FF579BAFEAFE87,2020-09-26 20:14:38.954000,2020-09-26 20:14:43.472000
ycknkwn4rqtf7y3i,failed,not_found,74,09A70E396DE93F54D4541BBB0EC8E2B23761F34F,E6C04728E9339DF22F331B7017D4A7AA3F252F0B,6DCCA448F8EDC79553CE60E8E21030E942CCC3B9,47175EA5C1B830AD72F2ED14C089B443758376E1,2020-09-26 20:14:43.473000,2020-09-26 20:14:50.552000
ycknkwn4rqtf7y3i,failed,not_found,116,09A70E396DE93F54D4541BBB0EC8E2B23761F34F,CC2179A97D4EC55BFA56B27F2300C53162CEBB6E,E00DFD54DC165D5452FBD3530D30186DAD016A0C,474648D2DFC1C060A5CA74C8A5976807B7FB5FE0,2020-09-26 20:14:50.554000,2020-09-26 20:14:55.560000
ycknkwn4rqtf7y3i,failed,not_found,202,09A70E396DE93F54D4541BBB0EC8E2B23761F34F,B3DA9D673321B92253DCCD38A9740F2C562C91EA,F37374DB9FA6EF14CED64FD294E8D8683F032EC8,475B34D76756910C11EB7752EB8285F6BE00C1EE,2020-09-26 20:14:55.561000,2020-09-26 20:15:04.639000
qxgfl3iikeq66ymt,failed,not_found,12,09A70E396DE93F54D4541BBB0EC8E2B23761F34F,C3D92B0696196558E784EF7252A5370192720BE5,671A68ABADA1402FB00676055F48EA123B9B060C,537DFC2019C77FF60A0A29BEF358F7F6D6C68688,2020-09-26 20:14:32.155000,2020-09-26 20:14:36.274000
qxgfl3iikeq66ymt,failed,not_found,26,09A70E396DE93F54D4541BBB0EC8E2B23761F34F,ADB98B27D7A3FB5732068FD23602A1BCB3BE9F38,CA95B3584C44DED8107AF5B3D8C25C562CC64DD4,118496882F58E787DC24F5C219B93F22BA5820D8,2020-09-26 20:14:36.274000,2020-09-26 20:14:40.225000
qxgfl3iikeq66ymt,failed,not_found,50,09A70E396DE93F54D4541BBB0EC8E2B23761F34F,C8C3B9A11830314C1538CF19ABC3AB2658ED6B3D,0251FCFDBC281666A6D492785A2D289F5664C039,538087BEAAE5169448E030A4D059E866BB4C3493,2020-09-26 20:14:40.225000,2020-09-26 20:14:48.482000
qxgfl3iikeq66ymt,failed,not_found,122,09A70E396DE93F54D4541BBB0EC8E2B23761F34F,72FF4C64E28396446B58892C356B61A8018C5C95,D079D6818926684C5979C18171FB18862A4A5792,1145A39EC0CE18834E67D2799E3C5D87453C5EF2,2020-09-26 20:14:48.482000,2020-09-26 20:14:55.526000
qxgfl3iikeq66ymt,failed,not_found,197,09A70E396DE93F54D4541BBB0EC8E2B23761F34F,99E246DB480B313A3012BC3363093CC26CD209C7,39F096961ED2576975C866D450373A9913AFDC92,1137AB1F84EC2D52DFB1915717F14FF1A10EB392,2020-09-26 20:14:55.527000,2020-09-26 20:15:03.990000
qxgfl3iikeq66ymt,failed,not_found,311,09A70E396DE93F54D4541BBB0EC8E2B23761F34F,2EB3C230180694A1E848001E20F36F76A2287039,158581827034DEF1BAB1FC248D180165452E53D3,5368AB8D9033A357729D3578617A6493AB5DA3A8,2020-09-26 20:15:03.990000,2020-09-26 20:15:19.311000
uui6zb5ycd42xz4n,failed,not_found,13,09A70E396DE93F54D4541BBB0EC8E2B23761F34F,82DA9678A0BAE60087AA68A3E1D6E6A2C4246D6D,69BE1831EC63C751D241E5E962DA4793355A6253,B22C4BF9747DBBC843F1BBBA272FDB7B6045EB01,2020-09-26 20:14:32.163000,2020-09-26 20:14:36.534000
uui6zb5ycd42xz4n,failed,not_found,27,09A70E396DE93F54D4541BBB0EC8E2B23761F34F,71C924A772F69451FE97FE5A9025DEDDEF3DB664,3BC978764F5C0D2C6110B214A79AC2F2F4ED8F11,E56F07759E704C4F53334E161066F12FAF7F7C97,2020-09-26 20:14:36.535000,2020-09-26 20:14:42.747000
uui6zb5ycd42xz4n,failed,not_found,69,09A70E396DE93F54D4541BBB0EC8E2B23761F34F,CB2DBDB2D9422D57AD85148EF9511AF4CE4D6052,5DE37A3371AAE7638748EB43C9F1CE66E09D4470,B22A56D8AE494A20CA0EB8457F3CAC54FC99ACCE,2020-09-26 20:14:42.747000,2020-09-26 20:14:48.125000
uui6zb5ycd42xz4n,failed,not_found,104,09A70E396DE93F54D4541BBB0EC8E2B23761F34F,03910F285A33F365838EC66EF2C2EF754D046760,014E24C0CD21D2B9829E841D5EC1D3C415F866BF,E58A48A62336A08CC3C6B40802923754E65A2609,2020-09-26 20:14:48.125000,2020-09-26 20:14:53.419000
uui6zb5ycd42xz4n,failed,not_found,156,09A70E396DE93F54D4541BBB0EC8E2B23761F34F,CE035C7946CEE68425CD2358E620E408A9C823FD,66DFC51E724E38DDCB3AB67DDF4C0BB0F1F49C0B,B2380704C53947B1D72E7CBCD361E73901EF7444,2020-09-26 20:14:53.419000,2020-09-26 20:14:59.888000
uui6zb5ycd42xz4n,failed,not_found,238,09A70E396DE93F54D4541BBB0EC8E2B23761F34F,E1DE607E31C2C0FB6F8FC959BF7B58CE35D95990,E384748293FC4429E2B427360DB4F9D4C3D619D1,E577304251F48A85CC0039B659698C7673F721D3,2020-09-26 20:14:59.889000,2020-09-26 20:15:11.263000
4eq2lp6rbkl4uvpe,failed,not_found,15,09A70E396DE93F54D4541BBB0EC8E2B23761F34F,7FF1A673A5E1F7E9D2495A36C185B890DBD96553,A1B7C1F83E5DA4376FD2E1DBA7AC28A71AB332AD,7BE3CB407039AA39EB88EF3B00053D3F92EC32AB,2020-09-26 20:14:33.155000,2020-09-26 20:14:38.154000
4eq2lp6rbkl4uvpe,failed,not_found,24,09A70E396DE93F54D4541BBB0EC8E2B23761F34F,4FDDFAD51B24DDABB62FB59071F4DC421E76C685,C577C56EAD654C829D1FF2F86133F89A1A59AA89,7BB70F8585DFC27E75D692970C0EEB0F22983A63,2020-09-26 20:14:38.155000,2020-09-26 20:14:39.944000
4eq2lp6rbkl4uvpe,failed,not_found,46,09A70E396DE93F54D4541BBB0EC8E2B23761F34F,370B15E4932CF76C7ACB9B240A960C20267C2430,F6740DEABFD5F62612FA025A5079EA72846B1F67,1944F3A473CB77B12BDB4E3D15963A24DF58E4E7,2020-09-26 20:14:39.944000,2020-09-26 20:14:43.264000
4eq2lp6rbkl4uvpe,failed,not_found,58,09A70E396DE93F54D4541BBB0EC8E2B23761F34F,672A56A583C658372E63ACEB43E7F791C2819548,81F59E8936D0B2105182E4B8200AC07D9274961F,7BE4752877553A96CD4035D0C526BCD09E81CC64,2020-09-26 20:14:43.264000,2020-09-26 20:14:44.935000
4eq2lp6rbkl4uvpe,failed,not_found,94,09A70E396DE93F54D4541BBB0EC8E2B23761F34F,F6740DEABFD5F62612FA025A5079EA72846B1F67,A541C211909264081DC3A4F8E105F06139DDCD8B,1939CC1B41298A49C0684878813DED5CD1A9EE98,2020-09-26 20:14:44.935000,2020-09-26 20:14:52.488000
4eq2lp6rbkl4uvpe,failed,not_found,141,09A70E396DE93F54D4541BBB0EC8E2B23761F34F,2FFE5FAF70D20E76B0474AE9E40C2A0B53F8D9F0,BEBA52AC89045D6EAD68E977DF3F98BCF8330AAF,1912F4D307F8E8E7BEBED577CBA9149D42BBEDE4,2020-09-26 20:14:52.488000,2020-09-26 20:14:56.668000
235m6frykpu2nu5k,failed,not_found,16,09A70E396DE93F54D4541BBB0EC8E2B23761F34F,4E5C4ED5CC70E5A32B48392FF72CC4BE24937EDA,7E6DAE6BDCBDEB693612704BBFBF164C50F65E53,7A3E534C033E3836BD5AF223B642853C502AB33A,2020-09-26 20:14:33.164000,2020-09-26 20:14:38.550000
235m6frykpu2nu5k,failed,not_found,39,09A70E396DE93F54D4541BBB0EC8E2B23761F34F,16AE2704B794C6C0013C7E47AF11DCABA808A0B9,163303F0583A1917326214379BD1AB2D286046EA,3D9CE80399B68C01377FEC42395E399B9ED16E18,2020-09-26 20:14:38.551000,2020-09-26 20:14:42.670000
235m6frykpu2nu5k,failed,not_found,67,09A70E396DE93F54D4541BBB0EC8E2B23761F34F,32EE911D968BE3E016ECA572BB1ED0A9EE43FC2F,1C8B3C3D8BC705883B7799C915B2FE1E0FEB006F,7A6EC43FD4CD5990230FCE48EC37AFC578E36CE6,2020-09-26 20:14:42.670000,2020-09-26 20:14:48.124000
235m6frykpu2nu5k,failed,not_found,102,09A70E396DE93F54D4541BBB0EC8E2B23761F34F,DD7BD3E5BD0BA48A8C70B0CDF017FA5988B87E27,6B13A4EC169E4FB0F3141E1AE4307966569FA47C,3D636FB9D24EA781C3C2766C051064C6CA1C0D96,2020-09-26 20:14:48.124000,2020-09-26 20:14:53.434000
235m6frykpu2nu5k,failed,not_found,214,09A70E396DE93F54D4541BBB0EC8E2B23761F34F,221546DAE86B003139B13BD6F6AE1B4B42B59DF8,E3D61BAEA0B7CB12CACEDC8821C520557BDFCEA3,7A6873B86D82BC8B4F0E790828626107820F7B9E,2020-09-26 20:14:53.434000,2020-09-26 20:15:05.133000
235m6frykpu2nu5k,failed,not_found,324,09A70E396DE93F54D4541BBB0EC8E2B23761F34F,D9B91878B46BB80E6D752E876BF9D481EFEAC5BF,8BE79CE3261C027CE94F84D6CBE45F03BE9B8B59,3D7B08458C7BC081358BC9FAA4FFB2593FFE0576,2020-09-26 20:15:05.134000,2020-09-26 20:15:20.885000
kxcnxuip6anvxg53,failed,not_found,18,09A70E396DE93F54D4541BBB0EC8E2B23761F34F,81E18725397D620DA548ABBE24D9CD263DEF2FDC,C86C538EF0A24E010342F30DBCACC2A7EB7CA833,01E19A812AF0A4C9584931CD6DC3EC07CEEE3A23,2020-09-26 20:14:34.180000,2020-09-26 20:14:38.516000
kxcnxuip6anvxg53,failed,not_found,38,09A70E396DE93F54D4541BBB0EC8E2B23761F34F,DBE82FA23B9FE3CB2462A6FCF5289DED3CBF4AEE,D39328D2EAE3816F9C5D5D1BB19D1C14E2E79482,7E3279806041BA178283F61ED9EF7B535C54B839,2020-09-26 20:14:38.516000,2020-09-26 20:14:42.065000
kxcnxuip6anvxg53,failed,not_found,63,09A70E396DE93F54D4541BBB0EC8E2B23761F34F,6DE5102820C190154DF41401F770E3D2660DF669,AFF320BA96E4338B61A008D2CA250FFE0E23B09C,01F73DBD9B56C31E3D3AAEB95F8CF1DEB7D9A72F,2020-09-26 20:14:42.065000,2020-09-26 20:14:45.831000
kxcnxuip6anvxg53,failed,not_found,128,09A70E396DE93F54D4541BBB0EC8E2B23761F34F,6ED3BE22B2261258017B3F0584706265985D7AE9,3A4F8A201036D3F57A0453CA440E20793775EDB9,7E281CD2C315C4F7A84BC7C8721C3BC974DDBFA3,2020-09-26 20:14:45.831000,2020-09-26 20:14:56.061000
kxcnxuip6anvxg53,failed,not_found,212,09A70E396DE93F54D4541BBB0EC8E2B23761F34F,9B5B3B5BC953E8BE5058072310FDD0F631FD868E,A4A2FE36988069304CFF837064277FAB6348AF03,7E44E0D39CE8666A98EA5DEBCBB8E12B3906410F,2020-09-26 20:14:56.061000,2020-09-26 20:15:04.620000
kxcnxuip6anvxg53,,,,,,,01CB2E297A8F586DBBCF98F028A3D1A49B0AB7BA,2020-09-26 20:15:04.620000,
v33brbofezfzh3vb,failed,not_found,19,09A70E396DE93F54D4541BBB0EC8E2B23761F34F,64E257D94E739278D5954CC820C9D7EAC4E7A7B7,D5C01B85FB3A48D55698CA660A2DE8935388816E,F9246DEF2B653807236DA134F2AEAB103D58ABFE,2020-09-26 20:14:34.195000,2020-09-26 20:14:38.349000
v33brbofezfzh3vb,failed,not_found,37,09A70E396DE93F54D4541BBB0EC8E2B23761F34F,21AC6EF15C86641CE623B8A08D64144BCAC14AEC,2935E0F03B71BE44F6F265FEF976E810BAAD6F4E,15BE17C99FACE24470D40AF782D6A9C692AB36D6,2020-09-26 20:14:38.349000,2020-09-26 20:14:41.919000
v33brbofezfzh3vb,failed,not_found,126,09A70E396DE93F54D4541BBB0EC8E2B23761F34F,91517F219F7648E4B8BBF3C162C77DDC55315612,BA856D21B1A22CAE677A712DA4C9F0852D799DF8,15A07041C8526DE32AF56EBF5D7F4982E30BF287,2020-09-26 20:14:41.919000,2020-09-26 20:14:56.169000
v33brbofezfzh3vb,failed,not_found,192,09A70E396DE93F54D4541BBB0EC8E2B23761F34F,FCF61C25093BB33BAA203D8EE7E65466D42ECF98,42D47C736518BFA495CA31AEE40AE468F0BDA2A6,F91931C25343C1B073641B5C46D2BDDBFE04B9F1,2020-09-26 20:14:56.170000,2020-09-26 20:15:02.354000
v33brbofezfzh3vb,failed,not_found,262,09A70E396DE93F54D4541BBB0EC8E2B23761F34F,A1FC8E424167AD70B6FA4953D9348BCD82CEB788,FC30F566E7B50D9C6ED6BB86DA4BF4B07AD52DE5,F919A0CB490DA12BB8C34C273FD765FA32C69E55,2020-09-26 20:15:02.354000,2020-09-26 20:15:12.704000
v33brbofezfzh3vb,failed,not_found,360,09A70E396DE93F54D4541BBB0EC8E2B23761F34F,F6D600CF13B3BBE2A91A0653F1EC9D00E7CB3A6B,513753D2C4A1246DCC21241C5BE5022CCBD2645C,15C3F39B273727B6AEF44975C5E6F8FA341C2F4B,2020-09-26 20:15:12.704000,2020-09-26 20:15:26.021000
g3rsah3wbjpyqi3h,failed,not_found,21,09A70E396DE93F54D4541BBB0EC8E2B23761F34F,6E4B0D429CD87AB6C25D72E298294C583FF8BA4A,FC1E441E097BA36930AA2F615EFB325AF76D2595,721F80504A717309A8EBA47729EB1E474A95A61F,2020-09-26 20:14:35.159000,2020-09-26 20:14:38.954000
g3rsah3wbjpyqi3h,failed,not_found,42,09A70E396DE93F54D4541BBB0EC8E2B23761F34F,0C8433B6B92E2F1C744F3CFBE49ADA7CBEFEEBFA,9AB93B5422149E5DFF4BE6A3814E2F6D9648DB6A,7226BE09B7A81000BBF7D959E360B2FE41CCC639,2020-09-26 20:14:38.954000,2020-09-26 20:14:42.475000
g3rsah3wbjpyqi3h,failed,not_found,66,09A70E396DE93F54D4541BBB0EC8E2B23761F34F,E00764EDD2D5DA338CEA2EED8691E1FCAAF4A6E9,2FFE5FAF70D20E76B0474AE9E40C2A0B53F8D9F0,2935E0F03B71BE44F6F265FEF976E810BAAD6F4E,2020-09-26 20:14:42.475000,2020-09-26 20:14:47.712000
g3rsah3wbjpyqi3h,failed,not_found,100,09A70E396DE93F54D4541BBB0EC8E2B23761F34F,F836446663F1EB816F13708955F105D0B2F5C8E0,6C282D35C674A036B79B5F30E90D19B363D3DAB2,295C5C7213AE400F16DF7303AF28B3AFE16E0F7D,2020-09-26 20:14:47.712000,2020-09-26 20:14:53.259000
g3rsah3wbjpyqi3h,failed,not_found,151,09A70E396DE93F54D4541BBB0EC8E2B23761F34F,2AD82F3964D325B3FE2FF74E980FB006374EF190,9456BBB3FB923DD1CDEC5C8B45D9615BC937DC42,296A9A2C96249BC5D8CA8CF196EF5E3FCC80488E,2020-09-26 20:14:53.259000,2020-09-26 20:14:59.305000
g3rsah3wbjpyqi3h,failed,not_found,232,09A70E396DE93F54D4541BBB0EC8E2B23761F34F,F836446663F1EB816F13708955F105D0B2F5C8E0,2ACEC0EB4F92729B8CA22C868545866B9529431C,71DF8174D809D862445BFCB89F5A0980099947EC,2020-09-26 20:14:59.306000,2020-09-26 20:15:07.307000
43fl5uw4x3karjt2,failed,not_found,22,09A70E396DE93F54D4541BBB0EC8E2B23761F34F,FDAF57C097E8CB0110B5B0869598C4819F9005F6,F7ABE09CC2E346FEA7B2D8DA21651C6A79717A1B,A1B28D636A56AAFFE92ADCCA937AA4BD5333BB4C,2020-09-26 20:14:35.168000,2020-09-26 20:14:39.847000
43fl5uw4x3karjt2,failed,not_found,45,09A70E396DE93F54D4541BBB0EC8E2B23761F34F,B76A047C20D3E4F9B5A64428298DA55A90D62472,722BA3958D6F4B9A7CE927001CE7FED8625A749E,A1BBCBEC113DAAC7F17E7A7E698AAA7B147D691A,2020-09-26 20:14:39.848000,2020-09-26 20:14:43.109000
43fl5uw4x3karjt2,failed,not_found,52,09A70E396DE93F54D4541BBB0EC8E2B23761F34F,CD0F9AA1A5064430B1DE8E645CBA7A502B27ED5F,60B1681670B185813E762B71F3C3B129A981F37B,A1FC8E424167AD70B6FA4953D9348BCD82CEB788,2020-09-26 20:14:43.109000,2020-09-26 20:14:44.633000
43fl5uw4x3karjt2,failed,not_found,75,09A70E396DE93F54D4541BBB0EC8E2B23761F34F,CBB5AE37E2927A915D70FA71572D2EA203F03E83,63DE54637F349FD686CF1C036827B5BE826B9F7C,A1B7C1F83E5DA4376FD2E1DBA7AC28A71AB332AD,2020-09-26 20:14:44.633000,2020-09-26 20:14:50.555000
43fl5uw4x3karjt2,failed,not_found,117,09A70E396DE93F54D4541BBB0EC8E2B23761F34F,1258D0A9D95582B7666FC0AF6E9A798109A9A29D,CD9BFE309010778D64ED5E55D5EEAA92B2020DE8,A212DA5DAF940D8CA63064926A1B0FF035DDCE02,2020-09-26 20:14:50.555000,2020-09-26 20:14:55.016000
43fl5uw4x3karjt2,failed,not_found,168,09A70E396DE93F54D4541BBB0EC8E2B23761F34F,77C7500CC573643E4B3E7F602D0137F8C89CE0B8,1C8B3C3D8BC705883B7799C915B2FE1E0FEB006F,A22B1C2EF2255987F8AB8AA0B1A8E23F5023EEB8,2020-09-26 20:14:55.016000,2020-09-26 20:15:00.857000
priq2rtcdmhxhmkl,failed,not_found,14,09A70E396DE93F54D4541BBB0EC8E2B23761F34F,062BC90436CC706CF983BD110852E0205F53CC79,DCC6C70E8F4340CBD633F506BC9E7D99818601D9,F9E32D4058F7F35E9BC4F1D8C3B2DAA0C4466660,2020-09-26 20:14:36.148000,2020-09-26 20:14:38.276000
priq2rtcdmhxhmkl,failed,not_found,36,09A70E396DE93F54D4541BBB0EC8E2B23761F34F,A4F11D693FAB6E949B2B7C18153C3F7989896007,543F96D0C17CDBAC326F644DB0C8A17193BCCFC9,FA1845C313B88EF49E8BE1F23B02CD0AC702B636,2020-09-26 20:14:38.276000,2020-09-26 20:14:41.347000
priq2rtcdmhxhmkl,failed,not_found,57,09A70E396DE93F54D4541BBB0EC8E2B23761F34F,F37374DB9FA6EF14CED64FD294E8D8683F032EC8,B411027C926A9BFFCF7DA91E3CAF1856A321EFFD,F9D942D6A320777940A051C8A4B3EF3C0F28AD38,2020-09-26 20:14:41.347000,2020-09-26 20:14:45.861000
priq2rtcdmhxhmkl,failed,not_found,89,09A70E396DE93F54D4541BBB0EC8E2B23761F34F,99D5C9A5A7238986D1EA1D7771CF81B4A192C4D0,EC4AD91674B5AFECCA117A396776F120651E55BF,F7B024DB02C601185C202E26DFFD2AD525C16A36,2020-09-26 20:14:45.862000,2020-09-26 20:14:52.303000
priq2rtcdmhxhmkl,failed,not_found,137,09A70E396DE93F54D4541BBB0EC8E2B23761F34F,FF1E4DFC8C713B2092E76401C472FDCC03B7F809,88748052843CC93A02BE1D9E9B5B358AB3A104AA,F75E570446D8E14E1FAECB64CB2467A1CA804A0E,2020-09-26 20:14:52.303000,2020-09-26 20:14:57.699000
priq2rtcdmhxhmkl,failed,not_found,221,09A70E396DE93F54D4541BBB0EC8E2B23761F34F,8EB722FA1AE9DDE1914BC21FEA22819D4DE99DB4,E9649F3BE3488799911E24BE16873ED04E4F7BEA,F7ACB36752F2D27A03800E505D1599F26C981B53,2020-09-26 20:14:57.700000,2020-09-26 20:15:06.248000
wu545sp3px7l564h,failed,not_found,25,09A70E396DE93F54D4541BBB0EC8E2B23761F34F,3D5D6178C44537E3692853B344385F6572A55767,5D2A8CAA119D0528722C2438350FAB0C8DE01AB7,54F5D800DD9783FCF2200E80EF3D1A867A3F6D6B,2020-09-26 20:14:36.160000,2020-09-26 20:14:40.029000
wu545sp3px7l564h,failed,not_found,47,09A70E396DE93F54D4541BBB0EC8E2B23761F34F,92F8962A69B523C9DF1E9D71AD6871E4EF8B6B2A,F0F13714732C347312426EC2B8D5C4940EAA45BA,54DE63F4587058B79152A75A0238D7F7A0279215,2020-09-26 20:14:40.029000,2020-09-26 20:14:44.632000
wu545sp3px7l564h,failed,not_found,80,09A70E396DE93F54D4541BBB0EC8E2B23761F34F,DD0AA66DD9E4E71FFAFAB658DF8300F1CEEA0364,4F3056E9D4BAC38EC2100063745221553630ECCB,54FF87E18CF4B351BB078A640A4DC5265969485E,2020-09-26 20:14:44.633000,2020-09-26 20:14:51.387000
wu545sp3px7l564h,failed,not_found,123,09A70E396DE93F54D4541BBB0EC8E2B23761F34F,01B70C7C497FC8667DB5EB82C40D8F9214D6A484,B35908DAB591CF268A19E85BBCDE30C0428A4CFB,04A28A62F27D9C4A60F9ED0C4264E98B988C65A3,2020-09-26 20:14:51.387000,2020-09-26 20:14:56.168000
wu545sp3px7l564h,failed,not_found,190,09A70E396DE93F54D4541BBB0EC8E2B23761F34F,ACBBB426CE1D0641A590BF1FC1CF05416FC0FF6F,9ECF0C8EEA5C07DE54A346EDB371B48845A3FD0F,0512FE6BE9CCA0ED133152E64010B2FBA141EB10,2020-09-26 20:14:56.168000,2020-09-26 20:15:02.853000
wu545sp3px7l564h,failed,not_found,304,09A70E396DE93F54D4541BBB0EC8E2B23761F34F,EE7CD2A763435C7006095BD167C790ABE5BC4DEA,2BA2C8E96B2590E1072AECE2BDB5C48921BF8510,04EE5E1B23127D26A36F71C66810D88B0B80BB91,2020-09-26 20:15:02.854000,2020-09-26 20:15:19.198000
36l4blabl2tm4wof,failed,not_found,124,09A70E396DE93F54D4541BBB0EC8E2B23761F34F,10A5EFCCD2FB9C1A4AC20FB779A5DB11B58957A7,AE3C3B7165B912E1AA5EC4F177CA8E4DA7C8EC18,E233F3609689B34A86B15ECEB6DE7B51AA311704,2020-09-26 20:14:37.159000,2020-09-26 20:14:55.896000
36l4blabl2tm4wof,failed,not_found,208,09A70E396DE93F54D4541BBB0EC8E2B23761F34F,B872BA6804C8C6E140AE1897B44CF32B42FD2397,DA8D76F5F5819693B5C96F499BA19F7404014769,5924EF84AAD21073CD58515D1643553A77D7B35F,2020-09-26 20:14:55.896000,2020-09-26 20:15:04.621000
36l4blabl2tm4wof,failed,not_found,316,09A70E396DE93F54D4541BBB0EC8E2B23761F34F,44BD70C13DAA7513D6F47773804178B009F21ED5,6E4B0D429CD87AB6C25D72E298294C583FF8BA4A,E235941C8403FB63EC91436FA4DCF6B020EB51A2,2020-09-26 20:15:04.621000,2020-09-26 20:15:19.356000
36l4blabl2tm4wof,,,,,,,594193E51F382E34080D76B5ECAF5C7B67CF05EF,2020-09-26 20:15:19.356000,
3fuzprjehyqxurxm,failed,not_found,30,09A70E396DE93F54D4541BBB0EC8E2B23761F34F,DA9E02BB8080E473157052F70439B7886AA8569D,BF0FB582E37F738CD33C3651125F2772705BB8E8,DD8BD7307017407FCC36F8D04A688F74A0774C02,2020-09-26 20:14:37.169000,2020-09-26 20:14:40.682000
3fuzprjehyqxurxm,failed,not_found,51,09A70E396DE93F54D4541BBB0EC8E2B23761F34F,7E65527BBA5AF598471999BB36734CA6FE389A8C,CCAA620D5CAB34CE95FE3C863D9E6520C07451D8,504F23DC734459DBBA58B2F11A4799EB945188A3,2020-09-26 20:14:40.683000,2020-09-26 20:14:45.862000
3fuzprjehyqxurxm,failed,not_found,91,09A70E396DE93F54D4541BBB0EC8E2B23761F34F,6E4B0D429CD87AB6C25D72E298294C583FF8BA4A,6C71AC0B8FB6E0255C100DCAE0C283FB3F2F1CC2,5043E5D2E9CE99066DF1FBF0B18E065B08131863,2020-09-26 20:14:45.862000,2020-09-26 20:14:52.474000
3fuzprjehyqxurxm,failed,not_found,140,09A70E396DE93F54D4541BBB0EC8E2B23761F34F,2659ACAA140B6845E38F189B4080817B9819EB9A,8D3D6023C01D73D5A7AD645E209377BC5ACC6B82,DD823AFB415380A802DCAEB9461AE637604107FB,2020-09-26 20:14:52.474000,2020-09-26 20:14:57.138000
3fuzprjehyqxurxm,failed,not_found,209,09A70E396DE93F54D4541BBB0EC8E2B23761F34F,9B2BC7EFD661072AFADC533BE8DCF1C19D8C2DCC,CEC92F3BE8A2F3A46D3C042721D6BDBF2F40F4C5,DD5DA21CC5036533AE2010DE2C7E72BE2CDF9C5E,2020-09-26 20:14:57.138000,2020-09-26 20:15:04.637000
3fuzprjehyqxurxm,failed,not_found,322,09A70E396DE93F54D4541BBB0EC8E2B23761F34F,7A3E534C033E3836BD5AF223B642853C502AB33A,FB016E16B8CD7A0E53DEEF31ED8754E4F6B8E837,5047962E97AFDC89C9B9EE98322F3E4CB7BEB639,2020-09-26 20:15:04.637000,2020-09-26 20:15:20.884000
sl6wm3ey3v2r36oc,failed,not_found,34,09A70E396DE93F54D4541BBB0EC8E2B23761F34F,52B68764E26CB04DAE3ABE1FA01826EF27376C68,638D91FC9EF661348A6994D04C3499BC03F50BBE,7BE4752877553A96CD4035D0C526BCD09E81CC64,2020-09-26 20:14:38.176000,2020-09-26 20:14:41.736000
sl6wm3ey3v2r36oc,failed,not_found,59,09A70E396DE93F54D4541BBB0EC8E2B23761F34F,40A60D1F1E8AFBED22FCB30B3FBE2E275A14CF99,0512FE6BE9CCA0ED133152E64010B2FBA141EB10,2D531C17827E0054DF612F26EEAAE51220CFE799,2020-09-26 20:14:41.737000,2020-09-26 20:14:45.182000
sl6wm3ey3v2r36oc,failed,not_found,127,09A70E396DE93F54D4541BBB0EC8E2B23761F34F,B97CF770ECD2D4298A505E84A8C8A5ABFCA08887,B3D56C1E0AD84BA93AF6DC533A8569C3D0E8A58B,7C22E89AB620E77DF1B4A33787A5EC3F2AB4A8D1,2020-09-26 20:14:45.182000,2020-09-26 20:14:56.756000
sl6wm3ey3v2r36oc,failed,not_found,206,09A70E396DE93F54D4541BBB0EC8E2B23761F34F,63C6AB74A5C288C2159DDC783BB00F88AB44427C,E81EF60A73B3809F8964F73766B01BAA0A171E20,2D418A89F79DB4A8E658BA549FBB974D1D22DD1A,2020-09-26 20:14:56.756000,2020-09-26 20:15:04.621000
sl6wm3ey3v2r36oc,failed,not_found,319,09A70E396DE93F54D4541BBB0EC8E2B23761F34F,B5D11485CE7613F8734D040BF9166F6AAFB30F46,DA96AC308288FBFD4641F25F1FA44DDD62FFE42B,2D317788EE8EBD11BE698EC58AB871DC6E0FC297,2020-09-26 20:15:04.622000,2020-09-26 20:15:20.361000
sl6wm3ey3v2r36oc,,,,,,,7BE3CB407039AA39EB88EF3B00053D3F92EC32AB,2020-09-26 20:15:20.361000,
xjwnxo4i7qihewdh,failed,not_found,35,09A70E396DE93F54D4541BBB0EC8E2B23761F34F,9EB3FD84065E5622A57EFEF14E41A01B5B99A022,63C81BCA835570069A7FCD48312DEA707F6CBAA2,75FB9A4469199F251581061391214ACFDC682EF4,2020-09-26 20:14:38.177000,2020-09-26 20:14:41.160000
xjwnxo4i7qihewdh,failed,not_found,54,09A70E396DE93F54D4541BBB0EC8E2B23761F34F,890480E14E634C8B4467C475E355A6FBF3D99CD5,D87698D8E2276C7E93D531B7C2A1B27D58C71876,E19F193179F75B67137D15392C625503D50A4EA3,2020-09-26 20:14:41.161000,2020-09-26 20:14:47.711000
xjwnxo4i7qihewdh,failed,not_found,98,09A70E396DE93F54D4541BBB0EC8E2B23761F34F,DA84D41783BBB6058CB9DF8C90697E8D5EA647C3,1AAC19D892F84910AB94C45092241ABA3CFC4C89,E17745C64255D2920D9B9FCF9EF930C426EE4A91,2020-09-26 20:14:47.712000,2020-09-26 20:14:53.220000
xjwnxo4i7qihewdh,failed,not_found,150,09A70E396DE93F54D4541BBB0EC8E2B23761F34F,B3C6B4D26A20151F568D39ACFA63E15DBC01CD5D,B3DA9D673321B92253DCCD38A9740F2C562C91EA,E1A24015947A6302F7DE89BB16E4FA3812B7C65B,2020-09-26 20:14:53.259000,2020-09-26 20:14:59.508000
xjwnxo4i7qihewdh,failed,not_found,288,09A70E396DE93F54D4541BBB0EC8E2B23761F34F,B22C4BF9747DBBC843F1BBBA272FDB7B6045EB01,58332DDDA15415CB3D13F5ECA3D54BE961B8C458,7600680249A22080ECC6173FBBF64D6FCF330A61,2020-09-26 20:14:59.509000,2020-09-26 20:15:15.249000
xjwnxo4i7qihewdh,failed,not_found,370,09A70E396DE93F54D4541BBB0EC8E2B23761F34F,59BC32EA48ED1D06A373856434C0C5C4D2D86603,64FC9B3852BA7EC74E79BD4099D850C338009E77,75FE5236E67FFA4A44C1152C35EAB36360E4D7DF,2020-09-26 20:15:15.249000,2020-09-26 20:15:26.570000
iocv4yas3gsvxaia,failed,not_found,28,09A70E396DE93F54D4541BBB0EC8E2B23761F34F,C3636ECA4B40900056590AA7DBFC6ED09379852F,9F688C46E0046AD2C026C18D9343252279E42535,F0832608B0D52E7B4418E54E655CA18A585DEDB8,2020-09-26 20:14:39.150000,2020-09-26 20:14:41.746000
iocv4yas3gsvxaia,failed,not_found,60,09A70E396DE93F54D4541BBB0EC8E2B23761F34F,BCDE75725B927738B6FD34EA2D78F4FA77B99848,AC00AEBA1AE2A80CF4184C4362157BF91487B902,165532BF5B1A34DF60D74375409D632D6FBEF83F,2020-09-26 20:14:41.746000,2020-09-26 20:14:45.862000
iocv4yas3gsvxaia,failed,not_found,90,09A70E396DE93F54D4541BBB0EC8E2B23761F34F,BEA635C89C057DB8E879572C6A2C188239CFAD68,0B58A95E539FFA6C05C010F5C1DA35FB8038E3A8,166985A84230B5F9A78C970736AE944B413930D7,2020-09-26 20:14:45.862000,2020-09-26 20:14:52.473000
iocv4yas3gsvxaia,failed,not_found,139,09A70E396DE93F54D4541BBB0EC8E2B23761F34F,BBBBBAD453263D786EC34AB68A06214288910345,21EB2176DFD7364A8E3705ABF518E880362425FC,167DCDA849A47EAEC227B584180CB3E220773151,2020-09-26 20:14:52.473000,2020-09-26 20:14:57.158000
iocv4yas3gsvxaia,failed,not_found,193,09A70E396DE93F54D4541BBB0EC8E2B23761F34F,FE9CB0E0629636EBD8D0C71F46E387B944C01BCF,E3E75603998661EA67C6767493FC606830DDC345,F08A525ACA965CF6A55F0587BF4B7373D98B954E,2020-09-26 20:14:57.159000,2020-09-26 20:15:03.547000
iocv4yas3gsvxaia,failed,not_found,308,09A70E396DE93F54D4541BBB0EC8E2B23761F34F,59BC32EA48ED1D06A373856434C0C5C4D2D86603,1C3C4AEF036D1202EEC623228EBA5FB71931E2A3,F08A3744CA6568ED28545C2B7C1BE7D8BA27CBDE,2020-09-26 20:15:03.547000,2020-09-26 20:15:19.198000
4st5indsvpa4r2iw,failed,not_found,43,09A70E396DE93F54D4541BBB0EC8E2B23761F34F,BF4591C167FF01B8AAE2749CD9D04913BD6743C4,6245DC873D6F613C795D48663D65BD8A2266CAF6,B0537CD220A60ECF8045439658A53254C0D63DCB,2020-09-26 20:14:39.161000,2020-09-26 20:14:54.206000
4st5indsvpa4r2iw,failed,not_found,163,09A70E396DE93F54D4541BBB0EC8E2B23761F34F,3FE39429CB7077BBB13D2774591A1B80EE493742,EF67815E9E41112175BCC36BA5FC7F973EF3B9BF,B0553175AADB0501E5A61FC61CEA3970BE130FF2,2020-09-26 20:14:54.206000,2020-09-26 20:15:01.130000
4st5indsvpa4r2iw,failed,not_found,299,09A70E396DE93F54D4541BBB0EC8E2B23761F34F,9A48EC8AAFB2E8C9E20408596383DB74F1196747,A59AD84F92B2E5A76EBFE3BE62D3B28AF9BFD127,73010D9C5A330C7D3E65057E88B871C4D5D233D5,2020-09-26 20:15:01.130000,2020-09-26 20:15:19.199000
4st5indsvpa4r2iw,,,,,,,B05B3AB0159238FB7AEB1BF08A406D6F31A45ADF,2020-09-26 20:15:19.199000,
dlp3fb6ak7snppbn,failed,not_found,48,09A70E396DE93F54D4541BBB0EC8E2B23761F34F,B728832F0AB11E5450EC320230E2B7D33EC08F49,335E993222204F6B4817134506494A6441DEFB6B,D7EB93B50A4D1EEDBC5354C312428680F3AA9025,2020-09-26 20:14:40.161000,2020-09-26 20:14:43.136000
dlp3fb6ak7snppbn,failed,not_found,71,09A70E396DE93F54D4541BBB0EC8E2B23761F34F,461453F94FA0E3CBB011685E22CDAFD2AF0DFDC3,0E2EEC125A6AC8D5EBF5DB36B776A3DA5510E7A0,28A4C64C34120E075701B0415D74906EC687F21F,2020-09-26 20:14:43.136000,2020-09-26 20:14:48.147000
dlp3fb6ak7snppbn,failed,not_found,86,09A70E396DE93F54D4541BBB0EC8E2B23761F34F,599A708756048993A1029B2775EEF8C9E40BB640,7992F172EDBE69B99F0190651BAC14DD0FD9E5C8,289F955FA04BD224F18DED9D4766529705FBDC48,2020-09-26 20:14:48.147000,2020-09-26 20:14:52.260000
dlp3fb6ak7snppbn,failed,not_found,136,09A70E396DE93F54D4541BBB0EC8E2B23761F34F,F1612C915458BCF52CC49559E84A0D0240FA7F23,62ABB016611D3DB3CC74A56C35D27A4C2D0E5C5F,28AA7AFE8B1EDD7D4278D2A02027E09A75B528D0,2020-09-26 20:14:52.260000,2020-09-26 20:14:56.617000
dlp3fb6ak7snppbn,failed,not_found,235,09A70E396DE93F54D4541BBB0EC8E2B23761F34F,484F666C491BCDE22B45E0E19D1CEA5ACC5A9611,0869EA503377C702669BC75DD7A59094658DFA08,D7E1B4F504FC22027FA06BA5F1F0F59C24FA2912,2020-09-26 20:14:56.617000,2020-09-26 20:15:09.594000
dlp3fb6ak7snppbn,failed,not_found,318,09A70E396DE93F54D4541BBB0EC8E2B23761F34F,9F5068310818ED7C70B0BC4087AB55CB12CB4377,7D3307C578AD1B1D818D74E38635BDACB390A845,D7DB8E82604F806766FC3F80213CF719A0481D0B,2020-09-26 20:15:09.595000,2020-09-26 20:15:22.316000
n7gnl64usvq5g6us,failed,not_found,49,09A70E396DE93F54D4541BBB0EC8E2B23761F34F,DF445006932A7BA942F3EBB4457D7ABF2E4006E0,A016192D0A87FC9354A7523A211BBD9CF859708B,ACDD9E85A05B127BA010466C13C8C47212E8A38F,2020-09-26 20:14:40.170000,2020-09-26 20:14:43.122000
n7gnl64usvq5g6us,failed,not_found,70,09A70E396DE93F54D4541BBB0EC8E2B23761F34F,00B57BF614F7ED3051073B5D4526FF0B23AF217B,D0BF6A6400081DA6031536ECEAD59F79BDABEB65,46F9FB943917858F618F2648595DEACD931D4400,2020-09-26 20:14:43.122000,2020-09-26 20:14:48.124000
n7gnl64usvq5g6us,failed,not_found,103,09A70E396DE93F54D4541BBB0EC8E2B23761F34F,8A6F5A21493685B50F1B46A87A2099D6C410F237,56927E61B51E6F363FB55498150A6DDFCF7077F2,ACCE33C8952304D12A113A161DEE7C8E8D330440,2020-09-26 20:14:48.125000,2020-09-26 20:14:53.219000
n7gnl64usvq5g6us,failed,not_found,149,09A70E396DE93F54D4541BBB0EC8E2B23761F34F,86CDD0D92AB972538416A382D99666736CDDF141,036A7CD36D6F7A97C7B4AF896D9F11AB719F0DF7,46F90EF3A3628C134DBB4654D0E4FF7EB914B690,2020-09-26 20:14:53.220000,2020-09-26 20:14:58.289000
n7gnl64usvq5g6us,failed,not_found,291,09A70E396DE93F54D4541BBB0EC8E2B23761F34F,63B32F7E5389E8DBC5E1BCEFE48312DA7CCEF5D6,41E041EC676622FFEE59F56BC75B99CD0D47F653,470BC5C6A8BD1D9FDBB55689FB3030310181EAE2,2020-09-26 20:14:58.290000,2020-09-26 20:15:16.614000
n7gnl64usvq5g6us,failed,not_found,376,09A70E396DE93F54D4541BBB0EC8E2B23761F34F,0BF606DE836D4C794CAFF7CA78720F8C87660998,876C7CE43774366250D3E768E690DAB9D4B5D5A3,ACD8C7107031AF4ACF9A2DBC69AB8903943EEA5D,2020-09-26 20:15:16.615000,2020-09-26 20:15:27.761000
ki75xveopy6jmo2d,failed,not_found,55,09A70E396DE93F54D4541BBB0EC8E2B23761F34F,722BA3958D6F4B9A7CE927001CE7FED8625A749E,8F5ACB40B42628045E6D8CA4CB103CDAEB112A3E,AD7C011CE0280249FA05053C1AC8E770E242ADF8,2020-09-26 20:14:41.171000,2020-09-26 20:14:45.817000
ki75xveopy6jmo2d,failed,not_found,95,09A70E396DE93F54D4541BBB0EC8E2B23761F34F,88CF8D42D49B7C8E9D03ABE5DAE7AF25E9902008,5E4D1E6D31413DCCC148A8050224578CBBF12883,AD76F68E461FAF90D9A93221A994A0F6F84DD6A3,2020-09-26 20:14:45.818000,2020-09-26 20:14:52.823000
ki75xveopy6jmo2d,failed,not_found,143,09A70E396DE93F54D4541BBB0EC8E2B23761F34F,C5D91B75D9B991FB53C41AB694D97C961D37B5AB,5B1F0DAF378A1FAFCFD5FA9CDC66D1023DC0276E,AD86CD1A49573D52A7B6F4A35750F161AAD89C88,2020-09-26 20:14:52.824000,2020-09-26 20:14:58.289000
ki75xveopy6jmo2d,failed,not_found,287,09A70E396DE93F54D4541BBB0EC8E2B23761F34F,722BA3958D6F4B9A7CE927001CE7FED8625A749E,B55B11A739C43396B10CC621D9C9F9D7F3A8CDE4,DC818C243B318D19D07DACFC2E7CAD327C7E0B3E,2020-09-26 20:14:58.289000,2020-09-26 20:15:15.235000
ki75xveopy6jmo2d,failed,not_found,368,09A70E396DE93F54D4541BBB0EC8E2B23761F34F,B22C4BF9747DBBC843F1BBBA272FDB7B6045EB01,3E13E2EB87CCF5690564EE33E9F9F9F80B229FBB,DC7BABFF3C5E49C922D239DE1A5C5252F51D2F81,2020-09-26 20:15:15.235000,2020-09-26 20:15:24.975000
ki75xveopy6jmo2d,,,,,,,DC7E7D9AB7AD52F03B856E6DC278E9D92BF19B33,2020-09-26 20:15:24.975000,
uie7s67nwmv7wjt3,failed,not_found,213,09A70E396DE93F54D4541BBB0EC8E2B23761F34F,648E97719EDEC4F0E08F1CEB8D24F2C8F587344C,BD020D8EDB355C537199420AAF2649FA04536C9A,5ADA85FC78D694F57ADBDCDF3EA7CC39CA552A85,2020-09-26 20:14:41.183000,2020-09-26 20:15:06.470000
uie7s67nwmv7wjt3,failed,not_found,332,09A70E396DE93F54D4541BBB0EC8E2B23761F34F,06E72526BBE040C51C5ADFBAA07ADD9AEB5E1FA1,ECB24A326D382F84B7BD630CFDBE1A0CDCE0245A,8441BEA4057E73E2C9DF82DE61078C88B690760C,2020-09-26 20:15:06.470000,2020-09-26 20:15:22.355000
uie7s67nwmv7wjt3,,,,,,,844AE9CAD04325E955E2BE1521563B79FE7094B7,2020-09-26 20:15:22.356000,
utlzuafz6qi427s5,failed,not_found,64,09A70E396DE93F54D4541BBB0EC8E2B23761F34F,7B28971D4A29995784E3066B9D87E42E9C685F3A,3CBC541F2A763ADD7BF742919229251E2C065E4E,6610C977840BA8B53C18DF9DCB27B1123AF86A37,2020-09-26 20:14:42.160000,2020-09-26 20:14:47.712000
utlzuafz6qi427s5,failed,not_found,99,09A70E396DE93F54D4541BBB0EC8E2B23761F34F,0F6E5CA4BF5565D9AA9FDDCA165AFC6A5305763D,5AE12CAAA489A0739F56E79CC287526FAB55A6FB,6600C560E7E2A7601F6F4B019942C9E4D47872CE,2020-09-26 20:14:47.712000,2020-09-26 20:14:53.419000
utlzuafz6qi427s5,failed,not_found,181,09A70E396DE93F54D4541BBB0EC8E2B23761F34F,7992F172EDBE69B99F0190651BAC14DD0FD9E5C8,B1E43B11A955CBA31F5261A22CBFCE204C95D5DE,17ABA734572DBB1050CF3800F0DD145BAE7ED9A7,2020-09-26 20:14:53.420000,2020-09-26 20:15:01.897000
utlzuafz6qi427s5,failed,not_found,302,09A70E396DE93F54D4541BBB0EC8E2B23761F34F,903A2A7991C838E70FF5A586CD387749B3589669,088A6237EED87EDEB0E1E3AD0A4A419F963F0787,17CDC54BBDBDED0574C04FEE37C4030455C2F28E,2020-09-26 20:15:01.897000,2020-09-26 20:15:19.269000
utlzuafz6qi427s5,,,,,,,180A5BCC01866E09E4D229B6C084CD1E3C75636F,2020-09-26 20:15:19.269000,
26p5fjpnirksuraf,failed,not_found,65,09A70E396DE93F54D4541BBB0EC8E2B23761F34F,8EB53B7C8D8E2FF830DA324A05BE8CE954BABC55,2CD5474E33D12629156B92FBD61FAAB22D07B0F7,547C1CDB516798EC66A01F04A5884DCE1A151919,2020-09-26 20:14:42.170000,2020-09-26 20:14:47.712000
26p5fjpnirksuraf,failed,not_found,101,09A70E396DE93F54D4541BBB0EC8E2B23761F34F,D87698D8E2276C7E93D531B7C2A1B27D58C71876,CCAA620D5CAB34CE95FE3C863D9E6520C07451D8,06D0FB9C6860E8D7FB99EA310A016707AFAA71CE,2020-09-26 20:14:47.713000,2020-09-26 20:14:53.218000
26p5fjpnirksuraf,failed,not_found,199,09A70E396DE93F54D4541BBB0EC8E2B23761F34F,B872BA6804C8C6E140AE1897B44CF32B42FD2397,EFEACD781604EB80FBC025EDEDEA2D523AEAAA2F,06D77E461C9814243DA2C6145544D5BB3B46B52E,2020-09-26 20:14:53.219000,2020-09-26 20:15:04.057000
26p5fjpnirksuraf,failed,not_found,312,09A70E396DE93F54D4541BBB0EC8E2B23761F34F,16920E1AF95EEF7A516BB31DB4F35C3D67D885C1,34DE7F9028A53D5238D779B00DAF7438FDE1D7A0,547DA56F6B88B6C596B3E3086803CDA4F0EF8F21,2020-09-26 20:15:04.057000,2020-09-26 20:15:19.313000
26p5fjpnirksuraf,,,,,,,546E52A979FB0FBBDF1DDF360FB20AA03D22AACE,2020-09-26 20:15:19.313000,
fjkxbz7jdw66fblo,failed,not_found,72,09A70E396DE93F54D4541BBB0EC8E2B23761F34F,D8A2D0080B0C73E1DC0EC9F33B497F64E5FB3F52,6EF78BB131DA33F9D266BC4BB5972261E34DBD13,6C4EB91C94B7D194CB117093A365A1D06FA9BF03,2020-09-26 20:14:43.164000,2020-09-26 20:14:48.142000
fjkxbz7jdw66fblo,failed,not_found,82,09A70E396DE93F54D4541BBB0EC8E2B23761F34F,917A2DADBA0D7727DF7FFD46AD923FD937686A3D,1CD48F4ED0F1821FFBF1940802A13EEFD4C27502,1B605B2751279B152CA098ED76B1EBCC9ADCA239,2020-09-26 20:14:48.142000,2020-09-26 20:14:52.008000
fjkxbz7jdw66fblo,failed,not_found,131,09A70E396DE93F54D4541BBB0EC8E2B23761F34F,520952098AEC08A9FAF2802482A61AB1BF2EAC2A,75D77007F098513C70773B5EC46159DD41F2F7ED,1B6D2FA8D4B87B5CD8E2AE8DD5A4A9DC6A69B45B,2020-09-26 20:14:52.008000,2020-09-26 20:14:57.233000
fjkxbz7jdw66fblo,failed,not_found,220,09A70E396DE93F54D4541BBB0EC8E2B23761F34F,425835370C1FBE178C21CB53C76672F12BDE091A,F148A022E5E2BAD006E29C82C8D47C047A29958F,1B54FC6897A77F5BD006D0DB06971735E6527D1E,2020-09-26 20:14:57.234000,2020-09-26 20:15:05.290000
fjkxbz7jdw66fblo,failed,not_found,313,09A70E396DE93F54D4541BBB0EC8E2B23761F34F,756A8DD40D4166E2863064C98069411559B16887,42D47C736518BFA495CA31AEE40AE468F0BDA2A6,6C620C35C0EA16657960882DE88B28968EBC8689,2020-09-26 20:15:05.290000,2020-09-26 20:15:19.836000
fjkxbz7jdw66fblo,,,,,,,6C64AE6D7EFDA52A463FB6ADCDAE2D2DDE0677C3,2020-09-26 20:15:19.837000,
fvkp5seyvrgcarj4,failed,not_found,73,09A70E396DE93F54D4541BBB0EC8E2B23761F34F,D14EC16949648CEE84EA1664445029EA4B597074,F836446663F1EB816F13708955F105D0B2F5C8E0,05C383DC813C464B7132569722BE5243A9FF735C,2020-09-26 20:14:43.179000,2020-09-26 20:14:48.142000
fvkp5seyvrgcarj4,failed,not_found,105,09A70E396DE93F54D4541BBB0EC8E2B23761F34F,79C674E6C1AC90687CCCF644D24C17AC1E535A3C,BF37445EA2A9F3D04F4B87DFAC624AEF21B559D5,0F59911D698D3FFE2433B7AB31362FB1EA10237F,2020-09-26 20:14:48.143000,2020-09-26 20:14:53.219000
fvkp5seyvrgcarj4,failed,not_found,129,09A70E396DE93F54D4541BBB0EC8E2B23761F34F,F0C9513539800F762ECAE37F16370D7CBA5E52C2,A597AC866E40CAB5A67759ADE4942192E99DE684,05DC5DBEFB651BC02946DB3286F85DB1B5D2C3D6,2020-09-26 20:14:53.219000,2020-09-26 20:14:56.058000
fvkp5seyvrgcarj4,failed,not_found,204,09A70E396DE93F54D4541BBB0EC8E2B23761F34F,D8A2D0080B0C73E1DC0EC9F33B497F64E5FB3F52,708A968F3644F8A547156368FEA3DB664110E631,0F3B1BCB42C0E688D4A45887EFDD762B8D2F08F9,2020-09-26 20:14:56.059000,2020-09-26 20:15:04.623000
fvkp5seyvrgcarj4,failed,not_found,321,09A70E396DE93F54D4541BBB0EC8E2B23761F34F,1C0736CF3744A3B87C2D2269B8BD3388C7E60552,61B8BDC91AA7BC9A05EB5A3D652FFF88C98E6911,05C621B44EF6833889AE7B7E2A0B476569C47E37,2020-09-26 20:15:04.623000,2020-09-26 20:15:20.473000
fvkp5seyvrgcarj4,,,,,,,0F52E9652F96AD1D500AC062350A149902C128B9,2020-09-26 20:15:20.474000,
r4lbalh73rsum7lr,failed,not_found,76,09A70E396DE93F54D4541BBB0EC8E2B23761F34F,0B28C72A82D4CE016016DAB98D077C997F524AA1,3EA4E3EA9699C2231BD9286B7145D2BB9E0EB071,5CBD45394573828291C8FE9780232FDFD0D202DF,2020-09-26 20:14:44.162000,2020-09-26 20:14:51.212000
r4lbalh73rsum7lr,failed,not_found,109,09A70E396DE93F54D4541BBB0EC8E2B23761F34F,00C22D3BC1822EB8EA380AF04245337399E796E2,CC651A7620A8129209BF865CA6ECC1F09023DD28,0B19BBFDC498CCEA23027B1D7BD8E20121B95E60,2020-09-26 20:14:51.212000,2020-09-26 20:14:53.434000
r4lbalh73rsum7lr,failed,not_found,182,09A70E396DE93F54D4541BBB0EC8E2B23761F34F,B568135C5E345BAFB080C11FDDF348E545A722E5,2DE6CA505E2FEDA6547B641A96C0B5C38E9F9F4C,5CE3AD8AD04ADE66C0037A3CF5F7F7A40D48A20B,2020-09-26 20:14:53.434000,2020-09-26 20:15:01.897000
r4lbalh73rsum7lr,failed,not_found,283,09A70E396DE93F54D4541BBB0EC8E2B23761F34F,41145C3169D810DB360FF2FCA232093B02C0B262,2EB3C230180694A1E848001E20F36F76A2287039,0B25110BA3473A6DC04AB58A3A0D5E4D6922A0E0,2020-09-26 20:15:01.898000,2020-09-26 20:15:15.393000
r4lbalh73rsum7lr,failed,not_found,371,09A70E396DE93F54D4541BBB0EC8E2B23761F34F,ACF8FC6C14032A045B44F6B98525EE5C0472DD50,8657358DD3076664A5989028CEB1A92F5F93C02A,5CCC3569C67B7F1BB733664D43DF4645F2A4B04D,2020-09-26 20:15:15.393000,2020-09-26 20:15:26.569000
r4lbalh73rsum7lr,,,,,,,0B3C8C2B2B1A1CA4429B9649F533BEB4D7470AEA,2020-09-26 20:15:26.569000,
dfqxgyh3saxibvhd,failed,not_found,77,09A70E396DE93F54D4541BBB0EC8E2B23761F34F,34DE7F9028A53D5238D779B00DAF7438FDE1D7A0,39CF2F22E5018C01FD57DEB1AB8FDFA4592633FB,2C6C970E027A99EFF3E6977CD1BCDD9586E0BFB3,2020-09-26 20:14:44.174000,2020-09-26 20:14:50.556000
dfqxgyh3saxibvhd,failed,not_found,118,09A70E396DE93F54D4541BBB0EC8E2B23761F34F,22D2314BC5146890A8E5C19C884D96C0CBFEAA24,0745857B06337B7F343635608975972A9EC14901,2C064760AA6657E2C575DD897C2588B170A3FF12,2020-09-26 20:14:50.556000,2020-09-26 20:14:54.624000
dfqxgyh3saxibvhd,failed,not_found,165,09A70E396DE93F54D4541BBB0EC8E2B23761F34F,FD79B7F9230858B48E75F389661840C702511078,24F97F98C45E4754655BE66799049763DAEE99CE,770E5AFB0A796DA2DA88434F11427513BAA1FACC,2020-09-26 20:14:54.625000,2020-09-26 20:14:59.889000
dfqxgyh3saxibvhd,failed,not_found,216,09A70E396DE93F54D4541BBB0EC8E2B23761F34F,C5F214F7F9CCBF09324C9AA032760150243A196C,F6D600CF13B3BBE2A91A0653F1EC9D00E7CB3A6B,7731E125924324B7405BA20E2759EE16780237E2,2020-09-26 20:14:59.889000,2020-09-26 20:15:05.289000
dfqxgyh3saxibvhd,failed,not_found,326,09A70E396DE93F54D4541BBB0EC8E2B23761F34F,65E40F7EDD28E2CF28684E30E0BAB7706819CFC3,901C2689FDABE7165AB7AC4E8231F12A2674916E,7716DE8030A56A80080446E0CBC59738605454E6,2020-09-26 20:15:05.290000,2020-09-26 20:15:21.269000
dfqxgyh3saxibvhd,,,,,,,2C6E2587287437FA10BFB145CD2691FD605C8709,2020-09-26 20:15:21.269000,
6ty5oqd4kvhrtvks,failed,not_found,83,09A70E396DE93F54D4541BBB0EC8E2B23761F34F,2BE597D0A2255A4E8F44CBFB126B7A7A12A9737B,7D69BF760639FBD1D90F9CCA80860D6883745B64,E00764EDD2D5DA338CEA2EED8691E1FCAAF4A6E9,2020-09-26 20:14:45.159000,2020-09-26 20:14:52.259000
6ty5oqd4kvhrtvks,failed,not_found,134,09A70E396DE93F54D4541BBB0EC8E2B23761F34F,BF37445EA2A9F3D04F4B87DFAC624AEF21B559D5,62CF4982747BFDE3C0395A3894554BD8DC3C5D92,E0023AC14180112A2FFF00A84C6049862BB3E6C3,2020-09-26 20:14:52.259000,2020-09-26 20:14:57.731000
6ty5oqd4kvhrtvks,failed,not_found,222,09A70E396DE93F54D4541BBB0EC8E2B23761F34F,9638D8A46D8CBA79F8122D77E038ED99EBFDAEAD,5CF342DBBD6170BEE00CD52ACB4076D551085E7F,E006EA04C696BBD6E35407538131305FF3CB8C16,2020-09-26 20:14:57.731000,2020-09-26 20:15:07.304000
6ty5oqd4kvhrtvks,failed,not_found,335,09A70E396DE93F54D4541BBB0EC8E2B23761F34F,C804BE8FB1C7C42D43C4A5E2039E77AA0FF3A8B4,8C00FA7369A7A308F6A137600F0FA07990D9D451,5C96895227E42FD74B4B1445A9AE59BD9FF42879,2020-09-26 20:15:07.304000,2020-09-26 20:15:22.357000
6ty5oqd4kvhrtvks,,,,,,,5C9A66F40A63D9C8DF9700E6DF9E1FD47D8AD317,2020-09-26 20:15:22.357000,
tpwd4iq6mkfxykwk,failed,not_found,84,09A70E396DE93F54D4541BBB0EC8E2B23761F34F,8BE79CE3261C027CE94F84D6CBE45F03BE9B8B59,EAA823552F959DFD038E9AC8FA89345A738B6C00,46F90EF3A3628C134DBB4654D0E4FF7EB914B690,2020-09-26 20:14:45.171000,2020-09-26 20:14:51.824000
tpwd4iq6mkfxykwk,failed,not_found,130,09A70E396DE93F54D4541BBB0EC8E2B23761F34F,A44062AE3484310CE728BBD7769E9CD44C09FBB0,AE95BDA37A5BB4685FEBB7F06649D6CE949B5316,34F5D33DD46D7FBD380B11567132A18773BC4F57,2020-09-26 20:14:51.825000,2020-09-26 20:14:56.260000
tpwd4iq6mkfxykwk,failed,not_found,198,09A70E396DE93F54D4541BBB0EC8E2B23761F34F,6D6EC2A2E2ED8BFF2D4834F8D669D82FC2A9FA8D,005ED97213F725867E422B8DC0443361BBB24E3C,34DE7F9028A53D5238D779B00DAF7438FDE1D7A0,2020-09-26 20:14:56.260000,2020-09-26 20:15:03.548000
tpwd4iq6mkfxykwk,failed,not_found,310,09A70E396DE93F54D4541BBB0EC8E2B23761F34F,33D88F331408141F2A2CC563239E54E48F7A211B,90CF2EC5D8154960E93FBF6E49D413C535DC60CA,35094D4F2418A2169B1C05D4905027EE86C9F0D1,2020-09-26 20:15:03.548000,2020-09-26 20:15:19.357000
tpwd4iq6mkfxykwk,,,,,,,46E0487EEEFD694CE625CC6E12D032395C01DB82,2020-09-26 20:15:19.357000,
7uktffyjqaf42o7q,failed,not_found,92,09A70E396DE93F54D4541BBB0EC8E2B23761F34F,41CEB66108B70108F148BF7778260A87723AACA1,CCAA620D5CAB34CE95FE3C863D9E6520C07451D8,95FD4BD48D919BFD05277F63950C78A93AC01191,2020-09-26 20:14:46.161000,2020-09-26 20:14:52.260000
7uktffyjqaf42o7q,failed,not_found,188,09A70E396DE93F54D4541BBB0EC8E2B23761F34F,890480E14E634C8B4467C475E355A6FBF3D99CD5,91BA193FB362FB7B6679A7A83A3050F3C44A5468,670507CA6CF7697E6027728CC28BB0AEF1DE1E7C,2020-09-26 20:14:52.260000,2020-09-26 20:15:02.289000
7uktffyjqaf42o7q,failed,not_found,261,09A70E396DE93F54D4541BBB0EC8E2B23761F34F,F7B024DB02C601185C202E26DFFD2AD525C16A36,7A3E534C033E3836BD5AF223B642853C502AB33A,95FCD71974985F8CB546821E3DC4D834794F77F9,2020-09-26 20:15:02.289000,2020-09-26 20:15:12.697000
7uktffyjqaf42o7q,failed,not_found,359,09A70E396DE93F54D4541BBB0EC8E2B23761F34F,42B4F52C5B11E4D39855F654955425B0D5A0598B,55F7F56D58C8C40A9A9DF3D508C1F26A04DE360C,95EFACA18E34C260DDF749596B977402594E6739,2020-09-26 20:15:12.697000,2020-09-26 20:15:23.948000
7uktffyjqaf42o7q,,,,,,,67073A512A5C20C65416259FD40C434A7D01C4C2,2020-09-26 20:15:23.948000,
h3oqufhfsmxryt6l,failed,not_found,93,09A70E396DE93F54D4541BBB0EC8E2B23761F34F,088A6237EED87EDEB0E1E3AD0A4A419F963F0787,1E1A7C9134637383BE653C41973995A229D81595,EC619D444A7CF48BF09A366EF521F3FF9ADF1949,2020-09-26 20:14:46.171000,2020-09-26 20:14:52.304000
h3oqufhfsmxryt6l,failed,not_found,138,09A70E396DE93F54D4541BBB0EC8E2B23761F34F,4E98AA295B7171996D18DD1F6A19F64AB4036B4A,C55AC4238C66CE8D00838572D563A284DBEF0228,EC65D72BB9668553999DE4E6CF380207ACA941EA,2020-09-26 20:14:52.304000,2020-09-26 20:14:56.169000
h3oqufhfsmxryt6l,failed,not_found,191,09A70E396DE93F54D4541BBB0EC8E2B23761F34F,014E24C0CD21D2B9829E841D5EC1D3C415F866BF,9B2BC7EFD661072AFADC533BE8DCF1C19D8C2DCC,4273E6D162ED2717A1CF4207A254004CD3F5307B,2020-09-26 20:14:56.169000,2020-09-26 20:15:02.853000
h3oqufhfsmxryt6l,failed,not_found,295,09A70E396DE93F54D4541BBB0EC8E2B23761F34F,B7C23613DF258A97D2F3FAA05ECCE683EF0E9B8D,CBBA40F7D9F284F47A243EE2C081E96682741D22,EC7DF86078FCD97796087E8A8D37131E74A37CBF,2020-09-26 20:15:02.853000,2020-09-26 20:15:18.839000
h3oqufhfsmxryt6l,,,,,,,427E5C8ADC43B09582DDDA80EA8EDFBD05DF5003,2020-09-26 20:15:18.839000,
hmwo3uf6xababza6,failed,not_found,96,09A70E396DE93F54D4541BBB0EC8E2B23761F34F,B940AAC942E9929E673C3533F510C5261B50790C,33AA6CFE161A698169B548C9D973DAE6DED6BF0E,79349A6F74AC0D4EF2939894B122702E57786F5A,2020-09-26 20:14:47.162000,2020-09-26 20:14:52.824000
hmwo3uf6xababza6,failed,not_found,144,09A70E396DE93F54D4541BBB0EC8E2B23761F34F,0869EA503377C702669BC75DD7A59094658DFA08,DB47720A75764CD1002012E625F6CE17741A1A3A,7961C9991F022C8A363FD440CA395D47DB5D44D5,2020-09-26 20:14:52.824000,2020-09-26 20:14:57.833000
hmwo3uf6xababza6,failed,not_found,223,09A70E396DE93F54D4541BBB0EC8E2B23761F34F,AD0FCFD83EA4899DB34735E599701592DEA13690,169535CC4C75FF79C6D548D41720064EE4FE61D2,79509683AB4C8DDAF90A120C69A4179C6CD5A387,2020-09-26 20:14:57.834000,2020-09-26 20:15:06.106000
hmwo3uf6xababza6,failed,not_found,329,09A70E396DE93F54D4541BBB0EC8E2B23761F34F,4CE6D83FFA8AD24767007E8C972F371F2468F09A,58F3E2956EABB81F673E2FB90E16E001DB4AC3AE,E006EA04C696BBD6E35407538131305FF3CB8C16,2020-09-26 20:15:06.106000,2020-09-26 20:15:21.270000
hmwo3uf6xababza6,,,,,,,E00764EDD2D5DA338CEA2EED8691E1FCAAF4A6E9,2020-09-26 20:15:21.270000,
onddt4nog7nnakei,failed,not_found,97,09A70E396DE93F54D4541BBB0EC8E2B23761F34F,872108C52C52CC10217A351C883E991AEDF7C470,0AA39F432B2E778CAC06F80DA44975385347CDD9,FE59C12C9697E742CD3F7ADBAF6385EA1C8B379F,2020-09-26 20:14:47.172000,2020-09-26 20:14:53.219000
onddt4nog7nnakei,failed,not_found,201,09A70E396DE93F54D4541BBB0EC8E2B23761F34F,BA8546AE9B27F0C81F98A6C12D96B7DAB0814991,B56B9FE93F83B4FA69234B17A060E8A8E7446D19,FE547E7D1D2B3797EA07BECD5E75C85AA94A5E4A,2020-09-26 20:14:53.219000,2020-09-26 20:15:04.058000
onddt4nog7nnakei,failed,not_found,286,09A70E396DE93F54D4541BBB0EC8E2B23761F34F,6B9EA8927AB6E94E216067E65372182343A5AFA2,12CF6DB4DAE106206D6C6B09988E865C0509843B,FE4A7F1610111DF2F18A564F74F695D0964EC58E,2020-09-26 20:15:04.058000,2020-09-26 20:15:15.249000
onddt4nog7nnakei,failed,not_found,369,09A70E396DE93F54D4541BBB0EC8E2B23761F34F,C8B34FC319E3301859FDBBC239337081302F898E,3F65766ADE067D9D08920E3B74DAB9040EDD26B2,9C5AFD49AAE4E0272BAD780C6DD71CE1A36012A6,2020-09-26 20:15:15.249000,2020-09-26 20:15:26.570000
onddt4nog7nnakei,,,,,,,9C61FC0A01401EDF71C4048665E53968E81351FC,2020-09-26 20:15:26.570000,
xhqio257a4g5yzzl,failed,not_found,106,09A70E396DE93F54D4541BBB0EC8E2B23761F34F,1145A39EC0CE18834E67D2799E3C5D87453C5EF2,8EE44717FA55705C12086F3ECD1F8D9C8676FD05,4825FABA5D4A44E6DFC307544EF15F15FB37FA49,2020-09-26 20:14:48.171000,2020-09-26 20:14:53.433000
xhqio257a4g5yzzl,failed,not_found,154,09A70E396DE93F54D4541BBB0EC8E2B23761F34F,1F78D47D20BA3ACF9DCE50F4533A5CEA232CF398,6532EB51C1EA8B674F4AEFCFA31323AE4C4212E4,482A687F14182974926CE0B3ACFFC8D6247ED7DF,2020-09-26 20:14:53.433000,2020-09-26 20:14:59.678000
xhqio257a4g5yzzl,failed,not_found,236,09A70E396DE93F54D4541BBB0EC8E2B23761F34F,D111CA928084A907D8BE9B3F1E1D05227A5FBBE0,77A56CB237740E24AEA2D61C8C8936232AFC1BD8,195712E96FD1C1B18D14D09E9E4E7A6416E23B2C,2020-09-26 20:14:59.679000,2020-09-26 20:15:11.262000
xhqio257a4g5yzzl,failed,not_found,352,09A70E396DE93F54D4541BBB0EC8E2B23761F34F,9B2BC7EFD661072AFADC533BE8DCF1C19D8C2DCC,A8F83F4A96BA838870174C812EEB4BF1A54B980A,4837A6DFFC8E3681D70AD9E8D057C029093DA2F7,2020-09-26 20:15:11.262000,2020-09-26 20:15:23.947000
xhqio257a4g5yzzl,,,,,,,1944F3A473CB77B12BDB4E3D15963A24DF58E4E7,2020-09-26 20:15:23.947000,
hs4bubjhx5bz5jwq,failed,not_found,107,09A70E396DE93F54D4541BBB0EC8E2B23761F34F,901CBA6FF3B90618D3FFEFF040353C267F690DF8,9B2BC7EFD661072AFADC533BE8DCF1C19D8C2DCC,EE859849E8D8EF083EEF2025555396A6C3552A8E,2020-09-26 20:14:48.183000,2020-09-26 20:14:53.433000
hs4bubjhx5bz5jwq,failed,not_found,142,09A70E396DE93F54D4541BBB0EC8E2B23761F34F,562434D987CF49D45649B76ADCA993BEA8F78471,CDAF0B74C45FD5B1955198A8D92C8A518A53D07B,EE94030D02AF5A788C62EA56D483540C38460E10,2020-09-26 20:14:53.434000,2020-09-26 20:14:56.756000
hs4bubjhx5bz5jwq,failed,not_found,207,09A70E396DE93F54D4541BBB0EC8E2B23761F34F,638D91FC9EF661348A6994D04C3499BC03F50BBE,980B28A19B0A66948035A3FE143E5CF613C84122,E309E2E3C3F4472A83F3226C315818DB07BF77BA,2020-09-26 20:14:56.756000,2020-09-26 20:15:04.622000
hs4bubjhx5bz5jwq,failed,not_found,320,09A70E396DE93F54D4541BBB0EC8E2B23761F34F,53412DCC555335B400DB72750ED0BE08D034D779,60A9E1FE4D020383A4A0FE58E5950983D08D65E7,EE8134DD1697F6A700B450FC3910F636A8FCD07D,2020-09-26 20:15:04.622000,2020-09-26 20:15:20.946000
hs4bubjhx5bz5jwq,,,,,,,E300CEE2255A22B3DF52E798A3237D53AFAEC2F3,2020-09-26 20:15:20.947000,
5gryziphnorvvmmq,failed,not_found,155,09A70E396DE93F54D4541BBB0EC8E2B23761F34F,D3B72ADA2F3EEDA2BA98F645D620CA1C4060AAF4,D228AE265C966CA4E9A8C4B746A30A9737060A32,BF2BF901643D3B8BC1BC1F62705AC661EA5E0E9E,2020-09-26 20:14:49.168000,2020-09-26 20:14:59.509000
5gryziphnorvvmmq,failed,not_found,234,09A70E396DE93F54D4541BBB0EC8E2B23761F34F,93F97B76A7D0F0947C4C75AC62017E45BBFE6C08,D11217B44873FD7C879E541844B4C20B9A7E5CFB,BF1A775B7282EC31FCAF8E38FC93D1FEC443A566,2020-09-26 20:14:59.509000,2020-09-26 20:15:08.910000
5gryziphnorvvmmq,failed,not_found,343,09A70E396DE93F54D4541BBB0EC8E2B23761F34F,FE54C9B92F5306A4520072B96085EC09909B01D1,3F43D0584A2613C9DB631382FF486DC6B95EA1C8,4E2F7D3326FBCE300557B9AFF463CC434AADD120,2020-09-26 20:15:08.911000,2020-09-26 20:15:23.299000
5gryziphnorvvmmq,,,,,,,BF29077D90DD65D8B15B2DFC876D25C76E5057FB,2020-09-26 20:15:23.299000,
flu427uw6urdhjfm,failed,not_found,112,09A70E396DE93F54D4541BBB0EC8E2B23761F34F,D7829A21726220AF77401BE5B2B132963A0BE82B,901C2689FDABE7165AB7AC4E8231F12A2674916E,7430F66B1CABCB52D583C9C3035EE19A3E87A23E,2020-09-26 20:14:49.186000,2020-09-26 20:14:53.604000
flu427uw6urdhjfm,failed,not_found,296,09A70E396DE93F54D4541BBB0EC8E2B23761F34F,599A708756048993A1029B2775EEF8C9E40BB640,6E4B0D429CD87AB6C25D72E298294C583FF8BA4A,AFA9E5B8D77B736CCA77704B465F9FA4B9566924,2020-09-26 20:14:53.604000,2020-09-26 20:15:17.479000
flu427uw6urdhjfm,failed,not_found,373,09A70E396DE93F54D4541BBB0EC8E2B23761F34F,A9BEA2E0699D1F60521C8A1167340945A419D102,5BF170F5773748C783BE4B67DABF5338C03B1AE7,74312EF576DE1E7710D5420791E6BDB41808439E,2020-09-26 20:15:17.480000,2020-09-26 20:15:26.047000
flu427uw6urdhjfm,,,,,,,742C45F2D9004AADE0077E528A4418A6A81BC2BA,2020-09-26 20:15:26.047000,
6ejrshfusu3yaypr,failed,not_found,114,09A70E396DE93F54D4541BBB0EC8E2B23761F34F,06E72526BBE040C51C5ADFBAA07ADD9AEB5E1FA1,8BC554F7F9316B12DEC171815FCB4529E8A01D49,30E747B3058994CCCBEAF8B5B4791A9F1628AB7D,2020-09-26 20:14:50.162000,2020-09-26 20:14:54.624000
6ejrshfusu3yaypr,failed,not_found,164,09A70E396DE93F54D4541BBB0EC8E2B23761F34F,B1192B1BAD3AD0A15AFC89FEBB23ACC05930B4E3,B56B9FE93F83B4FA69234B17A060E8A8E7446D19,310056E3539B2EE9F227B0D230B0835554051475,2020-09-26 20:14:54.624000,2020-09-26 20:15:00.713000
6ejrshfusu3yaypr,failed,not_found,292,09A70E396DE93F54D4541BBB0EC8E2B23761F34F,1F78D47D20BA3ACF9DCE50F4533A5CEA232CF398,E3D61BAEA0B7CB12CACEDC8821C520557BDFCEA3,7DDC2CE71506820746E1E4166977F1D58F6BBA6C,2020-09-26 20:15:00.713000,2020-09-26 20:15:16.934000
6ejrshfusu3yaypr,failed,not_found,378,09A70E396DE93F54D4541BBB0EC8E2B23761F34F,B0B26AEDB0D1E21EA8E06530CAAD953B464286FB,47C362713928A711FC105AF54993576E41CB1B7F,7DC52AE6667A30536BA2383CD102CFC24F20AD71,2020-09-26 20:15:16.934000,2020-09-26 20:15:27.595000
6ejrshfusu3yaypr,,,,,,,30E899AAFEB7429FEA43A15F2B43759D965E289F,2020-09-26 20:15:27.596000,
sjxcjc6n7uygirbg,failed,not_found,115,09A70E396DE93F54D4541BBB0EC8E2B23761F34F,8737307DE84C2621E6399E99123967A9590297F2,216D8778B43123805F3FE3D7157223F34EF74A40,0B555940D37DC849728841C0B290074E1A1BDCA8,2020-09-26 20:14:50.173000,2020-09-26 20:14:54.037000
sjxcjc6n7uygirbg,failed,not_found,297,09A70E396DE93F54D4541BBB0EC8E2B23761F34F,43E187B8C7361F47EA968ED5389435865D7F4FE7,876C7CE43774366250D3E768E690DAB9D4B5D5A3,0B58A95E539FFA6C05C010F5C1DA35FB8038E3A8,2020-09-26 20:14:54.038000,2020-09-26 20:15:17.669000
sjxcjc6n7uygirbg,failed,not_found,384,09A70E396DE93F54D4541BBB0EC8E2B23761F34F,D5C33F3E203728EDF8361EA868B2939CCC43FAFB,5C8B811887778DCF705F3D39F19E40A21889451F,0B45375A2CE8065E8A649D52CC35F39D128745A8,2020-09-26 20:15:17.670000,2020-09-26 20:15:29.099000
sjxcjc6n7uygirbg,,,,,,,38A42B8D7C0E6346F4A4821617740AEE86EA885B,2020-09-26 20:15:29.099000,
2f3sxoli2w2brbkv,failed,not_found,120,09A70E396DE93F54D4541BBB0EC8E2B23761F34F,67CDF7A4D06E98E55AAE595BBEBF38E64C4CCBF3,014E24C0CD21D2B9829E841D5EC1D3C415F866BF,C38460B0B5AE443940827FF308602E5F4A12B5C4,2020-09-26 20:14:51.166000,2020-09-26 20:14:54.782000
2f3sxoli2w2brbkv,failed,not_found,166,09A70E396DE93F54D4541BBB0EC8E2B23761F34F,FE1B74C7CEE0493613929A92F9A1D890E58DC649,89188CD95492FF0FB509813A50409CA65CC1404B,42B40A38F79F049129FA2F95532C5A64361A0D21,2020-09-26 20:14:54.783000,2020-09-26 20:15:00.284000
2f3sxoli2w2brbkv,failed,not_found,241,09A70E396DE93F54D4541BBB0EC8E2B23761F34F,C0DAAAE5EE461BBE13945FE4B52F32ABDC6BC376,DD0C8EEC5CA402A9FA4478F10C31A440F71F6885,42B4F52C5B11E4D39855F654955425B0D5A0598B,2020-09-26 20:15:00.285000,2020-09-26 20:15:11.262000
2f3sxoli2w2brbkv,failed,not_found,354,09A70E396DE93F54D4541BBB0EC8E2B23761F34F,47C362713928A711FC105AF54993576E41CB1B7F,BFD3FC19AD1F691C01B5392DE90D3510B8D1B886,C37F87C0125E26E6ACF54366FA2198209E856ABE,2020-09-26 20:15:11.263000,2020-09-26 20:15:24.543000
2f3sxoli2w2brbkv,,,,,,,42D47C736518BFA495CA31AEE40AE468F0BDA2A6,2020-09-26 20:15:24.543000,
e3n4qiw7mm4e6p5z,,,,,,,56257E74FA999BCFA1EC205892342A09645B961B,2020-09-26 20:14:51.186000,
psfdzw3nqfvtwq4r,failed,not_found,132,09A70E396DE93F54D4541BBB0EC8E2B23761F34F,288C100FFA656938C23F32207CAF0DA932ECD247,50A39337EC55FC25E863868E80771220E468FC4C,51C367582993D68F8215610B85A99902C945324B,2020-09-26 20:14:52.159000,2020-09-26 20:14:57.158000
psfdzw3nqfvtwq4r,failed,not_found,219,09A70E396DE93F54D4541BBB0EC8E2B23761F34F,CC09DFB016081AD50686DAC96440BB2D6F343251,62ABC3D1B0D5DE48DE4B8AF5E76D5AA8F535CCDF,51D3F56EC4543E191B13E614A298ECBC35BEA92E,2020-09-26 20:14:57.158000,2020-09-26 20:15:05.290000
psfdzw3nqfvtwq4r,failed,not_found,327,09A70E396DE93F54D4541BBB0EC8E2B23761F34F,C5F214F7F9CCBF09324C9AA032760150243A196C,7C22E89AB620E77DF1B4A33787A5EC3F2AB4A8D1,51CD9DB00357405FC41AF0FA513688D02BDA0C0E,2020-09-26 20:15:05.291000,2020-09-26 20:15:21.559000
psfdzw3nqfvtwq4r,,,,,,,892A827BF67DB270E303677A33FE577069DDE558,2020-09-26 20:15:21.559000,
corf3f7cp45wsrzz,failed,not_found,133,09A70E396DE93F54D4541BBB0EC8E2B23761F34F,34979DBD475FFED9CF6556E349DDEDEE69104345,53E73B74B930BCF51621E6F06E65A3E3BC78E83A,D907BCD0B9510C462EEB0688FD5421CD2E172B77,2020-09-26 20:14:52.173000,2020-09-26 20:14:56.260000
corf3f7cp45wsrzz,failed,not_found,200,09A70E396DE93F54D4541BBB0EC8E2B23761F34F,19F90313B2C0EB03EFC347706F2735E81876D846,E8BAE7393740A700D50B010DED9D9EC9A66B390D,D91F295BFAF865BF76DA0820485B6650DD832DC5,2020-09-26 20:14:56.260000,2020-09-26 20:15:03.257000
corf3f7cp45wsrzz,failed,not_found,307,09A70E396DE93F54D4541BBB0EC8E2B23761F34F,BF7BFCB3096FC81FBD0B7ADA66164431EC7FD117,FEDF4998951A750D5D7974DF243035499E84882E,D8EA105E79803FB0040A8C2A676D93DAEA2CFFF0,2020-09-26 20:15:03.258000,2020-09-26 20:15:19.199000
corf3f7cp45wsrzz,,,,,,,5E8B49B661BE6BA62C7E38FB6ABDE91519FD61C8,2020-09-26 20:15:19.199000,
fkh5pz3atgcg4shl,failed,not_found,119,09A70E396DE93F54D4541BBB0EC8E2B23761F34F,4A60B05738087419BFF41A41D2059873EE16E1E9,8B51EF7AD52443F873211BF86C7D789406D59F2F,21B930A24B24E82500A830CA796DD598A5E2DDD0,2020-09-26 20:14:53.155000,2020-09-26 20:14:55.714000
fkh5pz3atgcg4shl,failed,not_found,203,09A70E396DE93F54D4541BBB0EC8E2B23761F34F,E130296683B896A117CE5DA531A5645644178734,3C79699D4FBC37DE1A212D5033B56DAE079AC0EF,21AC6EF15C86641CE623B8A08D64144BCAC14AEC,2020-09-26 20:14:55.714000,2020-09-26 20:15:04.098000
fkh5pz3atgcg4shl,failed,not_found,314,09A70E396DE93F54D4541BBB0EC8E2B23761F34F,ACF165754601059ED2E472F893AD0FA4CAF1142D,B4A96C0852DD0841579D33E09A98D641EACCD73E,6ED3BE22B2261258017B3F0584706265985D7AE9,2020-09-26 20:15:04.099000,2020-09-26 20:15:19.356000
fkh5pz3atgcg4shl,failed,not_found,381,09A70E396DE93F54D4541BBB0EC8E2B23761F34F,A96DA63E4415E776FBFCCF3DA7154C804534B6E7,A9F7185499C5784E35B5C25744ED4AB75437CE5D,6ED6758622A73F54F0EF59A9D31D71AABD7A70DA,2020-09-26 20:15:19.356000,2020-09-26 20:15:27.760000
fkh5pz3atgcg4shl,,,,,,,6EEF8446BF9D43DA7F7D8505BDFC49BBE64BF822,2020-09-26 20:15:27.761000,
m74qwl3zhwkrdh43,failed,not_found,145,09A70E396DE93F54D4541BBB0EC8E2B23761F34F,127887BF5B69EFEFA0DC47FC767135E0ACAAFD9F,B8F6E68B36BEE2BF548750BDCCC3C2A7DB56A623,45340458350C88E4C526A1D551BB144643ABA794,2020-09-26 20:14:53.158000,2020-09-26 20:14:57.138000
m74qwl3zhwkrdh43,failed,not_found,210,09A70E396DE93F54D4541BBB0EC8E2B23761F34F,DA4B488C2826DFBBD04D635DA1E71A2BA5B20747,EC3EC2E26C9C57B46686E9EFE7EEABD4B570D6D3,F7B024DB02C601185C202E26DFFD2AD525C16A36,2020-09-26 20:14:57.138000,2020-09-26 20:15:04.637000
m74qwl3zhwkrdh43,failed,not_found,323,09A70E396DE93F54D4541BBB0EC8E2B23761F34F,A6E0F950CAC74AF867CA21976069529D6D4D3E30,52D5FB2004C67127C73B71478238FA66122BD443,453E51CBAA4C2169EBCB05583247DD6201E87FAD,2020-09-26 20:15:04.638000,2020-09-26 20:15:20.895000
m74qwl3zhwkrdh43,,,,,,,453A763984BCF3E2FBD94B3CF2AE90EA02E4A145,2020-09-26 20:15:20.895000,
vcq36w2qbofks3j7,failed,not_found,167,09A70E396DE93F54D4541BBB0EC8E2B23761F34F,D30E9D4D639068611D6D96861C95C2099140B805,4FF53BC47097B50DA5B68D72C5B25CC079F4A787,2F26D43258285FEB39E4320888DFAFA8A0D20E11,2020-09-26 20:14:54.152000,2020-09-26 20:14:59.884000
vcq36w2qbofks3j7,failed,not_found,237,09A70E396DE93F54D4541BBB0EC8E2B23761F34F,A4A2FE36988069304CFF837064277FAB6348AF03,EECADDB0CBB5725D4DDFE3D7E734E8261E0E9D09,2F2710152A2344B1DE3EF619E85CB1B298643D27,2020-09-26 20:14:59.884000,2020-09-26 20:15:11.263000
vcq36w2qbofks3j7,failed,not_found,355,09A70E396DE93F54D4541BBB0EC8E2B23761F34F,E81993EA52B73285CFFD02FEC003569D21483001,86D924EDE1498B4E1DD08D2260F3E9FE454012E1,2F09BD6D9A2D5A7D6D26C17651CE8ECF0B7BA257,2020-09-26 20:15:11.263000,2020-09-26 20:15:23.768000
vcq36w2qbofks3j7,,,,,,,37A831DCC0027923A474F1277F6261EE8D9D0B46,2020-09-26 20:15:23.768000,
dd2ermfp3pvhsffb,failed,not_found,162,09A70E396DE93F54D4541BBB0EC8E2B23761F34F,E88F8E72100709E226F22DF6A50365480054ECD2,FB016E16B8CD7A0E53DEEF31ED8754E4F6B8E837,7C95058AA6E78461B8A6BD38E2A9EED3BA4D4D8A,2020-09-26 20:14:54.156000,2020-09-26 20:15:01.500000
dd2ermfp3pvhsffb,failed,not_found,281,09A70E396DE93F54D4541BBB0EC8E2B23761F34F,2AE2CA4BD2B7754F29432C25E03314D52AC4CAF1,7A2A6F39F485C4FC95FB885FFF37C436FD2BB7E5,7CD234DFEFE8F215EC9AE2BC1D2CAFC9E0D1CC00,2020-09-26 20:15:01.501000,2020-09-26 20:15:14.609000
dd2ermfp3pvhsffb,failed,not_found,364,09A70E396DE93F54D4541BBB0EC8E2B23761F34F,D87A947A2405C41208C57D32ED1D0CA2EBE93AF6,09092FF120A9FD9DC1AEAC899B5C3CFECBA6C279,6940247E04C839D268543E7F62566A91E40567E3,2020-09-26 20:15:14.609000,2020-09-26 20:15:25.159000
dd2ermfp3pvhsffb,,,,,,,7CBC1D4754EF3A62C15CB48C08029C99009E2ECF,2020-09-26 20:15:25.159000,
gpuox4afvra3b7oc,failed,not_found,195,09A70E396DE93F54D4541BBB0EC8E2B23761F34F,33D88F331408141F2A2CC563239E54E48F7A211B,F37374DB9FA6EF14CED64FD294E8D8683F032EC8,69497036653189531207746B3D0E4ECB56888F3C,2020-09-26 20:14:55.152000,2020-09-26 20:15:03.547000
gpuox4afvra3b7oc,failed,not_found,309,09A70E396DE93F54D4541BBB0EC8E2B23761F34F,F17B5CE022C164202A00B3669EFCAB72CF80B93C,8A136F5D0DACBBB6D8537DA4A806C44EF7E9037B,E4A23FEACFA0D7064C6694BE91BF94805E3CE487,2020-09-26 20:15:03.547000,2020-09-26 20:15:17.480000
gpuox4afvra3b7oc,failed,not_found,383,09A70E396DE93F54D4541BBB0EC8E2B23761F34F,1F78D47D20BA3ACF9DCE50F4533A5CEA232CF398,D5D8C31E1F845B46564B112233EECFB539060915,E4B04C7D734B2294E8ECE057303E89B91EE88462,2020-09-26 20:15:17.480000,2020-09-26 20:15:28.168000
gpuox4afvra3b7oc,,,,,,,E4A7CF32D1EC81521E234C8BF46384E75838A8D7,2020-09-26 20:15:28.168000,
kppdflquvxm775b3,failed,not_found,196,09A70E396DE93F54D4541BBB0EC8E2B23761F34F,263907E9D48FBEAE6E64B10C628AE8BDF466869B,5F9141428BF5EAE485F0E2F7912DEDED4F4D17A7,094E8D02087FD6C516294EE19257D8B78038F417,2020-09-26 20:14:55.182000,2020-09-26 20:15:03.552000
kppdflquvxm775b3,failed,not_found,293,09A70E396DE93F54D4541BBB0EC8E2B23761F34F,6B9EA8927AB6E94E216067E65372182343A5AFA2,9DA7A978928C48B4DD50E397FE2F3C4110EA3576,0935BA9178F9E3B50C99DD53F723865FC224CFA8,2020-09-26 20:15:03.553000,2020-09-26 20:15:16.943000
kppdflquvxm775b3,failed,not_found,379,09A70E396DE93F54D4541BBB0EC8E2B23761F34F,A597AC866E40CAB5A67759ADE4942192E99DE684,3655BA69BDB86299057FDE2FF1A788003BE1043D,09486CB8270415F271BC844238BE702B9DE53812,2020-09-26 20:15:16.943000,2020-09-26 20:15:28.758000
kppdflquvxm775b3,,,,,,,92429BB4B6FE1B166AE0347D03B3DC3ACF578BCC,2020-09-26 20:15:28.758000,
52keou5yjzlkdpqa,failed,not_found,184,09A70E396DE93F54D4541BBB0EC8E2B23761F34F,EE7CD2A763435C7006095BD167C790ABE5BC4DEA,C55AC4238C66CE8D00838572D563A284DBEF0228,68D2ABD936233A569E2B46D6228816149A16B4FA,2020-09-26 20:14:56.154000,2020-09-26 20:15:02.287000
52keou5yjzlkdpqa,failed,not_found,289,09A70E396DE93F54D4541BBB0EC8E2B23761F34F,D8DF9660261B158A9DF6C3D7D63DD92B0FD5B9F7,828112B80D28A92311A8C6C7CCF369B316C40744,777B2DECD67C607D8857AD60E976EE3E1E8A52BF,2020-09-26 20:15:02.288000,2020-09-26 20:15:16.613000
52keou5yjzlkdpqa,failed,not_found,365,09A70E396DE93F54D4541BBB0EC8E2B23761F34F,E95955CD7AB012DE770711878F147C784FC13D37,A2C6C931D8627C6605288970889DDB88C7BA2142,68701181F3F08C0D13E6460CFB149E010104EF03,2020-09-26 20:15:16.614000,2020-09-26 20:15:24.096000
52keou5yjzlkdpqa,,,,,,,778F349E43942C0A07678E992C9B5AFD6D2180A1,2020-09-26 20:15:24.097000,
olaa2y6exru3opgm,failed,not_found,185,09A70E396DE93F54D4541BBB0EC8E2B23761F34F,94890F37CE0CD5D020773CA7A0E397AA592E5AF3,B0335F7872A698A86E5E9AC3CF323B50AEF9C081,EA4584960E5C815A383B91BD9C03FB489FE686EF,2020-09-26 20:14:56.158000,2020-09-26 20:15:02.288000
olaa2y6exru3opgm,failed,not_found,303,09A70E396DE93F54D4541BBB0EC8E2B23761F34F,7FF1A673A5E1F7E9D2495A36C185B890DBD96553,A2C6C931D8627C6605288970889DDB88C7BA2142,EA4366BCDCA6167B8CFF70E41D8CD1EE9968E445,2020-09-26 20:15:02.288000,2020-09-26 20:15:17.743000
olaa2y6exru3opgm,failed,not_found,385,09A70E396DE93F54D4541BBB0EC8E2B23761F34F,0F6E56C326DC9719942E8BBA58C22F71332DA891,D50DF76982F0D2BFDB28A753079CDD63A192C32F,EA3616A0B9BBBDC74121D8D6F01EABDDCF6BE35D,2020-09-26 20:15:17.743000,2020-09-26 20:15:27.971000
olaa2y6exru3opgm,,,,,,,AB7E26C3AF536A87E5099335A4CBE832E2194311,2020-09-26 20:15:27.971000,
ztujgvqpyvwvmztv,failed,not_found,298,09A70E396DE93F54D4541BBB0EC8E2B23761F34F,FB691D6E3FEE35C6979EE72AF03A53DD861B4CBB,ACBBB426CE1D0641A590BF1FC1CF05416FC0FF6F,7010EF5D1F61EC9CB65658239B8DDA0439E78ACB,2020-09-26 20:14:57.154000,2020-09-26 20:15:19.197000
ztujgvqpyvwvmztv,,,,,,,6D72E970EB5218702C854BE250EC0663CC14D9BD,2020-09-26 20:15:19.198000,
xfjj4yze5ro5xmmo,failed,not_found,218,09A70E396DE93F54D4541BBB0EC8E2B23761F34F,4F1B6DDF9A8D7747BF5DD562B895A700008EC906,104DC15ACFA69CF94F89E8ED0F6CDB2D298234D2,6DFEB2BFBFA9DBEDCE2DE932F9D16EE7E0530ED1,2020-09-26 20:14:57.154000,2020-09-26 20:15:06.098000
xfjj4yze5ro5xmmo,,,,,,,525D5386F858580E93B88D21727869555DFC654C,2020-09-26 20:15:06.098000,
6haru2rq4rkidqkc,failed,not_found,225,09A70E396DE93F54D4541BBB0EC8E2B23761F34F,F01AAA640FF4EA025DB8449BD61C055273B4A328,F148A022E5E2BAD006E29C82C8D47C047A29958F,A25F6BDE6E5E45555E2FCCC4F50460A65544D61F,2020-09-26 20:14:58.158000,2020-09-26 20:15:07.307000
6haru2rq4rkidqkc,failed,not_found,339,09A70E396DE93F54D4541BBB0EC8E2B23761F34F,52A022F16D8CDBF019E132F1538A1798F167973A,B5053ABFF845C96B1DD8F45DCF32E6BE1E63F127,C43827BB94B59CE61987310F80A035C5AB9DF002,2020-09-26 20:15:07.307000,2020-09-26 20:15:22.456000
6haru2rq4rkidqkc,,,,,,,C41ADE229598201F913426E9C6B9647098AEE28D,2020-09-26 20:15:22.456000,
6scs6v23dtrntips,failed,not_found,226,09A70E396DE93F54D4541BBB0EC8E2B23761F34F,38E48C9509E18F405749859EEF299EBC1B829602,ADB98B27D7A3FB5732068FD23602A1BCB3BE9F38,0824D7C7FB117D5C6AC01581FD798E670C37C804,2020-09-26 20:14:58.165000,2020-09-26 20:15:07.306000
6scs6v23dtrntips,,,,,,,CD9549ED5A655BA47427A77835C55FF00EC1DA23,2020-09-26 20:15:07.306000,
4be5ehcjnsbhwj7p,failed,not_found,230,09A70E396DE93F54D4541BBB0EC8E2B23761F34F,D80EA21626BFAE8044E4037FE765252E157E3586,21EB2176DFD7364A8E3705ABF518E880362425FC,FD127D1014ED3D36AFE50558A88BD5E8DB34A645,2020-09-26 20:14:59.158000,2020-09-26 20:15:07.305000
4be5ehcjnsbhwj7p,failed,not_found,337,09A70E396DE93F54D4541BBB0EC8E2B23761F34F,EFF7FB34C593A9D347DDC7A53F20DAC9FB8E9AD3,38E48C9509E18F405749859EEF299EBC1B829602,8C9704A8068E46CD91287DE3C332EFE2E21C685A,2020-09-26 20:15:07.306000,2020-09-26 20:15:22.356000
4be5ehcjnsbhwj7p,,,,,,,FD2F9B881AC640100C428DF47DC9A863DC2F2536,2020-09-26 20:15:22.357000,
fbshqtd65kub7guu,failed,not_found,231,09A70E396DE93F54D4541BBB0EC8E2B23761F34F,B0A63BC3FDA67A7ADD1BE08BAA8309C4B204D29B,C7FF606D59C7F6BECA8A341D3CF11B423F382D5D,80E476984A8FAA9C5686E9CF6BA13B9846778775,2020-09-26 20:14:59.164000,2020-09-26 20:15:07.305000
fbshqtd65kub7guu,failed,not_found,336,09A70E396DE93F54D4541BBB0EC8E2B23761F34F,B56B9FE93F83B4FA69234B17A060E8A8E7446D19,41CEB66108B70108F148BF7778260A87723AACA1,9370F55D4BBF72FBDF13C41D65C8B814B4300CC8,2020-09-26 20:15:07.305000,2020-09-26 20:15:21.738000
fbshqtd65kub7guu,,,,,,,EDEA19172EC8B1463BDD19E3A18778C5756710A1,2020-09-26 20:15:21.739000,
5ezervxfylwiszss,failed,not_found,264,09A70E396DE93F54D4541BBB0EC8E2B23761F34F,A2F7674E837C4131D70A840262AFC269801F14BA,394629DFE5305F4207B4BB080782C13304B9F545,1E5E18AC41DAEDF1BE7A02612C297E35CA24949A,2020-09-26 20:15:00.160000,2020-09-26 20:15:12.695000
5ezervxfylwiszss,failed,not_found,358,09A70E396DE93F54D4541BBB0EC8E2B23761F34F,C1939D36649DE98A202429631D8EFC70128D5F5F,66BD39FE805AED414ADE400CAAD862C9CC3AC34E,88DF5D708E931C431902AAABEA981E7951E00085,2020-09-26 20:15:12.697000,2020-09-26 20:15:23.894000
5ezervxfylwiszss,,,,,,,1E5618C079D74CF9AE0C5370DE4C6E1AFD5C0B39,2020-09-26 20:15:23.894000,
ctsybzerzgfm4jlr,failed,not_found,280,09A70E396DE93F54D4541BBB0EC8E2B23761F34F,BB059A5AE3541412DDBCCF49356A6D4AB0817D3D,A597AC866E40CAB5A67759ADE4942192E99DE684,D4825DF61F9C8FC64C57CFAE943BF1D705B06ACE,2020-09-26 20:15:00.164000,2020-09-26 20:15:15.234000
ctsybzerzgfm4jlr,failed,not_found,367,09A70E396DE93F54D4541BBB0EC8E2B23761F34F,4661DE96D3F8E923994B05218F23760C8D7935A4,43C83536DACCD110FF11E049A890064F6F87BEB2,9423A72BBC8B5C6AC9DE9F57735EB2B08E4156E8,2020-09-26 20:15:15.234000,2020-09-26 20:15:26.048000
ctsybzerzgfm4jlr,,,,,,,9425164E47E7B8F2AA66944FBDC38CFAFB3E0B7C,2020-09-26 20:15:26.049000,
fnhfgb76sxzywfpu,failed,not_found,300,09A70E396DE93F54D4541BBB0EC8E2B23761F34F,7B7C7F31205D7AEB5DFFEDA08E00282A78CD76E0,B56B9FE93F83B4FA69234B17A060E8A8E7446D19,0EAD0000E01B073AE88B1B4A0E63A6B9407BA255,2020-09-26 20:15:01.155000,2020-09-26 20:15:19.312000
fnhfgb76sxzywfpu,,,,,,,0E92BF02B3C11B0DD18301A0DE1B164A0546E36F,2020-09-26 20:15:19.312000,
yuhmh7her5yxy5ym,failed,not_found,301,09A70E396DE93F54D4541BBB0EC8E2B23761F34F,70F33E3C6B39A29BC1FDBA7C39F026FE8F20A906,7FF1A673A5E1F7E9D2495A36C185B890DBD96553,2DFDEA5DD415B95594BFB12D59FE841167F94B5F,2020-09-26 20:15:01.160000,2020-09-26 20:15:19.269000
yuhmh7her5yxy5ym,,,,,,,2E2F424CD9C0FB6BB0F16390BFCB46853AE37CC1,2020-09-26 20:15:19.269000,
uxw5kwv6qguqtpvc,failed,not_found,284,09A70E396DE93F54D4541BBB0EC8E2B23761F34F,75F4BE85F5DC623BDAF65CB269CD6E4E3F14FE38,03E0F4EE272731601773F48E64240D3A8896A5E3,5127811F9CABFE48BCD5E70698F8CEDA07AA6E0B,2020-09-26 20:15:02.168000,2020-09-26 20:15:15.234000
uxw5kwv6qguqtpvc,failed,not_found,366,09A70E396DE93F54D4541BBB0EC8E2B23761F34F,B02F0126ABB2BA22371DD96BCBAFA91AD3EB4DDF,F6CD4DBF5850AC4386DD9A424918AD3C6BA2716F,5127A719E495710CEBB0A446CD69207BA6E0D6D6,2020-09-26 20:15:15.234000,2020-09-26 20:15:26.045000
uxw5kwv6qguqtpvc,,,,,,,513329E3DF7D61E571202ED886E527A744EE52F2,2020-09-26 20:15:26.046000,
r7snncppciqg43x3,failed,not_found,258,09A70E396DE93F54D4541BBB0EC8E2B23761F34F,98F788200CC64060695B07555F09A8FE47679AC8,BF735F669481EE1CCC348F0731551C933D1E2278,74A99385B6EC9603409CA84CDA3D81D24B054C0D,2020-09-26 20:15:02.174000,2020-09-26 20:15:11.262000
r7snncppciqg43x3,failed,not_found,353,09A70E396DE93F54D4541BBB0EC8E2B23761F34F,03910F285A33F365838EC66EF2C2EF754D046760,B204DE75B37064EF6A4C6BAF955C5724578D0B32,74B41DED505CFABC7A8D439362FC9B6589DE4591,2020-09-26 20:15:11.262000,2020-09-26 20:15:27.285000
r7snncppciqg43x3,,,,,,,6530C1F5E453CC08EBB1A1D4B5836C921060473B,2020-09-26 20:15:27.286000,
4of3pymabndch6wj,failed,not_found,305,09A70E396DE93F54D4541BBB0EC8E2B23761F34F,3A9443710224E5182895C342D1D36C1D460A1206,BA0071ABE4A5BEA669A8524C1CD8A6EEB9D5FC39,ED935DA72EB9882A23BEAD0C5D03635D3B6CDD4F,2020-09-26 20:15:03.158000,2020-09-26 20:15:19.312000
4of3pymabndch6wj,,,,,,,D11217B44873FD7C879E541844B4C20B9A7E5CFB,2020-09-26 20:15:19.312000,
gxg3h7xtgmzcqicn,failed,not_found,306,09A70E396DE93F54D4541BBB0EC8E2B23761F34F,5CCC3569C67B7F1BB733664D43DF4645F2A4B04D,E916F2ACBA67EC57AFAF450AA84E528308835418,F0832608B0D52E7B4418E54E655CA18A585DEDB8,2020-09-26 20:15:03.163000,2020-09-26 20:15:19.254000
gxg3h7xtgmzcqicn,,,,,,,F059C76B861B25D8F1BBDA4AD37D1B69035423EC,2020-09-26 20:15:19.255000,
wcm5tii2k4i7ukqv,failed,not_found,290,09A70E396DE93F54D4541BBB0EC8E2B23761F34F,20D2A186A412EA433D9BAD2FDBD7B48B36B20B34,3033FD18BBD658C5ECE926FB17D2269BFE337358,DEE1EAF9E53BDD4F314D201A6B34FF91284D40DC,2020-09-26 20:15:04.158000,2020-09-26 20:15:16.933000
wcm5tii2k4i7ukqv,,,,,,,DEDFC683E2C4C5EC567203CCCAF47EF7B712648C,2020-09-26 20:15:16.934000,
lt5gm7sjcoqdv22q,failed,not_found,294,09A70E396DE93F54D4541BBB0EC8E2B23761F34F,F0149CBAE8953B7157CC54BFC414DBAF859E0B33,5790B62AD6C79A1092B30993A8F0F7F23A969FD6,4055CDDFF7B3F9E6A50447609A3014753A82EB26,2020-09-26 20:15:04.163000,2020-09-26 20:15:16.036000
lt5gm7sjcoqdv22q,failed,not_found,372,09A70E396DE93F54D4541BBB0EC8E2B23761F34F,16FD7E5D67B7054EE4E7FDDF04AFB48216CA640A,E46C3F0533709EE2112874B13A4FE3868B33E75E,0443D98C0C44D3E0E6238790345DB5624DB41B28,2020-09-26 20:15:16.037000,2020-09-26 20:15:26.047000
lt5gm7sjcoqdv22q,,,,,,,4053B3A8BE12DF3F47C993700761853F0BF9B964,2020-09-26 20:15:26.047000,
uy7gfscpf5npjnan,failed,not_found,325,09A70E396DE93F54D4541BBB0EC8E2B23761F34F,982A103489DF8410585B8077B7FD813217093EB4,BA39D0333CF0F2026F58D8A493168F92A016CAA1,44FAF1249D46C79CE33A5234D8501261C40E670D,2020-09-26 20:15:05.158000,2020-09-26 20:15:20.474000
uy7gfscpf5npjnan,,,,,,,EE010EF80A27AC0B02CDC2B8B214A6201BB02D2B,2020-09-26 20:15:20.474000,
hfw6oe5lrvdhqwyu,failed,not_found,317,09A70E396DE93F54D4541BBB0EC8E2B23761F34F,61004152C709672EE739F2667B56EF5550A51332,E46C3F0533709EE2112874B13A4FE3868B33E75E,5E184FEA02B7C54172BBC757636F501047CF9691,2020-09-26 20:15:05.165000,2020-09-26 20:15:19.356000
hfw6oe5lrvdhqwyu,,,,,,,C6E184C0983C68B7E8BFC6215E7289E09E97AA0E,2020-09-26 20:15:19.357000,
2qcp6lthpzvxpmxc,failed,not_found,330,09A70E396DE93F54D4541BBB0EC8E2B23761F34F,331452F317390D3C78BCD759170699E55C5570C9,39CF2F22E5018C01FD57DEB1AB8FDFA4592633FB,EB44DEFA821E3672B955ED9B14E28C36F80C5FA8,2020-09-26 20:15:06.160000,2020-09-26 20:15:21.558000
2qcp6lthpzvxpmxc,,,,,,,A33573C935B34CD07D988E774819DF0D30359F8B,2020-09-26 20:15:21.559000,
cbkuncjxpk6ltiyb,failed,not_found,331,09A70E396DE93F54D4541BBB0EC8E2B23761F34F,845821CD8E3DE023C03483B8EB42A0F5A5582DDA,8EE28EAF0874AF9B03EBBD79B5EB5059E2547355,C699F40B3344D34D3C596791A7EBC67E41C62A0B,2020-09-26 20:15:06.166000,2020-09-26 20:15:21.268000
cbkuncjxpk6ltiyb,,,,,,,C688B3EF9AB0354EB2794174519BB9ED9E6467E7,2020-09-26 20:15:21.269000,
kp2rm3v3xkqjhmtw,failed,not_found,333,09A70E396DE93F54D4541BBB0EC8E2B23761F34F,014E24C0CD21D2B9829E841D5EC1D3C415F866BF,4A46D7A400F7F3C94685F5D3A69068CC1C25847A,5C4B505FCFCE0E340A86D0E7960B24A13ED5677C,2020-09-26 20:15:07.179000,2020-09-26 20:15:21.584000
kp2rm3v3xkqjhmtw,,,,,,,E2B9BA96723C59E65AE07E82B74C7A31AF874225,2020-09-26 20:15:21.584000,
fzdy6np2gpl7rnz5,,,,,,,F935633F907506C3327C9CEE2B7F39A54B88C375,2020-09-26 20:15:07.187000,
vxzlpa3qnoaknmwz,failed,not_found,341,09A70E396DE93F54D4541BBB0EC8E2B23761F34F,7B0D94D348D9F98C50B6674C5CB17AF35EA2605F,0677DF0B05ECDA2EF45F26C3332731043BB89AB8,234D670EAA794F092F7BD758D5D2AA7F4E3FFBE3,2020-09-26 20:15:08.178000,2020-09-26 20:15:23.006000
vxzlpa3qnoaknmwz,,,,,,,1443DAAF09F47875D922F718C8CC89A88C50B3F5,2020-09-26 20:15:23.006000,
7sbteglv2jo5syfr,failed,not_found,342,09A70E396DE93F54D4541BBB0EC8E2B23761F34F,05C621B44EF6833889AE7B7E2A0B476569C47E37,0C3D5E19E3C75B505C8ACD26F89DCA2DF970553E,538087BEAAE5169448E030A4D059E866BB4C3493,2020-09-26 20:15:08.192000,2020-09-26 20:15:22.356000
7sbteglv2jo5syfr,,,,,,,181B745BC37CA8DA49B01FAB3933747F99983656,2020-09-26 20:15:22.356000,
xmffagoxgv6ffm36,failed,not_found,344,09A70E396DE93F54D4541BBB0EC8E2B23761F34F,1CD48F4ED0F1821FFBF1940802A13EEFD4C27502,18671DE5092C67883BFB2450C3267B92618BEC66,B17D1E57061D7C4772E939DEC47D25D3EC4687A3,2020-09-26 20:15:09.163000,2020-09-26 20:15:22.369000
xmffagoxgv6ffm36,,,,,,,B1A0F1143789466AADD5FAE5948C8138548EECEC,2020-09-26 20:15:22.370000,
24pqhfo6sk6bkxlk,failed,not_found,345,09A70E396DE93F54D4541BBB0EC8E2B23761F34F,12CF6DB4DAE106206D6C6B09988E865C0509843B,31FC0066DA78D1464A2542E8D9EBF6FD6F99AE1E,37F3B91330C07A8F22F8D31545503E52627002CB,2020-09-26 20:15:09.164000,2020-09-26 20:15:22.371000
24pqhfo6sk6bkxlk,,,,,,,288D7A8EA471B5D9635B6A8AC081764E3CD39798,2020-09-26 20:15:22.371000,
zug62tib3m6kzcs5,failed,not_found,346,09A70E396DE93F54D4541BBB0EC8E2B23761F34F,44354E35E9F7F97AF27686D03B0D591686E35394,4A72492BACE7815554E45F4AB9AF05D549136D8F,8B80169BEF71450FC4069A190853523B7AEA45E1,2020-09-26 20:15:10.174000,2020-09-26 20:15:22.370000
zug62tib3m6kzcs5,,,,,,,183C8C6727E2137AF278B3850AD5D9C2304B98C9,2020-09-26 20:15:22.370000,
ibthfavblmlt7qif,failed,not_found,349,09A70E396DE93F54D4541BBB0EC8E2B23761F34F,61004152C709672EE739F2667B56EF5550A51332,7C5679FAB46743F07CAB07D87AD7326F9AF40FB6,7EAF9E55B9B40532AF2DB5B70392F30E5AA1C596,2020-09-26 20:15:10.183000,2020-09-26 20:15:24.544000
ibthfavblmlt7qif,,,,,,,F21760E63FE2BB45629BB14FCDB0FD677485DAF8,2020-09-26 20:15:24.544000,
uwdlejp7vy3hwynz,failed,not_found,350,09A70E396DE93F54D4541BBB0EC8E2B23761F34F,07B8FC5B66719C355FABF84B4F5E0131E127DF01,8056080EE822B5CA1A8FFF52B7242A82C5E42FBB,0C8433B6B92E2F1C744F3CFBE49ADA7CBEFEEBFA,2020-09-26 20:15:11.162000,2020-09-26 20:15:23.893000
uwdlejp7vy3hwynz,,,,,,,01384A5D9C6D34352701BF86D04E5F406CB256AE,2020-09-26 20:15:23.894000,
jotbap2347dwtax3,failed,not_found,351,09A70E396DE93F54D4541BBB0EC8E2B23761F34F,104DC15ACFA69CF94F89E8ED0F6CDB2D298234D2,D777D31F95081D0F7223AAD5F8A74977D524145D,D65DB84BF1EB4DD225B9A1CD9CEFD87B595A30F5,2020-09-26 20:15:11.170000,2020-09-26 20:15:23.725000
jotbap2347dwtax3,,,,,,,CCAA620D5CAB34CE95FE3C863D9E6520C07451D8,2020-09-26 20:15:23.725000,
tnuwuc7kzitvvxtp,failed,not_found,356,09A70E396DE93F54D4541BBB0EC8E2B23761F34F,8FA37B93397015B2BC5A525C908485260BE9F422,53412DCC555335B400DB72750ED0BE08D034D779,6A8B54FB9F79E33A307AD0319B62916504A28049,2020-09-26 20:15:12.183000,2020-09-26 20:15:27.286000
tnuwuc7kzitvvxtp,,,,,,,A810FF1E5C7983D43B3517506479274B5DA5AC73,2020-09-26 20:15:27.286000,
mstdjocqruomgrff,failed,not_found,357,09A70E396DE93F54D4541BBB0EC8E2B23761F34F,D228AE265C966CA4E9A8C4B746A30A9737060A32,AF42BD51EEBA9329E110AA8D206FED316E1DA671,6B185DEEB249E4BA6182ECA077530C45E98A6C5F,2020-09-26 20:15:12.183000,2020-09-26 20:15:24.300000
mstdjocqruomgrff,,,,,,,99B2CBF6EFD80ACD303E8089656668EF236015CD,2020-09-26 20:15:24.300000,
x3p35hpuyizd6625,failed,not_found,347,09A70E396DE93F54D4541BBB0EC8E2B23761F34F,5E2134CE8D3A3B7AA5E597B8EFE3E659B03C02B3,1852D84B0341845F2BDC2CCBC673E9D42307A111,45E2D7BE8D42A13A627BE13A66503F848861C5DE,2020-09-26 20:15:13.162000,2020-09-26 20:15:22.371000
x3p35hpuyizd6625,,,,,,,45E9240AD4ECE01793A1977C1260503B2C2C861F,2020-09-26 20:15:22.371000,
tp5qtlc563eauoog,failed,not_found,361,09A70E396DE93F54D4541BBB0EC8E2B23761F34F,651A05E6651DDA283B85223303A01066B1FFAEF8,7B0D94D348D9F98C50B6674C5CB17AF35EA2605F,475C893CCA9661B407865B6DBB30C021AE45F1DA,2020-09-26 20:15:13.173000,2020-09-26 20:15:26.046000
tp5qtlc563eauoog,,,,,,,474648D2DFC1C060A5CA74C8A5976807B7FB5FE0,2020-09-26 20:15:26.047000,
44tn2pjt4sqeg6yc,failed,not_found,362,09A70E396DE93F54D4541BBB0EC8E2B23761F34F,A024E420DD146541D5D7F6CFEB554C3A64F985EE,E130296683B896A117CE5DA531A5645644178734,27D668BFB3839D8C6E36193FFC3DF4DD6D79B513,2020-09-26 20:15:14.163000,2020-09-26 20:15:24.975000
44tn2pjt4sqeg6yc,,,,,,,036A7CD36D6F7A97C7B4AF896D9F11AB719F0DF7,2020-09-26 20:15:24.975000,
djth3oaj73yuvriv,failed,not_found,363,09A70E396DE93F54D4541BBB0EC8E2B23761F34F,8D41994D1D18E94403C3F67D0699E4C9D2248D4A,EFD8DF124A74D2961FBF752BF31EC3A5D411C349,DAE94877199B925D5F79C2B00D7B834D16993AF9,2020-09-26 20:15:14.173000,2020-09-26 20:15:24.975000
djth3oaj73yuvriv,,,,,,,DB16F1A69EDEFED20A2B341CC8E59241F62A399E,2020-09-26 20:15:24.975000,
nlqvklammmg6znyl,failed,not_found,348,09A70E396DE93F54D4541BBB0EC8E2B23761F34F,CE68E04E721157C4FEB99FFAA9037F3B0B7E1CCD,25990FC54D7268C914170A118EE4EE75025451DA,9973E1E9730A58FDBA9E112D2B3342D2C0D921B5,2020-09-26 20:15:15.169000,2020-09-26 20:15:23.095000
nlqvklammmg6znyl,,,,,,,181B745BC37CA8DA49B01FAB3933747F99983656,2020-09-26 20:15:23.096000,
4ngzik2tq2uc2djh,failed,not_found,340,09A70E396DE93F54D4541BBB0EC8E2B23761F34F,901B90EC8B96C6451854C325229E8B37EB5819BB,A2C6C931D8627C6605288970889DDB88C7BA2142,E5A3CA10182C35F691BCF678F193D10F4B0F972F,2020-09-26 20:15:15.222000,2020-09-26 20:15:23.006000
4ngzik2tq2uc2djh,,,,,,,4AD9C116A1942D58A714433CA24F087F18036A7E,2020-09-26 20:15:23.007000,
4ocaqxsnmvmdm63t,failed,not_found,374,09A70E396DE93F54D4541BBB0EC8E2B23761F34F,58F3E2956EABB81F673E2FB90E16E001DB4AC3AE,221546DAE86B003139B13BD6F6AE1B4B42B59DF8,3F65766ADE067D9D08920E3B74DAB9040EDD26B2,2020-09-26 20:15:16.165000,2020-09-26 20:15:26.775000
4ocaqxsnmvmdm63t,,,,,,,A2DD0EF31813E9B7F6DB435504A406E1AD2B76AB,2020-09-26 20:15:26.776000,
rjbabaptfdendbbv,failed,not_found,375,09A70E396DE93F54D4541BBB0EC8E2B23761F34F,0512FE6BE9CCA0ED133152E64010B2FBA141EB10,3D5D6178C44537E3692853B344385F6572A55767,B340E3BA587E36462D8DE44DAE0F7CAB6748F064,2020-09-26 20:15:16.177000,2020-09-26 20:15:26.569000
rjbabaptfdendbbv,,,,,,,55A92BE2A76C64A5A0DB0D4F61D5DCA37B55EE52,2020-09-26 20:15:26.570000,
aaewovxhgessn43e,failed,not_found,380,09A70E396DE93F54D4541BBB0EC8E2B23761F34F,D139F8FECDD1184B180A19AF98E4421586E6CF6C,FE296180018833AF03A8EACD5894A614623D3F76,2490CB542EB59E2A028C229DE1986BDB3F94D0B2,2020-09-26 20:15:17.185000,2020-09-26 20:15:28.145000
aaewovxhgessn43e,,,,,,,24AF1603CDF4D118E1F7AEBF680C18BDA5E8F793,2020-09-26 20:15:28.146000,
d26e22cskxcsnu6y,,,,,,,318CAD1A00B33D2F65958210B09B8937836E99AF,2020-09-26 20:15:17.195000,
ml3xs5rfmqn6qnxq,,,,,,,260B86A04CBEDE605F183624C2FCA3CE81FD24A1,2020-09-26 20:15:18.167000,
a7ztyko4qusvkkhr,,,,,,,316DE45EFFB53671C9FD53CE0992952846709A29,2020-09-26 20:15:18.176000,
cbgf45gnmbu6mrdl,,,,,,,9F7D6E6420183C2B76D3CE99624EBC98A21A967E,2020-09-26 20:15:19.164000,
yhpffi2jf2exrcjs,,,,,,,7DD29A65C370B86B5BE706EA3B1417745714C8AF,2020-09-26 20:15:19.175000,
gqt2c7nmswy23duq,failed,not_found,390,09A70E396DE93F54D4541BBB0EC8E2B23761F34F,22BCD0DFD148209C9860C7F89907AB4DEE974A08,B411027C926A9BFFCF7DA91E3CAF1856A321EFFD,60685893A57D66562A0754BEE3B6A6E68082C8BE,2020-09-26 20:15:20.171000,2020-09-26 20:15:28.837000
gqt2c7nmswy23duq,,,,,,,98FB767DAD3438B187F5BC8968EC8BB57896032A,2020-09-26 20:15:28.838000,
q224v3grisaltoeh,,,,,,,D30E9D4D639068611D6D96861C95C2099140B805,2020-09-26 20:15:20.183000,
gdq5z6nsxffc34tw,,,,,,,F55E866AD4CB00B671B8A315AD3A9289B6E8C02C,2020-09-26 20:15:21.288000,
fjj56mxs4jov7v2w,,,,,,,F21760E63FE2BB45629BB14FCDB0FD677485DAF8,2020-09-26 20:15:21.289000,
6cx2nrcq7wvbmjlo,,,,,,,AF77AA5BD924319510F99B30CD0932D32B01B5C5,2020-09-26 20:15:22.191000,
mylmialekb5l6kyv,,,,,,,4D70F05DD308A2EA5B671E440879BFADAC92860F,2020-09-26 20:15:22.202000,
fqhgqejkgh2n7ggt,,,,,,,FC33CA0B739EB8290180C7D22A536726B8EE90E4,2020-09-26 20:15:23.170000,
i2tty3u5cb6j4vt6,,,,,,,D5A2B3AE1E8047017A0BBC7209FD624DB84D47CE,2020-09-26 20:15:23.184000,
amrwhm2gj23pm22a,,,,,,,3BAACE149DB31574B327BF835B594B707D12CD58,2020-09-26 20:15:24.170000,
qsmreocedp45zfsw,,,,,,,49CA9262801E9DC9B414A143A58A68255149367A,2020-09-26 20:15:24.183000,
dtz7lui7n33u22de,,,,,,,31A97198C6E2BEBF57EB8FC7DC55A208AD35038E,2020-09-26 20:15:25.175000,
wlvryyngrfpf3g6f,,,,,,,4D02D27C88E1BEE726D3C44C7BD7843C0E92ADB2,2020-09-26 20:15:25.189000,
u6llaqwz52bk7ble,,,,,,,D907BCD0B9510C462EEB0688FD5421CD2E172B77,2020-09-26 20:15:26.182000,
rexyaieul4ueceh4,,,,,,,A604086EAE838774F809811925A223DCFDBB1D17,2020-09-26 20:15:26.207000,
jfxlxoo6un23khgw,,,,,,,B6320E44A230302C7BF9319E67597A9B87882241,2020-09-26 20:15:27.208000,
cdvklisax37hwsd2,,,,,,,7133DFC5BDF3E311A03C6F93F12EF51A6BCD6B1B,2020-09-26 20:15:27.224000,
x5mpmt7a6e7jdmae,,,,,,,4932D9330B60AD77BF08A322CF913D4736E221E3,2020-09-26 20:15:28.194000,
pwb37r67xqxcshno,,,,,,,1A61BF490CA2F3BE6E1F90D57E688E75B90F0E7B,2020-09-26 20:15:28.209000,
exzup55c5h4zofln,,,,,,,B6D4916A98D99027DA25D42D70D686F0B3663F35,2020-09-26 20:15:29.173000,
j2kw6p7z7czetebi,,,,,,,9F688C46E0046AD2C026C18D9343252279E42535,2020-09-26 20:15:29.189000,
