addr,status,reason,circ,guard_fp,middle_fp,exit_fp,hsdir_fp,start,end
7qgmt6gg64i3tsh3,failed,not_found,,,,,080BBF9B14454976FDEAD1AD620A04388F5A21F8,2020-08-28 08:50:37.396000,2020-08-28 08:50:38.565000
7qgmt6gg64i3tsh3,failed,not_found,117,163303F0583A1917326214379BD1AB2D286046EA,8C5B316ED73018484765C3E0944E4508DCAE0944,63540827C4832D214984EA47B7A68C593F9F862F,08030D75D691B04FEFCBADCD9B512DCC8DD7FC0F,2020-08-28 08:50:38.566000,2020-08-28 08:50:46.284000
7qgmt6gg64i3tsh3,failed,not_found,148,163303F0583A1917326214379BD1AB2D286046EA,A4E120350425BAD920307FFA74440F95D0172302,CC605FEC74F20D49995D8FAAFF7365954233B85D,07F9F13BCB3E1F6117FB211905127AF41E72E087,2020-08-28 08:50:46.284000,2020-08-28 08:50:47.561000
7qgmt6gg64i3tsh3,failed,not_found,208,163303F0583A1917326214379BD1AB2D286046EA,070229A4CC2CFFB24EB667298A7DB5E8D11EB701,891FB8477529A6B2894B7A3129402E0FD5DD281F,D1AD15805646EAE6938F1842619F8EF0029089FC,2020-08-28 08:50:47.562000,2020-08-28 08:50:48.789000
7qgmt6gg64i3tsh3,failed,not_found,280,163303F0583A1917326214379BD1AB2D286046EA,71539D1911ECB826069A4D156771AC4F9F4632A7,6940247E04C839D268543E7F62566A91E40567E3,D17446B2498844368284A0C30DFAC515DDEBAB8C,2020-08-28 08:50:48.789000,2020-08-28 08:50:49.849000
7qgmt6gg64i3tsh3,failed,not_found,347,163303F0583A1917326214379BD1AB2D286046EA,5DB9AE27A44EB7B476CC04A66C67A71C97A001E6,66BD39FE805AED414ADE400CAAD862C9CC3AC34E,D195E5CE8AE77BAC91673E6CFB7BD0AF57281646,2020-08-28 08:50:49.850000,2020-08-28 08:50:51.221000
gffrgo55koytuz3v,failed,not_found,,,,,A751D8BEE222564B7BA657F74B6658836FF1AEEA,2020-08-28 08:50:37.398000,2020-08-28 08:50:38.114000
gffrgo55koytuz3v,failed,not_found,10,163303F0583A1917326214379BD1AB2D286046EA,0F89912E6A4C4A8ACE43C58FF8B83CA299BFF74F,7355A4A20BA4C083C921464302108C121BAC7EF2,A75453E8E5D10D04CBDCC267CF637376F5D6A0FB,2020-08-28 08:50:38.115000,2020-08-28 08:50:38.914000
gffrgo55koytuz3v,failed,not_found,19,163303F0583A1917326214379BD1AB2D286046EA,B9FC8DFA8939C129BE76CD65EBBACA7DDAEF84F5,5D995EC983ED3DF9DAABD32B9BF1540AFF42A457,A78E86015376B3F2507E2E6602FDFD278F2871B3,2020-08-28 08:50:38.915000,2020-08-28 08:50:39.837000
gffrgo55koytuz3v,failed,not_found,30,163303F0583A1917326214379BD1AB2D286046EA,7185B69E3267E71D0E4CBE30209677205DEA5E67,42D47C736518BFA495CA31AEE40AE468F0BDA2A6,41D31660F14CF5BBFD1CBAEE30E896E965ADE5CE,2020-08-28 08:50:39.838000,2020-08-28 08:50:41.512000
gffrgo55koytuz3v,failed,not_found,54,163303F0583A1917326214379BD1AB2D286046EA,437296E9A530803DF10C74FB353794077D1C75CB,890530C5B510A506F5CF206EFEC1595F96E727A5,41E041EC676622FFEE59F56BC75B99CD0D47F653,2020-08-28 08:50:41.513000,2020-08-28 08:50:42.655000
gffrgo55koytuz3v,failed,not_found,70,163303F0583A1917326214379BD1AB2D286046EA,19DEA2B8BBD3613C50CA24C96C4DE0C3ADAF4A3E,43016344D7E4CB2E73F289D57EFF9D64ACAA827B,41D2F6D866E7638138CF9F282A280F96BD020D25,2020-08-28 08:50:42.655000,2020-08-28 08:50:44.067000
lmzitozweraslyem,failed,not_found,,,,,6EEF8446BF9D43DA7F7D8505BDFC49BBE64BF822,2020-08-28 08:50:37.399000,2020-08-28 08:50:38.201000
lmzitozweraslyem,failed,not_found,11,163303F0583A1917326214379BD1AB2D286046EA,E1D17BDC053225FB0AF1FD07A3DBDACD7412D6CD,746B3C4BADCCA09003DD091AF028560A61E0A48E,6EE789A0892DDB8928D41F439F639E49405F5BB5,2020-08-28 08:50:38.201000,2020-08-28 08:50:40.291000
lmzitozweraslyem,failed,not_found,36,163303F0583A1917326214379BD1AB2D286046EA,708A968F3644F8A547156368FEA3DB664110E631,96211F57FA0A399EC48D1972BA3F8EE6E4D6978C,6EE7AEAFC24542BF4DB6E724E0B49D85DF9516FA,2020-08-28 08:50:40.292000,2020-08-28 08:50:42.176000
lmzitozweraslyem,failed,not_found,59,163303F0583A1917326214379BD1AB2D286046EA,3A8557B067FBE53F168BBEAA7D14D1298AE52A52,FE9F74A59997101780C4A6B1D040A26D9AAEC84B,66905A83A4858A4DD075AEA0514377A9F59E110D,2020-08-28 08:50:42.177000,2020-08-28 08:50:43.088000
lmzitozweraslyem,failed,not_found,77,163303F0583A1917326214379BD1AB2D286046EA,EF67815E9E41112175BCC36BA5FC7F973EF3B9BF,CD39C258265B25EAA4ABA4FDCB2DF98104CAA362,661E08534FABDBE09BA505F7A73848371C6EF732,2020-08-28 08:50:43.089000,2020-08-28 08:50:44.729000
lmzitozweraslyem,failed,not_found,115,163303F0583A1917326214379BD1AB2D286046EA,C7106F0C6A7CF0F592CBAFF7C79BD81153B1B5F5,1E1A7C9134637383BE653C41973995A229D81595,66983A6D2B17AF134C28FC1A950A22AC88546593,2020-08-28 08:50:44.730000,2020-08-28 08:50:45.952000
4pmcuwor6wpyhe7c,failed,not_found,8,163303F0583A1917326214379BD1AB2D286046EA,92429BB4B6FE1B166AE0347D03B3DC3ACF578BCC,846B3EAAF0C07FF72FC79AEBB11FA3ADC58F240F,049C1168996B33B2240DF6D83C35B85452CF70A6,2020-08-28 08:50:37.408000,2020-08-28 08:50:38.460000
4pmcuwor6wpyhe7c,failed,not_found,17,163303F0583A1917326214379BD1AB2D286046EA,5B1F0DAF378A1FAFCFD5FA9CDC66D1023DC0276E,52C9587FA613C01138135DA3DF3E5D725752462E,0485027A0A349D454D978F6C1CECDD29EA17769A,2020-08-28 08:50:38.460000,2020-08-28 08:50:40.121000
4pmcuwor6wpyhe7c,failed,not_found,31,163303F0583A1917326214379BD1AB2D286046EA,F9674F45A25CAA977E7B872807E0A070C121F5FA,994FB6A842C0CEE1F1C4CBA9A7604C5FF6014CFC,A64BD6DA33D870F3807C5775DEA23F6EE32289B3,2020-08-28 08:50:40.122000,2020-08-28 08:50:41.008000
4pmcuwor6wpyhe7c,failed,not_found,44,163303F0583A1917326214379BD1AB2D286046EA,CDAF0B74C45FD5B1955198A8D92C8A518A53D07B,84F0FEBFDFA8FBC6A2EA27F87EBB31F050AFD04D,046F2D59A85FAE693676A87533717C57436261C2,2020-08-28 08:50:41.008000,2020-08-28 08:50:41.941000
4pmcuwor6wpyhe7c,failed,not_found,47,163303F0583A1917326214379BD1AB2D286046EA,63C81BCA835570069A7FCD48312DEA707F6CBAA2,42B4F52C5B11E4D39855F654955425B0D5A0598B,A65E1523F313405BB60E4AA136A69EFA504C4F60,2020-08-28 08:50:41.942000,2020-08-28 08:50:42.370000
4pmcuwor6wpyhe7c,failed,not_found,62,163303F0583A1917326214379BD1AB2D286046EA,79D9E66BB2FDBF25E846B635D8248FE1194CFD26,CE863C22AD5ABBEAF606AE35A22781C409D895E5,A61B56A50D13DC29DBB23C6A033FA3F0C57420CF,2020-08-28 08:50:42.371000,2020-08-28 08:50:43.485000
cflarexljc3rw355ysrkrzwapozws6nre6xsy3n4yrj7taye3uiby3ad,received,,9,163303F0583A1917326214379BD1AB2D286046EA,A2F7674E837C4131D70A840262AFC269801F14BA,8B889E04C60E30D511013189D3C2ADCE522E1F3C,2C6E2587287437FA10BFB145CD2691FD605C8709,2020-08-28 08:50:37.659000,2020-08-28 08:50:39.062000
frr2rcsm5tebyb6r,failed,not_found,13,163303F0583A1917326214379BD1AB2D286046EA,4CD4DFFEF3971C902A22100D911CAC639BE2EF5C,D29B31FDB5EDD2D1B94CD31C2F13B5CF411B1268,B8F9174489CBCF8B4ABCA7A538677954148C281D,2020-08-28 08:50:38.402000,2020-08-28 08:50:39.564000
frr2rcsm5tebyb6r,failed,not_found,29,163303F0583A1917326214379BD1AB2D286046EA,3FE39429CB7077BBB13D2774591A1B80EE493742,49791A9C1CD16463868F407C3968A3DCF1E9DC49,C0E7334A181184ABD07698D04ADC19E15E3EE184,2020-08-28 08:50:39.565000,2020-08-28 08:50:40.258000
frr2rcsm5tebyb6r,failed,not_found,121,163303F0583A1917326214379BD1AB2D286046EA,3EDD00245D93664A33A724BA377150E5531ED033,9B047A91AC809AA020A1F42E3E785DBCEBF3652F,C0DAAAE5EE461BBE13945FE4B52F32ABDC6BC376,2020-08-28 08:50:40.259000,2020-08-28 08:50:46.312000
frr2rcsm5tebyb6r,failed,not_found,377,163303F0583A1917326214379BD1AB2D286046EA,AE95BDA37A5BB4685FEBB7F06649D6CE949B5316,D6670FB54B21818CE7C13524AA003258B8E35D38,B8F6E68B36BEE2BF548750BDCCC3C2A7DB56A623,2020-08-28 08:50:46.312000,2020-08-28 08:50:51.452000
frr2rcsm5tebyb6r,failed,not_found,494,163303F0583A1917326214379BD1AB2D286046EA,1944F3A473CB77B12BDB4E3D15963A24DF58E4E7,39379E4177FFFB0ED90C2013D97668BD284A1798,B8F7B162963287D2199D075BBAB2C4FB941BB390,2020-08-28 08:50:51.452000,2020-08-28 08:50:52.796000
frr2rcsm5tebyb6r,failed,not_found,629,163303F0583A1917326214379BD1AB2D286046EA,BF7BFCB3096FC81FBD0B7ADA66164431EC7FD117,BE9B12FAAB7429842D643E2308390ECD8961E0A1,C0E6A667064385B9CB5A685CEB06B85EDDA6AA00,2020-08-28 08:50:52.797000,2020-08-28 08:50:54.565000
3an5pfys6m3t2ixc,failed,not_found,14,163303F0583A1917326214379BD1AB2D286046EA,EEDF0AF1F892C82F056063827B47283CC9AEAA41,C78D4AB34C920D156160C811C39B1BB92A6BED7D,0BCCF364C4EE7338B6E920E63E951922C85F91F7,2020-08-28 08:50:38.413000,2020-08-28 08:50:39.470000
3an5pfys6m3t2ixc,failed,not_found,28,163303F0583A1917326214379BD1AB2D286046EA,81E18725397D620DA548ABBE24D9CD263DEF2FDC,6DA7DEB037BB163991B3DBA74B1AEC48BB497C7A,E5D7D35357E9C55B47E2ADDE73199153888BD4CB,2020-08-28 08:50:39.471000,2020-08-28 08:50:40.480000
3an5pfys6m3t2ixc,failed,not_found,41,163303F0583A1917326214379BD1AB2D286046EA,4B483F57D9660EBF33FA3CCA670FFD1BBB0F315A,69C4C2CFCF6B418636976B5FFC0140A3BE211312,E5CC91BAFE7CCD68003E873D32E38027638D49D7,2020-08-28 08:50:40.481000,2020-08-28 08:50:41.365000
3an5pfys6m3t2ixc,failed,not_found,49,163303F0583A1917326214379BD1AB2D286046EA,4DD11C3F11F5E2891D57EF9F7DF43BEE1B514FCE,E11FC7C83F417808A4CDD84A5ABFC112844C477A,0BADD9510440C9BF3A728F2CB630836FF98142B2,2020-08-28 08:50:41.366000,2020-08-28 08:50:43.557000
3an5pfys6m3t2ixc,failed,not_found,89,163303F0583A1917326214379BD1AB2D286046EA,356B94BAD3096790E409790898144A4030AC225C,F5F4019509109A07E90C45A022CEED9ECA1643C8,0BC8BA32CC3CB0F598E0C92778F7C0946DFBCE91,2020-08-28 08:50:43.558000,2020-08-28 08:50:44.658000
3an5pfys6m3t2ixc,failed,not_found,242,163303F0583A1917326214379BD1AB2D286046EA,4F0E5D4E184C40E2B9A89664005B308A1DEE3756,9E6BA60AFBF9A4946A52770ABCDFC95703DAD6CB,E5CC82DF823F15F9EEF99F22BFB1F3CC5F5076EF,2020-08-28 08:50:44.658000,2020-08-28 08:50:49.033000
qkn4qzevqxqtt7li,failed,not_found,15,163303F0583A1917326214379BD1AB2D286046EA,3E53D3979DB07EFD736661C934A1DED14127B684,E11FC7C83F417808A4CDD84A5ABFC112844C477A,869E888715455ECCEDA1ECFEA8080C1DC39B17A3,2020-08-28 08:50:38.457000,2020-08-28 08:50:39.149000
qkn4qzevqxqtt7li,failed,not_found,12,163303F0583A1917326214379BD1AB2D286046EA,DF81D831D4FF686F52C9ACAA9EB5711F95BF4DD4,9B2BC7EFD661072AFADC533BE8DCF1C19D8C2DCC,8699371415DC052A60BCA3AAD68E55D9B759CAE0,2020-08-28 08:50:39.149000,2020-08-28 08:50:40.163000
qkn4qzevqxqtt7li,failed,not_found,32,163303F0583A1917326214379BD1AB2D286046EA,75A931404453030821C547A4FAA9094A06C48C7A,1C0736CF3744A3B87C2D2269B8BD3388C7E60552,86999BBDE577083BCA6FE4EE2229BC3B1D58BD07,2020-08-28 08:50:40.164000,2020-08-28 08:50:41.045000
qkn4qzevqxqtt7li,failed,not_found,45,163303F0583A1917326214379BD1AB2D286046EA,6BA54D7805A44F63A75D70AFEC8D2DF6BA7BCAE0,DC40A59D4D744F2C3C7A655EC6BF3A59AFA1C66C,35DA04A92634AF2392CBA6AF158E00B5589A1CFA,2020-08-28 08:50:41.046000,2020-08-28 08:50:42.836000
qkn4qzevqxqtt7li,failed,not_found,74,163303F0583A1917326214379BD1AB2D286046EA,38F74AD4503689A3FD5DCADC11783F8D8255F839,66F8C32B94D73B51A5D2FA079C6A09047C9ABA71,35BC414B0606C0B5F20678A0CB02D08E760CB66A,2020-08-28 08:50:42.836000,2020-08-28 08:50:44.362000
qkn4qzevqxqtt7li,failed,not_found,103,163303F0583A1917326214379BD1AB2D286046EA,85A3AC041E3FCD796AF5D653953D5E27A56E3719,EA79FFE95F5779A34E9FB14CE934A76B22FE6ACE,35C23F6F5F7236061086AF1BDA9E4131314504FE,2020-08-28 08:50:44.363000,2020-08-28 08:50:45.352000
f6lefx7ee35bwgpo,failed,not_found,16,163303F0583A1917326214379BD1AB2D286046EA,5EDD6628D5E13ED020A1EA03C1944DD6769B4974,FB016E16B8CD7A0E53DEEF31ED8754E4F6B8E837,609E598FB6A00BCF7872906B602B705B64541C50,2020-08-28 08:50:38.458000,2020-08-28 08:50:39.805000
f6lefx7ee35bwgpo,failed,not_found,22,163303F0583A1917326214379BD1AB2D286046EA,66BD39FE805AED414ADE400CAAD862C9CC3AC34E,2CE96A8A1DA032664C90F574AFFBECE18A6E8DFC,9B47A5B7C108F22D1AFF544E70D22ED8997B96A3,2020-08-28 08:50:39.806000,2020-08-28 08:50:40.281000
f6lefx7ee35bwgpo,failed,not_found,35,163303F0583A1917326214379BD1AB2D286046EA,C81B6B1A13CC474700D0F3FCAE9533E2BAFAC3DD,9F5068310818ED7C70B0BC4087AB55CB12CB4377,60685893A57D66562A0754BEE3B6A6E68082C8BE,2020-08-28 08:50:40.282000,2020-08-28 08:50:41.149000
f6lefx7ee35bwgpo,failed,not_found,46,163303F0583A1917326214379BD1AB2D286046EA,CF6A6080091BB210AA3892FEFE2F6A396DA08DF3,CD39C258265B25EAA4ABA4FDCB2DF98104CAA362,60769652C04712912E6E21CED1F08DC797789A75,2020-08-28 08:50:41.150000,2020-08-28 08:50:42.022000
f6lefx7ee35bwgpo,failed,not_found,58,163303F0583A1917326214379BD1AB2D286046EA,DF7AA16E1A6037C5FCBB4DED4F3A6CD262CA3799,CE6813FEA256EE63BCD2A178E453202BFAA64FA7,9B46F7BDA3950CB0227487E1282476425E876BC4,2020-08-28 08:50:42.023000,2020-08-28 08:50:42.943000
f6lefx7ee35bwgpo,failed,not_found,75,163303F0583A1917326214379BD1AB2D286046EA,A7B204645DAC7AFDB5046EF0013C5BDC2CF09456,EBE718E1A49EE229071702964F8DB1F318075FF8,9B5ED3370E002AEBB2A9B25E3213C1817CCD2D88,2020-08-28 08:50:42.944000,2020-08-28 08:50:44.086000
u3qj22rjfvdpmxqh,failed,not_found,23,163303F0583A1917326214379BD1AB2D286046EA,8EF748FCCF1A9E2B9651DC6ABD921F8EEB24FA73,412BAA4DE44DA7D14583DE63CEB3DF89835E6AC8,443114A8673927436BC3F8FCFE6E08B16B1D5F86,2020-08-28 08:50:39.404000,2020-08-28 08:50:40.877000
u3qj22rjfvdpmxqh,failed,not_found,43,163303F0583A1917326214379BD1AB2D286046EA,5790B62AD6C79A1092B30993A8F0F7F23A969FD6,5DB9AE27A44EB7B476CC04A66C67A71C97A001E6,4415B0667DE7347C16133DED0477ED82A90FA4EE,2020-08-28 08:50:40.878000,2020-08-28 08:50:42.214000
u3qj22rjfvdpmxqh,failed,not_found,60,163303F0583A1917326214379BD1AB2D286046EA,D598E2865164AF6D9958FC9A37D825C283A80C3B,0C3D5E19E3C75B505C8ACD26F89DCA2DF970553E,5D2A8CAA119D0528722C2438350FAB0C8DE01AB7,2020-08-28 08:50:42.214000,2020-08-28 08:50:43.859000
u3qj22rjfvdpmxqh,failed,not_found,564,163303F0583A1917326214379BD1AB2D286046EA,3BAACE149DB31574B327BF835B594B707D12CD58,7158836DCC91AAA4FAA293FFF0F645DCD0D4EFF9,5D5498F76347A2451839667C0913BDDFF302C8F2,2020-08-28 08:50:43.860000,2020-08-28 08:50:54.205000
u3qj22rjfvdpmxqh,failed,not_found,799,163303F0583A1917326214379BD1AB2D286046EA,00B57BF614F7ED3051073B5D4526FF0B23AF217B,070229A4CC2CFFB24EB667298A7DB5E8D11EB701,5D544F4055C6FD2F2F692D519CFA7A627D8D3903,2020-08-28 08:50:54.206000,2020-08-28 08:50:56.045000
u3qj22rjfvdpmxqh,failed,not_found,1463,163303F0583A1917326214379BD1AB2D286046EA,F8DE8132E599A194E20DDB738AF64A7200CD5949,6A35EE13D4354FF0A03374C063B10290614BB6A9,43ED7792315172F4E0B8E6EF7387C81F3469CFEC,2020-08-28 08:50:56.046000,2020-08-28 08:51:00.821000
2boij35er74nkrqm,failed,not_found,24,163303F0583A1917326214379BD1AB2D286046EA,99339F3E68BCCC1391BF14C821D80766FE0C5956,F5F4019509109A07E90C45A022CEED9ECA1643C8,92BBADCB0697F5EB1792C607EE2DC1C291A98ADC,2020-08-28 08:50:39.416000,2020-08-28 08:50:40.509000
2boij35er74nkrqm,failed,not_found,42,163303F0583A1917326214379BD1AB2D286046EA,CC14D57359855290BD8036A8F77346DCB85F5851,44BD70C13DAA7513D6F47773804178B009F21ED5,92E7BD70682F392900E4E2CDAE8B48635E9C9BE0,2020-08-28 08:50:40.510000,2020-08-28 08:50:42.737000
2boij35er74nkrqm,failed,not_found,71,163303F0583A1917326214379BD1AB2D286046EA,2F09BD6D9A2D5A7D6D26C17651CE8ECF0B7BA257,7D8EBB86CF2EB560F938BEF018E1D8FD6B36B327,E8C80BE6CA6E90CFFA941027668539EBDCE4EF1A,2020-08-28 08:50:42.738000,2020-08-28 08:50:43.658000
2boij35er74nkrqm,failed,not_found,184,163303F0583A1917326214379BD1AB2D286046EA,A3EE484BAE2E24B6D0252CCE132B0A76D9D61D35,54DE63F4587058B79152A75A0238D7F7A0279215,92E807AC5E23CCD9FE623EA4DC020B1627A0D09B,2020-08-28 08:50:43.659000,2020-08-28 08:50:49.101000
2boij35er74nkrqm,failed,not_found,299,163303F0583A1917326214379BD1AB2D286046EA,DD3F8B9643B1EA35353FC7331C92F99668A7F30C,F0A3054C76604DC75D3F57F55C27F1BFB643F107,E8BAE7393740A700D50B010DED9D9EC9A66B390D,2020-08-28 08:50:49.101000,2020-08-28 08:50:50.731000
2boij35er74nkrqm,failed,not_found,419,163303F0583A1917326214379BD1AB2D286046EA,AC2275831607A95CD8B939C3B8DC466CCF48E2B9,8FF24DC61EA335CAFDD5699A937AD96D594E5904,E8AD8C4FDC3FE152150C005BB2EAA6A0990B74DF,2020-08-28 08:50:50.732000,2020-08-28 08:50:52.217000
nto7hqkyhqpbrm5c,failed,not_found,25,163303F0583A1917326214379BD1AB2D286046EA,06432D1B5A7C132071626D186D7F1A429C5BBED9,F7B024DB02C601185C202E26DFFD2AD525C16A36,BCA35F70CB0E7A583FC6ECB83F755B083E9E2DFB,2020-08-28 08:50:39.425000,2020-08-28 08:50:41.735000
nto7hqkyhqpbrm5c,failed,not_found,33,163303F0583A1917326214379BD1AB2D286046EA,B1080EA61CAF5763139E7B596F37FE9830311C8F,9E4CC64C4F94C359D43C5BA09094323FDBEFD975,9FA8A16163FB6BDF228E45E329B0E5ACEDBD8309,2020-08-28 08:50:41.736000,2020-08-28 08:50:42.803000
nto7hqkyhqpbrm5c,failed,not_found,72,163303F0583A1917326214379BD1AB2D286046EA,5A224EFAC453F7EF2D0435E336890DECDC5CEBFD,F4F92D8B840C2D053197AC3EF9C58F3DCFBB20FE,9FB2A07867929EA404667247AEE9656F3DF72447,2020-08-28 08:50:42.804000,2020-08-28 08:50:43.624000
nto7hqkyhqpbrm5c,failed,not_found,93,163303F0583A1917326214379BD1AB2D286046EA,76D2EBA82BBCCA3DF9F254A9A8372A10A26F3D14,5C4A1682FADF221DF46FFA32FE65826DCF79185F,BC64503664C90B4A9DA913736C361DEAD313B130,2020-08-28 08:50:43.625000,2020-08-28 08:50:44.435000
nto7hqkyhqpbrm5c,failed,not_found,107,163303F0583A1917326214379BD1AB2D286046EA,3BADB3EFFB87534736BFAC9A2024AB78401BDBC3,6D6EC2A2E2ED8BFF2D4834F8D669D82FC2A9FA8D,9F90783A672015D4D40F22902964B92AD0EA0C17,2020-08-28 08:50:44.436000,2020-08-28 08:50:45.504000
nto7hqkyhqpbrm5c,failed,not_found,131,163303F0583A1917326214379BD1AB2D286046EA,12CF6DB4DAE106206D6C6B09988E865C0509843B,2F644DDEF8BAA31BA0240E6C6D36665D90DA57C9,BC7ACFAC04854C77167C7D66B7E471314ED8C410,2020-08-28 08:50:45.505000,2020-08-28 08:50:46.327000
bzl2svvn6rlwykkd,failed,not_found,120,163303F0583A1917326214379BD1AB2D286046EA,E747773C61CF671A222EB913DE17DA33074A6D76,2096BCFEBB95A1134F39FCF8CEB076FF41A2B48B,32C6B88EEBD4F6F5AA61F15952E8D88EAD7C67BE,2020-08-28 08:50:39.446000,2020-08-28 08:50:47.633000
bzl2svvn6rlwykkd,failed,not_found,214,163303F0583A1917326214379BD1AB2D286046EA,5C01B2D72D75F109550963F810C2010BDA208549,645C3F0545E0975A49F69EC272C0C3EA28586825,32E6CC6C6B428B2043F0B3E78F7332F1016D73E1,2020-08-28 08:50:47.634000,2020-08-28 08:50:48.509000
bzl2svvn6rlwykkd,failed,not_found,263,163303F0583A1917326214379BD1AB2D286046EA,4FCF975D71A8663E8066BD1431D8E9459DBE2EAB,3D636FB9D24EA781C3C2766C051064C6CA1C0D96,60685893A57D66562A0754BEE3B6A6E68082C8BE,2020-08-28 08:50:48.509000,2020-08-28 08:50:49.961000
bzl2svvn6rlwykkd,failed,not_found,353,163303F0583A1917326214379BD1AB2D286046EA,401EC532D4C6DFA5790B208519E25561F4334F2F,127887BF5B69EFEFA0DC47FC767135E0ACAAFD9F,609E598FB6A00BCF7872906B602B705B64541C50,2020-08-28 08:50:49.962000,2020-08-28 08:50:51.450000
bzl2svvn6rlwykkd,failed,not_found,491,163303F0583A1917326214379BD1AB2D286046EA,FF82B371BDDDA0F48D849CA38E33A9AA39C0D2BE,02ED4F8DB11F1303BA21B16AA1CF2A0A48547ACA,60769652C04712912E6E21CED1F08DC797789A75,2020-08-28 08:50:51.451000,2020-08-28 08:50:53.769000
bzl2svvn6rlwykkd,failed,not_found,700,163303F0583A1917326214379BD1AB2D286046EA,1FC89C159EA0F96D52D8A7092BF938C509DB6984,35513B1D2EA70649346C3C6D34F63D6982E3948A,32C1100B5EF19A5BFBB431E8D42781C2D09D31C3,2020-08-28 08:50:53.770000,2020-08-28 08:50:54.790000
sxkdfylzyeogcswo,failed,not_found,37,163303F0583A1917326214379BD1AB2D286046EA,1A10F6E2BA45CA4A5EBAA6EF759FCBF4E8AFEEA8,79D9E66BB2FDBF25E846B635D8248FE1194CFD26,0CF8F3E6590F45D50B70F2F7DA6605ECA6CD408F,2020-08-28 08:50:40.402000,2020-08-28 08:50:41.364000
sxkdfylzyeogcswo,failed,not_found,48,163303F0583A1917326214379BD1AB2D286046EA,A1B2E32E426F700D37DFF14228E1B957A22CF0A4,E45EC3830D8AD7F23FF1BEF8AC1F7519555A3515,00C22D3BC1822EB8EA380AF04245337399E796E2,2020-08-28 08:50:41.365000,2020-08-28 08:50:43.015000
sxkdfylzyeogcswo,failed,not_found,76,163303F0583A1917326214379BD1AB2D286046EA,FB016E16B8CD7A0E53DEEF31ED8754E4F6B8E837,217B9BE70DC602F6D929132EA2A9DF60BAED8CE0,0CFC3C013E3C49587843796106C5E3AD093F55FE,2020-08-28 08:50:43.016000,2020-08-28 08:50:43.962000
sxkdfylzyeogcswo,failed,not_found,97,163303F0583A1917326214379BD1AB2D286046EA,A8D68ED61673B314CC8CD31C2275ABF1E07387CC,C7B5E3D50D91EF0F7B6C65A2270A22B2A7DDAC71,00E1649E69FF91D7F01E74A5E62EF14F7D9915E4,2020-08-28 08:50:43.963000,2020-08-28 08:50:49.963000
sxkdfylzyeogcswo,failed,not_found,354,163303F0583A1917326214379BD1AB2D286046EA,C8C46E3E4F00A92C344B367E45F9D63EBB831DE1,4A59FD3642C4D9F46A8D916AC9BC64390BCBC6AE,0D12D8E72DED99EE31BB0C57789352BED0CEEEFF,2020-08-28 08:50:49.963000,2020-08-28 08:50:51.659000
sxkdfylzyeogcswo,failed,not_found,515,163303F0583A1917326214379BD1AB2D286046EA,CDAF0B74C45FD5B1955198A8D92C8A518A53D07B,383882E740FC9214A21A60E8D4B10A220272113B,00B57BF614F7ED3051073B5D4526FF0B23AF217B,2020-08-28 08:50:51.659000,2020-08-28 08:50:53.357000
4fj35xgz2qekl6ha,failed,not_found,38,163303F0583A1917326214379BD1AB2D286046EA,DBE82FA23B9FE3CB2462A6FCF5289DED3CBF4AEE,EE32ED9AB02A81208F55EB9340D1125CF022697D,FA8138622F8EBE01091BEE60810AB2F0DD6E4D21,2020-08-28 08:50:40.422000,2020-08-28 08:50:41.594000
4fj35xgz2qekl6ha,failed,not_found,55,163303F0583A1917326214379BD1AB2D286046EA,0EFEAA8E74F9D9024A019702D31380C7B5CBDEEA,0B25110BA3473A6DC04AB58A3A0D5E4D6922A0E0,FA69F7C51067D9A84168962C46ACA480A90CD354,2020-08-28 08:50:41.595000,2020-08-28 08:50:42.820000
4fj35xgz2qekl6ha,failed,not_found,73,163303F0583A1917326214379BD1AB2D286046EA,2DE7F6294336C47C0BDF8F10856F548348B2FB63,8BE79CE3261C027CE94F84D6CBE45F03BE9B8B59,FA85FE81093FE5D53DDCEA2DBA286E8CCC9C6DDD,2020-08-28 08:50:42.820000,2020-08-28 08:50:43.620000
4fj35xgz2qekl6ha,failed,not_found,92,163303F0583A1917326214379BD1AB2D286046EA,FC5B4F90D1A9BB6B5885CA6B4F4EC47D1783952D,B2D98685327A52354259CA921049BB37DE758FB1,4CA64E677ECFF23B138CFE70A6A02E94BDF3A805,2020-08-28 08:50:43.621000,2020-08-28 08:50:44.656000
4fj35xgz2qekl6ha,failed,not_found,112,163303F0583A1917326214379BD1AB2D286046EA,E36536404200A74930DB165858BD5BB554D2BEA2,837D5EA513DF7FDDA36BE569C646151CDA4B9935,4CA782CE00ADBCDDB93DE3FCACF84445353D7772,2020-08-28 08:50:44.657000,2020-08-28 08:50:46.176000
4fj35xgz2qekl6ha,failed,not_found,144,163303F0583A1917326214379BD1AB2D286046EA,47F9D1E0155089917FFA734EF759089326C3761A,2F69F8C4DC02DD15A39BFDB4078A791D89ECEAA2,4C79714A9BDDB6CF8F4C42AF0AFA6E2F12151FDE,2020-08-28 08:50:46.177000,2020-08-28 08:50:48.040000
b5iiv4i7x35wrwfy,failed,not_found,39,163303F0583A1917326214379BD1AB2D286046EA,896364B7996F5DFBA0E15D1A2E06D0B98B555DD6,F740DDDB1A6B536B5CC47111BFE4E2F7CF9B4C28,2ED8654AD1B8C25F3EB83156B07EA35BE6132F0C,2020-08-28 08:50:40.468000,2020-08-28 08:50:41.643000
b5iiv4i7x35wrwfy,failed,not_found,56,163303F0583A1917326214379BD1AB2D286046EA,3F65766ADE067D9D08920E3B74DAB9040EDD26B2,A08B3E65331F29C960A8EB6F5D90B66A05D26CB5,2EB3C230180694A1E848001E20F36F76A2287039,2020-08-28 08:50:41.644000,2020-08-28 08:50:42.749000
b5iiv4i7x35wrwfy,failed,not_found,61,163303F0583A1917326214379BD1AB2D286046EA,03F26766F14B0B7B5D22461083807D313429A34F,AE6A8C18E7499B586CD36246AC4BCAFFBBF93AB2,2F09BD6D9A2D5A7D6D26C17651CE8ECF0B7BA257,2020-08-28 08:50:42.749000,2020-08-28 08:50:43.143000
b5iiv4i7x35wrwfy,failed,not_found,78,163303F0583A1917326214379BD1AB2D286046EA,0F89912E6A4C4A8ACE43C58FF8B83CA299BFF74F,9063C7EC4A3273446DC05E9310A5C5B2F4235696,01664D41A81F817A3E71400D6BFD40947AA40AFB,2020-08-28 08:50:43.144000,2020-08-28 08:50:44.281000
b5iiv4i7x35wrwfy,failed,not_found,100,163303F0583A1917326214379BD1AB2D286046EA,B576A394DFC12B7E900D643C900484765D58C30F,10A1E225A56E02F66011BEA3CD51D9F694D22913,016093EE4BAE9AF473FC0C811A9D10FDAA9CA34B,2020-08-28 08:50:44.282000,2020-08-28 08:50:45.837000
b5iiv4i7x35wrwfy,failed,not_found,827,163303F0583A1917326214379BD1AB2D286046EA,8FA37B93397015B2BC5A525C908485260BE9F422,2AE2CA4BD2B7754F29432C25E03314D52AC4CAF1,01729F10A81DDD8A92D770B2133082EB56C75E26,2020-08-28 08:50:45.838000,2020-08-28 08:50:55.924000
5ktbqsybiovxysgz,failed,not_found,40,163303F0583A1917326214379BD1AB2D286046EA,2EB3C230180694A1E848001E20F36F76A2287039,D80EA21626BFAE8044E4037FE765252E157E3586,C9DF39AABF4E34309E04E1E56DB9FA6CF37AE140,2020-08-28 08:50:40.480000,2020-08-28 08:50:41.657000
5ktbqsybiovxysgz,failed,not_found,57,163303F0583A1917326214379BD1AB2D286046EA,C1335B1DB938644FCD54EE744D91354F94EDD1BC,BB03606050B577B503F4C85DB3D4821A242D9A8F,C9DF64AF926E2E584E345D13BCE4A97C231A36BE,2020-08-28 08:50:41.658000,2020-08-28 08:50:42.645000
5ktbqsybiovxysgz,failed,not_found,67,163303F0583A1917326214379BD1AB2D286046EA,BDD94BBC7D41447144816E2DD3150C3BF9D6D941,3A9443710224E5182895C342D1D36C1D460A1206,C9FAA93525ACE580BDB03ABC662ED2045262BD89,2020-08-28 08:50:42.645000,2020-08-28 08:50:43.455000
5ktbqsybiovxysgz,failed,not_found,88,163303F0583A1917326214379BD1AB2D286046EA,F8DE8132E599A194E20DDB738AF64A7200CD5949,B96B5141004995295FE87DCCE1A54519BD0BB48A,CE5ED345398CC02D573347C2F238F80B18E680EE,2020-08-28 08:50:43.456000,2020-08-28 08:50:44.380000
5ktbqsybiovxysgz,failed,not_found,105,163303F0583A1917326214379BD1AB2D286046EA,0935BA9178F9E3B50C99DD53F723865FC224CFA8,E46777C6EFB6036190EFAAD9B13EE9D0E75C5510,CE694BA8D019EE60D8E7838CC177E689CEA825EA,2020-08-28 08:50:44.381000,2020-08-28 08:50:45.351000
5ktbqsybiovxysgz,failed,not_found,126,163303F0583A1917326214379BD1AB2D286046EA,846B3EAAF0C07FF72FC79AEBB11FA3ADC58F240F,E7C1FAFB7525149A0E911512F511D942BA5EEAAF,CE6813FEA256EE63BCD2A178E453202BFAA64FA7,2020-08-28 08:50:45.352000,2020-08-28 08:50:46.547000
gydsg7docp5o44f6,failed,not_found,50,163303F0583A1917326214379BD1AB2D286046EA,0FAED0B7D3D009CA13A57A8849CFEAC1456FAF47,F34B418DB5F47B81A7451C40421A5B002A532723,A799FDF5FF13D1F655D153A6BA869ECD43F5D70B,2020-08-28 08:50:41.399000,2020-08-28 08:50:43.618000
gydsg7docp5o44f6,failed,not_found,90,163303F0583A1917326214379BD1AB2D286046EA,B93503D458D9FE97DE5C12D211082871D08F1284,645C3F0545E0975A49F69EC272C0C3EA28586825,A79F94117D73D4AFA4BCE340A3CB6E345C817594,2020-08-28 08:50:43.619000,2020-08-28 08:50:44.728000
gydsg7docp5o44f6,failed,not_found,114,163303F0583A1917326214379BD1AB2D286046EA,C49A177510CAA653DA6727BF0E07FB7F56A0F09D,C239952D0C8E4EABC3E6B0A8E0B623689174E3C6,76F6698A624DD1762A5CACC832460EC9E8A34774,2020-08-28 08:50:44.729000,2020-08-28 08:50:45.873000
gydsg7docp5o44f6,failed,not_found,138,163303F0583A1917326214379BD1AB2D286046EA,CB92FA4D7D71F134CE1F1FFF2BFF53E88DD4A1DB,861BCFDD148973985E7FE97C7455C9E4AC4E13BE,A78E86015376B3F2507E2E6602FDFD278F2871B3,2020-08-28 08:50:45.874000,2020-08-28 08:50:46.771000
gydsg7docp5o44f6,failed,not_found,166,163303F0583A1917326214379BD1AB2D286046EA,72C2EB697C3CD4CE7408359B386DEE6B2888F714,F0C9513539800F762ECAE37F16370D7CBA5E52C2,76F3558CB26F41F89DEC685BAE666018B6AB808B,2020-08-28 08:50:46.772000,2020-08-28 08:50:47.638000
gydsg7docp5o44f6,failed,not_found,217,163303F0583A1917326214379BD1AB2D286046EA,24D0491A2ADAAB52C17625FBC926D84477AEA322,F9DFB0B36C494C368E98B9C9D896A510C2229D1F,76F3A81A0784DCF536F6DE19F98EAEB1F89DECCF,2020-08-28 08:50:47.638000,2020-08-28 08:50:49.031000
s5qtzqqkcegw652f,failed,not_found,51,163303F0583A1917326214379BD1AB2D286046EA,6E4B0D429CD87AB6C25D72E298294C583FF8BA4A,3A27CC4147062E4EFDF46F848FEA7FF032A04E5F,863D7DD65F64F06934A8CFB228653E38A061FDCD,2020-08-28 08:50:41.409000,2020-08-28 08:50:42.645000
s5qtzqqkcegw652f,failed,not_found,68,163303F0583A1917326214379BD1AB2D286046EA,EE4B332F13C3F8CCD9DCD86961B47F4AECA02CE6,1AAD015F4D885413A2BCE0E58159116901236C49,01FDC8E92D3280847D856DA1F9BFC2B4CD2C2EE8,2020-08-28 08:50:42.646000,2020-08-28 08:50:43.619000
s5qtzqqkcegw652f,failed,not_found,183,163303F0583A1917326214379BD1AB2D286046EA,A18CD278493BB18BEFD8AB54A669BFF6BB73B9CB,014E24C0CD21D2B9829E841D5EC1D3C415F866BF,862B77FD0B50D7EC658E3797BDB93AD8EF7783ED,2020-08-28 08:50:43.619000,2020-08-28 08:50:48.893000
s5qtzqqkcegw652f,failed,not_found,285,163303F0583A1917326214379BD1AB2D286046EA,28B39D67BD18D13694DE03679EA4A864EB6977E9,ABF3D28988AE83BE5B967FACB370E909215F68D7,01FE2137C42E4802507A1FD97B0158116FD78A8C,2020-08-28 08:50:48.893000,2020-08-28 08:50:50.357000
s5qtzqqkcegw652f,failed,not_found,381,163303F0583A1917326214379BD1AB2D286046EA,F3F3F4900B87CF4A6B4A7F9402502FC457B7B1FC,9EA4649400C7D35E20C734FA737CF615E925F1E4,01FC71C9D703E6824A4A8FEAB84BF3EC9A543FDE,2020-08-28 08:50:50.357000,2020-08-28 08:50:52.065000
s5qtzqqkcegw652f,failed,not_found,788,163303F0583A1917326214379BD1AB2D286046EA,11ABDB4D0B944F186A898560CB82C70439957DCA,3B953203AF332D8FE1452E1CE7CB50A3B5297DB2,861BCFDD148973985E7FE97C7455C9E4AC4E13BE,2020-08-28 08:50:52.066000,2020-08-28 08:50:55.780000
qv3jo4pwjjtx22wj,failed,not_found,52,163303F0583A1917326214379BD1AB2D286046EA,CA95B3584C44DED8107AF5B3D8C25C562CC64DD4,E3D61BAEA0B7CB12CACEDC8821C520557BDFCEA3,023EBBC57BEB7F45473B3DC2AA811FB3AABA4466,2020-08-28 08:50:41.431000,2020-08-28 08:50:42.646000
qv3jo4pwjjtx22wj,failed,not_found,69,163303F0583A1917326214379BD1AB2D286046EA,DE4EB74B8105751568A75649F6672A31F2A3DE20,6E8E5CA9B6F567416ADA21E990E7746BC223B0C0,7992F172EDBE69B99F0190651BAC14DD0FD9E5C8,2020-08-28 08:50:42.646000,2020-08-28 08:50:44.123000
qv3jo4pwjjtx22wj,failed,not_found,80,163303F0583A1917326214379BD1AB2D286046EA,CC33FBAF8FC92A8EC28913F7C9B1B092BB2C9897,13F7EAE731CA4600951986921E08ECAB9B1D2AF6,7997D73272295C1322F30FFD1F32D093E1E19795,2020-08-28 08:50:44.123000,2020-08-28 08:50:45.305000
qv3jo4pwjjtx22wj,failed,not_found,123,163303F0583A1917326214379BD1AB2D286046EA,E36536404200A74930DB165858BD5BB554D2BEA2,700A9BECB3735F4DA88F11CC7DBE13866522A695,021DDCD687FD505B7EA7E75DA6CEF0D778AA07FB,2020-08-28 08:50:45.305000,2020-08-28 08:50:46.145000
qv3jo4pwjjtx22wj,failed,not_found,142,163303F0583A1917326214379BD1AB2D286046EA,E03E581AA42A211F69DC63608B1980F10AE52C26,96E0D19D735D47039844EA83372183BB606F87B4,025B66CEBC070FCB0519D206CF0CF4965C20C96E,2020-08-28 08:50:46.146000,2020-08-28 08:50:47.736000
qv3jo4pwjjtx22wj,failed,not_found,223,163303F0583A1917326214379BD1AB2D286046EA,023EBBC57BEB7F45473B3DC2AA811FB3AABA4466,96070698714DC07AE2B377864625B7EF64E33BF5,798A57B4E129699A521A03E7F72BC0FDEC31F4D6,2020-08-28 08:50:47.737000,2020-08-28 08:50:49.210000
qjj3k6krpudkyxo5,failed,not_found,122,163303F0583A1917326214379BD1AB2D286046EA,875F74A3DC14737BECA06F8B500022154D1A29D1,543F96D0C17CDBAC326F644DB0C8A17193BCCFC9,85C8DBFB5574A338CAC8603CAF330EBF93219079,2020-08-28 08:50:41.432000,2020-08-28 08:50:46.266000
qjj3k6krpudkyxo5,failed,not_found,376,163303F0583A1917326214379BD1AB2D286046EA,72FF4C64E28396446B58892C356B61A8018C5C95,2ACEC0EB4F92729B8CA22C868545866B9529431C,85DAAD9E218754DEC27F90DA3952F44D6D434AEB,2020-08-28 08:50:46.267000,2020-08-28 08:50:51.683000
qjj3k6krpudkyxo5,failed,not_found,965,163303F0583A1917326214379BD1AB2D286046EA,9E6BA60AFBF9A4946A52770ABCDFC95703DAD6CB,CDA2C336AD87E22DF02983887A3F74B21070D02D,85D4088148B1A6954C9BFFFCA010E85E0AA88FF0,2020-08-28 08:50:51.684000,2020-08-28 08:50:57.490000
qjj3k6krpudkyxo5,failed,not_found,1390,163303F0583A1917326214379BD1AB2D286046EA,55580D71B317A072F4A4DCF6EA4EDB015734AEE7,5582BBEC12380E34D7DFB8C237939A0B317B205E,882D5F210B798BA3133B1B69ACD9591DD5FB5B60,2020-08-28 08:50:57.491000,2020-08-28 08:50:59.492000
qjj3k6krpudkyxo5,failed,not_found,1424,163303F0583A1917326214379BD1AB2D286046EA,50C7B836942F14BDF1541B017CF21FD03F354E13,6FBD65C22C2996B2038A090BF5E55AA7AEDEE120,8834689F162245C5E22DD63F5A6BB3AB66F9E1FA,2020-08-28 08:50:59.492000,2020-08-28 08:51:03.185000
qjj3k6krpudkyxo5,failed,not_found,2147,163303F0583A1917326214379BD1AB2D286046EA,3A27CC4147062E4EFDF46F848FEA7FF032A04E5F,E81993EA52B73285CFFD02FEC003569D21483001,88249F18737379DAC87185E5EC75626EB1F414EB,2020-08-28 08:51:03.186000,2020-08-28 08:51:07.077000
abiv6aj2wibp4k7p,failed,not_found,63,163303F0583A1917326214379BD1AB2D286046EA,CACD9D63B759B35555D8C965A3E01071E9DFB44C,8701E70AC4C0C9E1FE47EA853FC997D29BE5D65C,742091486D04734C57D97BCEFB53D22ED0B77881,2020-08-28 08:50:42.408000,2020-08-28 08:50:43.234000
abiv6aj2wibp4k7p,failed,not_found,79,163303F0583A1917326214379BD1AB2D286046EA,D91F295BFAF865BF76DA0820485B6650DD832DC5,AEF6C1FBA0FC16F4931638BF065085B974D3E90F,7430F66B1CABCB52D583C9C3035EE19A3E87A23E,2020-08-28 08:50:43.234000,2020-08-28 08:50:44.218000
abiv6aj2wibp4k7p,failed,not_found,98,163303F0583A1917326214379BD1AB2D286046EA,64E257D94E739278D5954CC820C9D7EAC4E7A7B7,7674C383F7F551E065E3E95BBCFC067157546A17,742C45F2D9004AADE0077E528A4418A6A81BC2BA,2020-08-28 08:50:44.219000,2020-08-28 08:50:45.077000
abiv6aj2wibp4k7p,failed,not_found,116,163303F0583A1917326214379BD1AB2D286046EA,CF6A6080091BB210AA3892FEFE2F6A396DA08DF3,1DC17C4A52A458B5C8B1E79157F8665696210E10,88D5F0BD87F9BC1A96FCBFDCEDB1C0E6BAB1D14E,2020-08-28 08:50:45.078000,2020-08-28 08:50:45.949000
abiv6aj2wibp4k7p,failed,not_found,140,163303F0583A1917326214379BD1AB2D286046EA,0677DF0B05ECDA2EF45F26C3332731043BB89AB8,7600899E54FA28AABB1764548ED28CDEC96673B1,88E08A32B675A7256DB1A18BC8001EF26BF2D981,2020-08-28 08:50:45.950000,2020-08-28 08:50:47.395000
abiv6aj2wibp4k7p,failed,not_found,191,163303F0583A1917326214379BD1AB2D286046EA,04DFE047ACDF7A6620ACA782FAFC5EF1AE7F4754,6E4B0D429CD87AB6C25D72E298294C583FF8BA4A,88DF5D708E931C431902AAABEA981E7951E00085,2020-08-28 08:50:47.395000,2020-08-28 08:50:48.493000
4hrkgtxxcbfmkgqq,failed,not_found,64,163303F0583A1917326214379BD1AB2D286046EA,72B2B12A3F60408BDBC98C6DF53988D3A0B3F0EE,A9406A006D6E7B5DA30F2C6D4E42A338B5E340B2,3C79699D4FBC37DE1A212D5033B56DAE079AC0EF,2020-08-28 08:50:42.419000,2020-08-28 08:50:43.329000
4hrkgtxxcbfmkgqq,failed,not_found,82,163303F0583A1917326214379BD1AB2D286046EA,F9DFB0B36C494C368E98B9C9D896A510C2229D1F,ECB0A13C33B9C0BB101104E08738C19048222393,8C00FA7369A7A308F6A137600F0FA07990D9D451,2020-08-28 08:50:43.329000,2020-08-28 08:50:44.656000
4hrkgtxxcbfmkgqq,failed,not_found,111,163303F0583A1917326214379BD1AB2D286046EA,42D47C736518BFA495CA31AEE40AE468F0BDA2A6,5E4D1E6D31413DCCC148A8050224578CBBF12883,8C030E1C25552F97C591A921DF51CF5EE15E594C,2020-08-28 08:50:44.656000,2020-08-28 08:50:45.581000
4hrkgtxxcbfmkgqq,failed,not_found,305,163303F0583A1917326214379BD1AB2D286046EA,60685893A57D66562A0754BEE3B6A6E68082C8BE,F35D115BDD5987D301BE0FD27DAB05F5F4B2ABAE,3C79702BCC4AA498CB8E9FEC8A51A72AE89169EA,2020-08-28 08:50:45.582000,2020-08-28 08:50:50.109000
4hrkgtxxcbfmkgqq,failed,not_found,365,163303F0583A1917326214379BD1AB2D286046EA,90A40EAF6090BD260237BDFE9391A2EFF35E8733,355140498339A8FEBBA1453E93A3FAE8F7973968,3C5915348D731505C48112F4F03235FDE7B8C837,2020-08-28 08:50:50.109000,2020-08-28 08:50:51.979000
4hrkgtxxcbfmkgqq,failed,not_found,545,163303F0583A1917326214379BD1AB2D286046EA,5CF342DBBD6170BEE00CD52ACB4076D551085E7F,8101421BEFCCF4C271D5483C5AABCAAD245BBB9D,8C16DA0EF2AD91E56C4E4DD1AA9BD3C89F4D8CEB,2020-08-28 08:50:51.979000,2020-08-28 08:50:55.619000
6nxo26cyg5gaput6,failed,not_found,65,163303F0583A1917326214379BD1AB2D286046EA,C92F69EE5756200F160CCFAFE9C3C984D3E6D561,16DB78459B845F4E728405EB694E32929E2B318A,644074F47257F9A906F9AA5C6B8926C1540A1DA8,2020-08-28 08:50:42.463000,2020-08-28 08:50:43.647000
6nxo26cyg5gaput6,failed,not_found,94,163303F0583A1917326214379BD1AB2D286046EA,44BD70C13DAA7513D6F47773804178B009F21ED5,BD3FBEC1D67C48A2583DB378B92A59C5E9AB4DA2,644DECC5A1879C0FE23DE927DD7049F58BBDF349,2020-08-28 08:50:43.648000,2020-08-28 08:50:44.377000
6nxo26cyg5gaput6,failed,not_found,104,163303F0583A1917326214379BD1AB2D286046EA,CCBB2D86A63075F4A2B799A36EF0338F488B0F14,4D2FCB3C654AD6AFCA4AF87E87AE72735F643D8B,C3B5C9391E36631ABEA89A19C24750DBDFF7CEC8,2020-08-28 08:50:44.378000,2020-08-28 08:50:45.536000
6nxo26cyg5gaput6,failed,not_found,132,163303F0583A1917326214379BD1AB2D286046EA,7A2A6F39F485C4FC95FB885FFF37C436FD2BB7E5,0F6E56C326DC9719942E8BBA58C22F71332DA891,645BE639E8D490A992B41F04B78B6104F8A1EE86,2020-08-28 08:50:45.536000,2020-08-28 08:50:46.548000
6nxo26cyg5gaput6,failed,not_found,157,163303F0583A1917326214379BD1AB2D286046EA,40711843922575CFB306E81C856B8BD8C3F2417C,672A56A583C658372E63ACEB43E7F791C2819548,C3D92B0696196558E784EF7252A5370192720BE5,2020-08-28 08:50:46.548000,2020-08-28 08:50:48.066000
6nxo26cyg5gaput6,failed,not_found,230,163303F0583A1917326214379BD1AB2D286046EA,E17745C64255D2920D9B9FCF9EF930C426EE4A91,B91A1EB30E66D52026EFCD1E96BFC0E966C83E6D,C3ACB0492A644E27A549BC3CDF3B7A129186E3BF,2020-08-28 08:50:48.067000,2020-08-28 08:50:48.936000
4udmhnumqxlz2uib,failed,not_found,66,163303F0583A1917326214379BD1AB2D286046EA,B56B9FE93F83B4FA69234B17A060E8A8E7446D19,F7B024DB02C601185C202E26DFFD2AD525C16A36,CCF28BC8FB26C8C172DEE741702056914D2849BD,2020-08-28 08:50:42.464000,2020-08-28 08:50:43.293000
4udmhnumqxlz2uib,failed,not_found,87,163303F0583A1917326214379BD1AB2D286046EA,B1B8EE3BD207009B0CBA4346BBBA559EECFC0175,3B4C5729F829CA2E895B81AF834A63DB336D0FFE,C8F402FDF89E5B51D862AD68D8C17DFA5A371BA0,2020-08-28 08:50:43.294000,2020-08-28 08:50:46.311000
4udmhnumqxlz2uib,failed,not_found,149,163303F0583A1917326214379BD1AB2D286046EA,8EB722FA1AE9DDE1914BC21FEA22819D4DE99DB4,128FC6D8FBF753121C5662FEE309CCD47B64BA6B,C8F388C8E87A0CCC66953A60B6A4942325055C4C,2020-08-28 08:50:46.312000,2020-08-28 08:50:47.475000
4udmhnumqxlz2uib,failed,not_found,200,163303F0583A1917326214379BD1AB2D286046EA,762A03C056C10D8EDEEF52AC2949800EEC65E6C8,9127D95DAA81291F26BE45B1A73E2F1145887B94,CCF520E282B27180EF056A0F389D0846FBB45D7C,2020-08-28 08:50:47.476000,2020-08-28 08:50:49.352000
4udmhnumqxlz2uib,failed,not_found,315,163303F0583A1917326214379BD1AB2D286046EA,881F09279F94E9AAD3DE30727DF3AD7C2CE900DF,547E6E68ADE1B6F492C44443588A939610401DFB,CCF38C8682E5936852F6F33A0A333AFF30CA453F,2020-08-28 08:50:49.352000,2020-08-28 08:50:50.454000
4udmhnumqxlz2uib,failed,not_found,389,163303F0583A1917326214379BD1AB2D286046EA,6FB20BB05A841CDDB308E85A4D117FCFC911F5EA,63B32F7E5389E8DBC5E1BCEFE48312DA7CCEF5D6,C8F6F6C1834454F1E927A4A05E8E54EB623D4B73,2020-08-28 08:50:50.455000,2020-08-28 08:50:51.530000
to2yzaf6b2wxiow4,failed,not_found,83,163303F0583A1917326214379BD1AB2D286046EA,4586DF1934953F38206B5117237F79C1C8797FC4,C2938CA380E12D3C71F3814396F12D495A97C5D8,43C83536DACCD110FF11E049A890064F6F87BEB2,2020-08-28 08:50:43.399000,2020-08-28 08:50:44.321000
to2yzaf6b2wxiow4,failed,not_found,101,163303F0583A1917326214379BD1AB2D286046EA,8101421BEFCCF4C271D5483C5AABCAAD245BBB9D,61FA7E7C766577D76EBABF19330993DEFA8AF3C3,6E66D978514FF86CDEF01FE30C23A1002925AA02,2020-08-28 08:50:44.321000,2020-08-28 08:50:45.349000
to2yzaf6b2wxiow4,failed,not_found,125,163303F0583A1917326214379BD1AB2D286046EA,005ED97213F725867E422B8DC0443361BBB24E3C,12CF6DB4DAE106206D6C6B09988E865C0509843B,43E187B8C7361F47EA968ED5389435865D7F4FE7,2020-08-28 08:50:45.350000,2020-08-28 08:50:46.211000
to2yzaf6b2wxiow4,failed,not_found,145,163303F0583A1917326214379BD1AB2D286046EA,3F3E911D64F8DED71208D614782ABED41F4D7A0D,A4CC39184AD287D72C2247738835811C7A7ECB8E,6E6C98C926772F55C47D6E31318AA1BE74463E06,2020-08-28 08:50:46.212000,2020-08-28 08:50:47.730000
to2yzaf6b2wxiow4,failed,not_found,221,163303F0583A1917326214379BD1AB2D286046EA,02758CD398E3F842EF82478078AAAE0273770DB2,B33B994C8B9902B6F73957B2E61F71C932130C5D,6E8E5CA9B6F567416ADA21E990E7746BC223B0C0,2020-08-28 08:50:47.730000,2020-08-28 08:50:48.752000
to2yzaf6b2wxiow4,failed,not_found,278,163303F0583A1917326214379BD1AB2D286046EA,E17745C64255D2920D9B9FCF9EF930C426EE4A91,64E257D94E739278D5954CC820C9D7EAC4E7A7B7,43DDEF0543EC11B7623305908E0BB48E3733F08A,2020-08-28 08:50:48.752000,2020-08-28 08:50:49.533000
mhpmz7ayepjmvzmt,failed,not_found,84,163303F0583A1917326214379BD1AB2D286046EA,03E0F4EE272731601773F48E64240D3A8896A5E3,E03E581AA42A211F69DC63608B1980F10AE52C26,0451F142D2EF187FABB9A9A17725DA6C51BA3978,2020-08-28 08:50:43.411000,2020-08-28 08:50:44.351000
mhpmz7ayepjmvzmt,failed,not_found,241,163303F0583A1917326214379BD1AB2D286046EA,014E24C0CD21D2B9829E841D5EC1D3C415F866BF,169535CC4C75FF79C6D548D41720064EE4FE61D2,47175EA5C1B830AD72F2ED14C089B443758376E1,2020-08-28 08:50:44.352000,2020-08-28 08:50:51.135000
mhpmz7ayepjmvzmt,failed,not_found,450,163303F0583A1917326214379BD1AB2D286046EA,92E807AC5E23CCD9FE623EA4DC020B1627A0D09B,09DEA9A672FDEF38CE01E3F453E7D7CD0707E7C6,475B34D76756910C11EB7752EB8285F6BE00C1EE,2020-08-28 08:50:51.135000,2020-08-28 08:50:52.915000
mhpmz7ayepjmvzmt,failed,not_found,697,163303F0583A1917326214379BD1AB2D286046EA,E05EAB588285C01E8807F00A07CDBBC4662A58D9,3B60AEB127F4A8CDE7F3798B799EBDC3463FB9C7,0443D98C0C44D3E0E6238790345DB5624DB41B28,2020-08-28 08:50:52.916000,2020-08-28 08:50:54.672000
mhpmz7ayepjmvzmt,failed,not_found,887,163303F0583A1917326214379BD1AB2D286046EA,79E3B585803DE805CCBC00C1EF36B1E74372861D,FB4531817DB73168B0410AD4BFEAAFE206F1A763,046F2D59A85FAE693676A87533717C57436261C2,2020-08-28 08:50:54.673000,2020-08-28 08:50:56.479000
mhpmz7ayepjmvzmt,failed,not_found,1144,163303F0583A1917326214379BD1AB2D286046EA,071ACB713A9558A4B5750520B0A738C66033E0B1,4FF53BC47097B50DA5B68D72C5B25CC079F4A787,474648D2DFC1C060A5CA74C8A5976807B7FB5FE0,2020-08-28 08:50:56.480000,2020-08-28 08:50:58.508000
6rtnqzahpszmdpnn,failed,not_found,85,163303F0583A1917326214379BD1AB2D286046EA,1C0736CF3744A3B87C2D2269B8BD3388C7E60552,BFB14B9ADF1F19E59258CAE7FCDBAAC9937B7B10,25C5206EE19969289F291F22B23052DA48F948A5,2020-08-28 08:50:43.431000,2020-08-28 08:50:44.704000
6rtnqzahpszmdpnn,failed,not_found,99,163303F0583A1917326214379BD1AB2D286046EA,B5558CFA70A5308582B25767C9698E6DBE6A90B2,EA74330DE9BCAE0AA83388F8BA844A31DD20D7C4,260B86A04CBEDE605F183624C2FCA3CE81FD24A1,2020-08-28 08:50:44.705000,2020-08-28 08:50:45.773000
6rtnqzahpszmdpnn,failed,not_found,124,163303F0583A1917326214379BD1AB2D286046EA,EAA823552F959DFD038E9AC8FA89345A738B6C00,F0F5074A6DADD3DC22E1FAA18FD6D89CBC52771A,25F49247646F1F9C9C4B31217AE004308B271359,2020-08-28 08:50:45.774000,2020-08-28 08:50:46.753000
6rtnqzahpszmdpnn,failed,not_found,345,163303F0583A1917326214379BD1AB2D286046EA,900777F6E1307328D5C39826356925FDECB0790B,573051CAA3EEEE2B75EBD096BB1F70D3FDAC5F3A,770E5AFB0A796DA2DA88434F11427513BAA1FACC,2020-08-28 08:50:46.754000,2020-08-28 08:50:50.934000
6rtnqzahpszmdpnn,failed,not_found,428,163303F0583A1917326214379BD1AB2D286046EA,93F97B76A7D0F0947C4C75AC62017E45BBFE6C08,B872BA6804C8C6E140AE1897B44CF32B42FD2397,77131D7E2EC1CA9B8D737502256DA9103599CE51,2020-08-28 08:50:50.935000,2020-08-28 08:50:52.020000
6rtnqzahpszmdpnn,failed,not_found,565,163303F0583A1917326214379BD1AB2D286046EA,1BB9F857B41ABFB3BE0570F8A86DDCFD198713A2,5F58E9417DF94A66529864FA1134635614958A44,7716DE8030A56A80080446E0CBC59738605454E6,2020-08-28 08:50:52.020000,2020-08-28 08:50:53.869000
rl7bbubxs5zr2b5r,failed,not_found,204,163303F0583A1917326214379BD1AB2D286046EA,0B25110BA3473A6DC04AB58A3A0D5E4D6922A0E0,F0F13714732C347312426EC2B8D5C4940EAA45BA,45D8C1EEFF044043AA6806C4B9130F8F189EF316,2020-08-28 08:50:43.436000,2020-08-28 08:50:48.603000
rl7bbubxs5zr2b5r,failed,not_found,268,163303F0583A1917326214379BD1AB2D286046EA,B872BA6804C8C6E140AE1897B44CF32B42FD2397,6ACCCE182D357C4878F8FDFF86C5778E994E9A16,B2ABDED0AB51FAE1D7E682CB31849FFF103030B3,2020-08-28 08:50:48.603000,2020-08-28 08:50:50.414000
rl7bbubxs5zr2b5r,failed,not_found,387,163303F0583A1917326214379BD1AB2D286046EA,208F39CCF602D9549E57D6A386259C1129B8D244,9821523A67929331CB1126BA6A2512424EAA54C5,B291D30517D23299AD7CEE3E60DFE60D0E3A4664,2020-08-28 08:50:50.414000,2020-08-28 08:50:52.092000
rl7bbubxs5zr2b5r,failed,not_found,1051,163303F0583A1917326214379BD1AB2D286046EA,7674C383F7F551E065E3E95BBCFC067157546A17,9E1E4F5B5F94812D02C4D18CB4086CE71CA5C614,45DFAB9E1BD65DEF326CE0CB300E6C6F410A67F8,2020-08-28 08:50:52.092000,2020-08-28 08:50:57.943000
rl7bbubxs5zr2b5r,failed,not_found,1432,163303F0583A1917326214379BD1AB2D286046EA,8EA58F28DCA60F56C6F2131BDFE9BF5FAF2233CE,1589600C48D2DFA5187ADD908B47CA7E381190CA,B2CB9E5C80367C9026A806EC4801E22425AA7E8A,2020-08-28 08:50:57.944000,2020-08-28 08:51:01.181000
rl7bbubxs5zr2b5r,failed,not_found,1829,163303F0583A1917326214379BD1AB2D286046EA,0B19BBFDC498CCEA23027B1D7BD8E20121B95E60,5CE3AD8AD04ADE66C0037A3CF5F7F7A40D48A20B,45D67EDBFE0A61F9784F34A88DA6D5E13C397786,2020-08-28 08:51:01.182000,2020-08-28 08:51:04.174000
f65utbdtkgyb6l2s,failed,not_found,106,163303F0583A1917326214379BD1AB2D286046EA,35DA04A92634AF2392CBA6AF158E00B5589A1CFA,9C305BC09852C7CB62E9A41F9ECA108BBFB23521,2C064760AA6657E2C575DD897C2588B170A3FF12,2020-08-28 08:50:44.424000,2020-08-28 08:50:45.580000
f65utbdtkgyb6l2s,failed,not_found,134,163303F0583A1917326214379BD1AB2D286046EA,12D552E8AF7AA2B71B218B5BBF6A5FEFA6F26BA0,2CE96A8A1DA032664C90F574AFFBECE18A6E8DFC,5D78D7D2A16F6B4D3166FD9D1FD4A715B14A56DF,2020-08-28 08:50:45.581000,2020-08-28 08:50:46.641000
f65utbdtkgyb6l2s,failed,not_found,160,163303F0583A1917326214379BD1AB2D286046EA,DBE82FA23B9FE3CB2462A6FCF5289DED3CBF4AEE,D8A2D0080B0C73E1DC0EC9F33B497F64E5FB3F52,2BFEFB4839F6F796AB9A0287FDFD51F7280EEA2D,2020-08-28 08:50:46.642000,2020-08-28 08:50:47.488000
f65utbdtkgyb6l2s,failed,not_found,202,163303F0583A1917326214379BD1AB2D286046EA,F174AA71E193ABA5521BEEADD5E6F2C8DD6F9DF6,2CD5474E33D12629156B92FBD61FAAB22D07B0F7,2BE597D0A2255A4E8F44CBFB126B7A7A12A9737B,2020-08-28 08:50:47.488000,2020-08-28 08:50:49.587000
f65utbdtkgyb6l2s,failed,not_found,333,163303F0583A1917326214379BD1AB2D286046EA,1687ECEA6D20E62CF371BA8D53B95E68788F98C1,F0F13714732C347312426EC2B8D5C4940EAA45BA,5D84900DBE6D6365684A9675B81A68ACE9577A68,2020-08-28 08:50:49.588000,2020-08-28 08:50:51.834000
f65utbdtkgyb6l2s,failed,not_found,537,163303F0583A1917326214379BD1AB2D286046EA,513753D2C4A1246DCC21241C5BE5022CCBD2645C,1D702DA43D588FE9D308D3879A6F5E61BB2ECCFA,5D765770B4DB110D88787457978AB4008CF65CAC,2020-08-28 08:50:51.834000,2020-08-28 08:50:53.273000
wyc5c323ymfc4py3,failed,not_found,108,163303F0583A1917326214379BD1AB2D286046EA,4B351545DD58473F36B0A20E5500AC6ED51E8CD5,D5C01B85FB3A48D55698CA660A2DE8935388816E,248CE89A310534DF139DF6A36BD87EB4CA237DCF,2020-08-28 08:50:44.464000,2020-08-28 08:50:45.538000
wyc5c323ymfc4py3,failed,not_found,133,163303F0583A1917326214379BD1AB2D286046EA,1B786EA18DF3D7F1AC93F80FA7F88978048DD8B4,E4A23FEACFA0D7064C6694BE91BF94805E3CE487,24AF1603CDF4D118E1F7AEBF680C18BDA5E8F793,2020-08-28 08:50:45.538000,2020-08-28 08:50:47.533000
wyc5c323ymfc4py3,failed,not_found,206,163303F0583A1917326214379BD1AB2D286046EA,E855AF7BA953B6581781B87E90B8D0D31680E14C,7A3E534C033E3836BD5AF223B642853C502AB33A,EBDE762412D1F0D75338053F5A5A9B6EE053D642,2020-08-28 08:50:47.534000,2020-08-28 08:50:48.483000
wyc5c323ymfc4py3,failed,not_found,261,163303F0583A1917326214379BD1AB2D286046EA,221F035A330AC4231A2E3D901F1CB11483C19F66,ED943D5D32B3935862916A1BE33E7780DB51DBC6,24A17A4C1FA8C2108ACDE3BE681B0731384BF3A5,2020-08-28 08:50:48.483000,2020-08-28 08:50:49.336000
wyc5c323ymfc4py3,failed,not_found,313,163303F0583A1917326214379BD1AB2D286046EA,9A9BC34468AC1677782E4E56B27D947A9C991E2E,B70BD334FFEE23E653B75219AE12CF0236BCFCBB,EBE76802D098FF6FA226F60C2D0B0C098F367AF1,2020-08-28 08:50:49.337000,2020-08-28 08:50:52.019000
wyc5c323ymfc4py3,failed,not_found,548,163303F0583A1917326214379BD1AB2D286046EA,6245DC873D6F613C795D48663D65BD8A2266CAF6,EEDF0AF1F892C82F056063827B47283CC9AEAA41,EBE718E1A49EE229071702964F8DB1F318075FF8,2020-08-28 08:50:52.020000,2020-08-28 08:50:53.692000
3hwbvp7azxgy3yhy,failed,not_found,109,163303F0583A1917326214379BD1AB2D286046EA,A20CB2416BDECC60B681FEE20113361DB7DDE5DB,BFB14B9ADF1F19E59258CAE7FCDBAAC9937B7B10,20D2A186A412EA433D9BAD2FDBD7B48B36B20B34,2020-08-28 08:50:44.466000,2020-08-28 08:50:46.036000
3hwbvp7azxgy3yhy,failed,not_found,141,163303F0583A1917326214379BD1AB2D286046EA,550F8C238D36F6117F319817CC3BF16D23FC8555,6ED48ED0DD8CB8C626FFD8597C01F2D43AEE8D01,20E39F153C8B52B9B0F6E10037BEBFA0A08D0D63,2020-08-28 08:50:46.037000,2020-08-28 08:50:48.708000
3hwbvp7azxgy3yhy,failed,not_found,244,163303F0583A1917326214379BD1AB2D286046EA,6FB20BB05A841CDDB308E85A4D117FCFC911F5EA,FE547E7D1D2B3797EA07BECD5E75C85AA94A5E4A,20F6C46A805F7BCAB064AEECC8D97AA9629185C0,2020-08-28 08:50:48.709000,2020-08-28 08:50:49.965000
3hwbvp7azxgy3yhy,failed,not_found,356,163303F0583A1917326214379BD1AB2D286046EA,40CDE936B04B4573A47223396006443CA5EAC845,58F3E2956EABB81F673E2FB90E16E001DB4AC3AE,2CDC3F1BA8B1CC698266FF5C4024F9E519BB2C08,2020-08-28 08:50:49.965000,2020-08-28 08:50:51.063000
3hwbvp7azxgy3yhy,failed,not_found,440,163303F0583A1917326214379BD1AB2D286046EA,4B351545DD58473F36B0A20E5500AC6ED51E8CD5,38DC78302D5CB107B6D5CCC02EE4D8773AA910DE,2CAEC55A7854FE3CB37BE80328086FDF89E082C4,2020-08-28 08:50:51.064000,2020-08-28 08:50:52.456000
3hwbvp7azxgy3yhy,failed,not_found,573,163303F0583A1917326214379BD1AB2D286046EA,B291D30517D23299AD7CEE3E60DFE60D0E3A4664,F741E5124CB12700DA946B78C9B2DD175D6CD2A1,2CD317C624803B77EAD32C96382884B0CAD4DB3F,2020-08-28 08:50:52.456000,2020-08-28 08:50:54.123000
2yphwyebgma2ahno,failed,not_found,110,163303F0583A1917326214379BD1AB2D286046EA,A597AC866E40CAB5A67759ADE4942192E99DE684,1C7215BC0123DDA23BDED0F9D2849D3AD80183CB,40108FDFA40EDB013F7291F3B4DA3D412ED3A5EF,2020-08-28 08:50:44.477000,2020-08-28 08:50:45.662000
2yphwyebgma2ahno,failed,not_found,136,163303F0583A1917326214379BD1AB2D286046EA,7CD234DFEFE8F215EC9AE2BC1D2CAFC9E0D1CC00,DCAA176F75B04287131C6D78B7CFDDAC6F2691D9,0117D6DA66BB4E528DC7B8B9DFED98180FE7BB12,2020-08-28 08:50:45.663000,2020-08-28 08:50:47.339000
2yphwyebgma2ahno,failed,not_found,188,163303F0583A1917326214379BD1AB2D286046EA,EF09163EC3F03C2F63A865BBBF1CE5642C6595A3,2F9AFDE43DC8E3F05803304C01BD3DBF329169AC,3FFDFB5A9A278C7C303745606DB5B68FC5B9FADF,2020-08-28 08:50:47.341000,2020-08-28 08:50:48.181000
2yphwyebgma2ahno,failed,not_found,235,163303F0583A1917326214379BD1AB2D286046EA,213F2B4AB09EE6FF8CA21B804B2E1BD8835088D3,C72934FA5238DDCD997D6353CB3F8189ACA9E5CC,400C053623F36C5C3D1CFC73F1AB9DA6E24DEEB7,2020-08-28 08:50:48.181000,2020-08-28 08:50:49.997000
2yphwyebgma2ahno,failed,not_found,1417,163303F0583A1917326214379BD1AB2D286046EA,372A38794527887333B52ED1D707609D808C0659,99339F3E68BCCC1391BF14C821D80766FE0C5956,0111BA9B604669E636FFD5B503F382A4B7AD6E80,2020-08-28 08:50:49.998000,2020-08-28 08:51:00.342000
2yphwyebgma2ahno,failed,not_found,1813,163303F0583A1917326214379BD1AB2D286046EA,912B7597346A74A44AD4B6068C645772B758DCB7,B09E23C2597234F6EB494B6EDD7334DB64221FA1,0109706984AA5E15836E9B20A144185DD774411E,2020-08-28 08:51:00.343000,2020-08-28 08:51:03.977000
ds3d7qnt3zf6d5s7,failed,not_found,127,163303F0583A1917326214379BD1AB2D286046EA,4A59FD3642C4D9F46A8D916AC9BC64390BCBC6AE,9738F8F5C386CDAF5707D0DCED428F2813CA285F,C2EE40EE8451F27C2357E8B1EA1E8E6F642273EB,2020-08-28 08:50:45.409000,2020-08-28 08:50:46.175000
ds3d7qnt3zf6d5s7,failed,not_found,146,163303F0583A1917326214379BD1AB2D286046EA,A08B3E65331F29C960A8EB6F5D90B66A05D26CB5,B96B5141004995295FE87DCCE1A54519BD0BB48A,C2FB346ECEA48FC980AD442BADB7CD10E14E53A6,2020-08-28 08:50:46.176000,2020-08-28 08:50:47.634000
ds3d7qnt3zf6d5s7,failed,not_found,215,163303F0583A1917326214379BD1AB2D286046EA,FE1B74C7CEE0493613929A92F9A1D890E58DC649,795790C25BDE834B836EA54DD96DB2610829573B,C2F653A5CEE30C8D5713FA4AE7F75E992A479196,2020-08-28 08:50:47.634000,2020-08-28 08:50:48.389000
ds3d7qnt3zf6d5s7,failed,not_found,251,163303F0583A1917326214379BD1AB2D286046EA,E00DFD54DC165D5452FBD3530D30186DAD016A0C,A8EE835BB5623802F41AE32720AA0B969B56D474,861BCFDD148973985E7FE97C7455C9E4AC4E13BE,2020-08-28 08:50:48.390000,2020-08-28 08:50:49.983000
ds3d7qnt3zf6d5s7,failed,not_found,358,163303F0583A1917326214379BD1AB2D286046EA,93C4C20DD1A6797200A60FBE714523FD9D41B5B3,78B98D12997EDD630F6A674CBF42F20711DEAC11,862B77FD0B50D7EC658E3797BDB93AD8EF7783ED,2020-08-28 08:50:49.984000,2020-08-28 08:50:52.341000
ds3d7qnt3zf6d5s7,failed,not_found,563,163303F0583A1917326214379BD1AB2D286046EA,E5CC91BAFE7CCD68003E873D32E38027638D49D7,AC7CF877B281BFEF34733E142C2A6F647AC57D82,863D7DD65F64F06934A8CFB228653E38A061FDCD,2020-08-28 08:50:52.342000,2020-08-28 08:50:54.746000
v4gikbgjqnvmc7cf,failed,not_found,139,163303F0583A1917326214379BD1AB2D286046EA,8F89078575FEE57675A922E9E088918F63AC750C,DC40A59D4D744F2C3C7A655EC6BF3A59AFA1C66C,939126EA4D25CB212A79746C133194F8A24C435B,2020-08-28 08:50:45.425000,2020-08-28 08:50:46.911000
v4gikbgjqnvmc7cf,failed,not_found,170,163303F0583A1917326214379BD1AB2D286046EA,5F58E9417DF94A66529864FA1134635614958A44,D5C01B85FB3A48D55698CA660A2DE8935388816E,937F201D2797314953F268D252F5C98D3FA9F71E,2020-08-28 08:50:46.912000,2020-08-28 08:50:47.878000
v4gikbgjqnvmc7cf,failed,not_found,227,163303F0583A1917326214379BD1AB2D286046EA,42D47C736518BFA495CA31AEE40AE468F0BDA2A6,DD3F8B9643B1EA35353FC7331C92F99668A7F30C,93C1E14CD600CF51B117DE736741E7400A069AFC,2020-08-28 08:50:47.879000,2020-08-28 08:50:49.076000
v4gikbgjqnvmc7cf,failed,not_found,294,163303F0583A1917326214379BD1AB2D286046EA,CAB28BC71970D7F9F4419AEA1043014BF1521E65,270934A4F7B669AA387F2D475FBE793D03694547,70A4372ED8F5DDE3BA05A17491BB6032EAC02692,2020-08-28 08:50:49.077000,2020-08-28 08:50:50.105000
v4gikbgjqnvmc7cf,failed,not_found,363,163303F0583A1917326214379BD1AB2D286046EA,83C81FF619BE11C46F0E98B27B437154779ED6CC,C013F6A7A2297FA4CD00D05EF4A1C5222B844B25,70ACA07D9276277B82E909C1439E19CCA2FB16CC,2020-08-28 08:50:50.106000,2020-08-28 08:50:51.416000
v4gikbgjqnvmc7cf,failed,not_found,484,163303F0583A1917326214379BD1AB2D286046EA,9EB3FD84065E5622A57EFEF14E41A01B5B99A022,0F6E56C326DC9719942E8BBA58C22F71332DA891,70930CCF8E2FFD5C0F8A63C8F2BC2F7CCF8BA70A,2020-08-28 08:50:51.417000,2020-08-28 08:50:53.030000
txawxrgtue5p3nrq,failed,not_found,129,163303F0583A1917326214379BD1AB2D286046EA,7FA3FA525901A91A1310B817943668BC2C16289E,A4CC83BC0259D1E8BA05667DF7FF5648F725CF3E,3408A01A949BE1579705112F83CF2BFB5FA8A204,2020-08-28 08:50:45.451000,2020-08-28 08:50:47.853000
txawxrgtue5p3nrq,failed,not_found,186,163303F0583A1917326214379BD1AB2D286046EA,FAE19F64F4C3B5351D95D1794CDC6A6AD0C8CB83,38F21DEE29E40DCDF9460A80662B7723562CA008,340B09ACCF45A98711ABB067820E25A2F21452C6,2020-08-28 08:50:47.853000,2020-08-28 08:50:48.323000
txawxrgtue5p3nrq,failed,not_found,249,163303F0583A1917326214379BD1AB2D286046EA,E459E02374D0385D2E2515CBBE707EA208966BCF,8F8911CEB5CAA353735DE1EF566B132AB649EF4C,96CAA917F65BCD62CECD236F67652BFD7C69E52E,2020-08-28 08:50:48.323000,2020-08-28 08:50:49.471000
txawxrgtue5p3nrq,failed,not_found,323,163303F0583A1917326214379BD1AB2D286046EA,8BC554F7F9316B12DEC171815FCB4529E8A01D49,87B529BCF6B52BE28BBB22EC4AA702F9AE42D551,34133CC3192CF7538089B14511400DF21BA5A077,2020-08-28 08:50:49.471000,2020-08-28 08:50:50.550000
txawxrgtue5p3nrq,failed,not_found,408,163303F0583A1917326214379BD1AB2D286046EA,926955277C7BDB6CD1E1561A91847CBCD5B079E5,E4F7869E2E9AF579EC93F5CCB823ECFCB297DA4E,96B70F86B45623B4EC71E8E953DCD61A05D5BAAC,2020-08-28 08:50:50.550000,2020-08-28 08:50:51.744000
txawxrgtue5p3nrq,failed,not_found,531,163303F0583A1917326214379BD1AB2D286046EA,9288B75B5FF8861EFF32A6BE8825CC38A4F9F8C2,E00DFD54DC165D5452FBD3530D30186DAD016A0C,96B358744E1DB0D6DBB96D32C27F91E9F695275E,2020-08-28 08:50:51.744000,2020-08-28 08:50:53.147000
mevnzgqv55c22tks,failed,not_found,304,163303F0583A1917326214379BD1AB2D286046EA,1AE180250D80A692077EDA35CC8E7387A9FDF220,0B19BBFDC498CCEA23027B1D7BD8E20121B95E60,8D912126FA40BD67EE7D5759BD19459450AEBEA1,2020-08-28 08:50:45.452000,2020-08-28 08:50:50.781000
mevnzgqv55c22tks,failed,not_found,379,163303F0583A1917326214379BD1AB2D286046EA,96B70F86B45623B4EC71E8E953DCD61A05D5BAAC,8683993B089B508C83AC115378AEFA22A29733E4,8D89D606CC7057124916A6616C4C1936ABEE9E88,2020-08-28 08:50:50.782000,2020-08-28 08:50:51.744000
mevnzgqv55c22tks,failed,not_found,534,163303F0583A1917326214379BD1AB2D286046EA,D000291816C0D9EE531FA4DD185EC1AD80386A5A,9EB3FD84065E5622A57EFEF14E41A01B5B99A022,E23931923121DA64C12CB6AA20B6F2C3E55627FF,2020-08-28 08:50:51.745000,2020-08-28 08:50:53.073000
mevnzgqv55c22tks,failed,not_found,666,163303F0583A1917326214379BD1AB2D286046EA,0B85617241252517E8ECF2CFC7F4C1A32DCD153F,96DCD1D17C1F0FA4DED207C148E54C0A55553076,8D8E090832FCAFEA083BA150DA6D154E365A590C,2020-08-28 08:50:53.074000,2020-08-28 08:50:54.823000
mevnzgqv55c22tks,failed,not_found,902,163303F0583A1917326214379BD1AB2D286046EA,FE9CB0E0629636EBD8D0C71F46E387B944C01BCF,CB1EC403A7331FE26F218D178DF8908014CC4F65,E1DE607E31C2C0FB6F8FC959BF7B58CE35D95990,2020-08-28 08:50:54.823000,2020-08-28 08:50:56.750000
mevnzgqv55c22tks,failed,not_found,1213,163303F0583A1917326214379BD1AB2D286046EA,CC09DFB016081AD50686DAC96440BB2D6F343251,5B0DBAC2C854B8EB0E0DD39AD94B66F2FEDC4871,E20A99DE17D99F73D888C7D33C46807B71A197FB,2020-08-28 08:50:56.751000,2020-08-28 08:50:59.340000
56c2jd32ncknohzh,failed,not_found,232,163303F0583A1917326214379BD1AB2D286046EA,881F09279F94E9AAD3DE30727DF3AD7C2CE900DF,D710B8449C8EC4E3ED55B8C7483B6445ED9A0DBB,DC0E94BC65DB2C5AA752A30234E2723DF704A1A9,2020-08-28 08:50:46.411000,2020-08-28 08:50:48.968000
56c2jd32ncknohzh,failed,not_found,291,163303F0583A1917326214379BD1AB2D286046EA,B8F6E68B36BEE2BF548750BDCCC3C2A7DB56A623,4856C97DC4F2271BC896DF9CABD217EE2D869D68,B183A69592D2E8C8C487C054D0849E3C9561DC11,2020-08-28 08:50:48.969000,2020-08-28 08:50:49.741000
56c2jd32ncknohzh,failed,not_found,340,163303F0583A1917326214379BD1AB2D286046EA,8056080EE822B5CA1A8FFF52B7242A82C5E42FBB,6E4B0D429CD87AB6C25D72E298294C583FF8BA4A,DBED0F7418CFE5F20E9ECC4A4540D315D023AD7B,2020-08-28 08:50:49.741000,2020-08-28 08:50:50.727000
56c2jd32ncknohzh,failed,not_found,416,163303F0583A1917326214379BD1AB2D286046EA,1BB9F857B41ABFB3BE0570F8A86DDCFD198713A2,6FBD65C22C2996B2038A090BF5E55AA7AEDEE120,B149064611DC466405E1825956F36B202DCE6E4A,2020-08-28 08:50:50.728000,2020-08-28 08:50:51.834000
56c2jd32ncknohzh,failed,not_found,540,163303F0583A1917326214379BD1AB2D286046EA,14D57DEDF0A4554A2D21AD53CCCC43E31158C733,FAE6D2A4EB58470AABCE692A5F32104520E1C8FE,B143D439B72D239A419F8DCE07B8A8EB1B486FA7,2020-08-28 08:50:51.835000,2020-08-28 08:50:54.064000
56c2jd32ncknohzh,failed,not_found,781,163303F0583A1917326214379BD1AB2D286046EA,6940247E04C839D268543E7F62566A91E40567E3,B411027C926A9BFFCF7DA91E3CAF1856A321EFFD,DBE82FA23B9FE3CB2462A6FCF5289DED3CBF4AEE,2020-08-28 08:50:54.065000,2020-08-28 08:50:55.717000
adtfjmzvtk4z6rbx,failed,not_found,152,163303F0583A1917326214379BD1AB2D286046EA,930106E732385FD01810AB243E7022C42639BC06,B9E7A637B00BBB77853A639CC33245A2FEB8F033,286F22F5D198AB20C50C65B94A03B52CAE588946,2020-08-28 08:50:46.423000,2020-08-28 08:50:47.488000
adtfjmzvtk4z6rbx,failed,not_found,474,163303F0583A1917326214379BD1AB2D286046EA,D971A4E181162BD99FEE4C2AD605D604A4FD5D4B,0CD9E401F1ACE013988F25E4E4B1BEE3FC1DB7E8,35BC414B0606C0B5F20678A0CB02D08E760CB66A,2020-08-28 08:50:47.489000,2020-08-28 08:50:53.107000
adtfjmzvtk4z6rbx,failed,not_found,677,163303F0583A1917326214379BD1AB2D286046EA,20FD9F93C8C67E198929FD9A0B8ED84134877FBB,0BCCF364C4EE7338B6E920E63E951922C85F91F7,35919E197C6C7F372A26C747D66ACA6A39642B3E,2020-08-28 08:50:53.107000,2020-08-28 08:50:55.743000
adtfjmzvtk4z6rbx,failed,not_found,1034,163303F0583A1917326214379BD1AB2D286046EA,547C1CDB516798EC66A01F04A5884DCE1A151919,44BD70C13DAA7513D6F47773804178B009F21ED5,3586697291602DC8042EB152E60701FFFE8777BD,2020-08-28 08:50:55.743000,2020-08-28 08:50:57.746000
adtfjmzvtk4z6rbx,failed,not_found,1336,163303F0583A1917326214379BD1AB2D286046EA,43C83536DACCD110FF11E049A890064F6F87BEB2,13EE0E14C6A2751633138277C1443A4C37DD55D4,2879464678D4DB5D2D2E419751B7B1EA45D0E055,2020-08-28 08:50:57.746000,2020-08-28 08:50:59.393000
adtfjmzvtk4z6rbx,failed,not_found,1587,163303F0583A1917326214379BD1AB2D286046EA,99339F3E68BCCC1391BF14C821D80766FE0C5956,1FC89C159EA0F96D52D8A7092BF938C509DB6984,288C100FFA656938C23F32207CAF0DA932ECD247,2020-08-28 08:50:59.393000,2020-08-28 08:51:01.910000
y26qqdefcrcjrec6,failed,not_found,153,163303F0583A1917326214379BD1AB2D286046EA,32437FADA2B55E6F446870203311860AD8588569,3E53D3979DB07EFD736661C934A1DED14127B684,37F3B91330C07A8F22F8D31545503E52627002CB,2020-08-28 08:50:46.441000,2020-08-28 08:50:47.562000
y26qqdefcrcjrec6,failed,not_found,209,163303F0583A1917326214379BD1AB2D286046EA,F5F4019509109A07E90C45A022CEED9ECA1643C8,27C69411CFFE9043D7C9B29CE65339B92A54D35D,37CED9BA892BB06999F2B8CB63861A064A26C1BB,2020-08-28 08:50:47.563000,2020-08-28 08:50:48.580000
y26qqdefcrcjrec6,failed,not_found,266,163303F0583A1917326214379BD1AB2D286046EA,0C93559D6D7E95B41561424345B0B176FBE66F00,63540827C4832D214984EA47B7A68C593F9F862F,05DC5DBEFB651BC02946DB3286F85DB1B5D2C3D6,2020-08-28 08:50:48.581000,2020-08-28 08:50:49.618000
y26qqdefcrcjrec6,failed,not_found,335,163303F0583A1917326214379BD1AB2D286046EA,0FF9E71478E9B35216D92F73A54969853EB5D4E9,F4A4D78F16E9A0353AD5BBEF4632C7022E20FB20,05C383DC813C464B7132569722BE5243A9FF735C,2020-08-28 08:50:49.618000,2020-08-28 08:50:51.372000
y26qqdefcrcjrec6,failed,not_found,479,163303F0583A1917326214379BD1AB2D286046EA,49791A9C1CD16463868F407C3968A3DCF1E9DC49,EAA823552F959DFD038E9AC8FA89345A738B6C00,05C621B44EF6833889AE7B7E2A0B476569C47E37,2020-08-28 08:50:51.373000,2020-08-28 08:50:52.735000
y26qqdefcrcjrec6,,,,,,,37DDF1906EE3DB96130A717EA54667C64DAC78DF,2020-08-28 08:50:52.736000,
ve664y4mg6r2zlk7,,,,,,,7AA7FC80E3E0D32E929D2CC094EACF529C95264C,2020-08-28 08:50:46.442000,
kv5w3bey6qjxs7af,failed,not_found,473,163303F0583A1917326214379BD1AB2D286046EA,B96B5141004995295FE87DCCE1A54519BD0BB48A,8E4A12024FE3A23467C5A63E3D6B431547D7C1E1,4837A6DFFC8E3681D70AD9E8D057C029093DA2F7,2020-08-28 08:50:47.413000,2020-08-28 08:50:53.074000
kv5w3bey6qjxs7af,failed,not_found,667,163303F0583A1917326214379BD1AB2D286046EA,0A592CE8A53AECDF9130D37245C6460B238728DF,DEF35CE8FCC5B5ED35DEC379A9EDF420FF419677,48077B31BC5DA51425D227BAA1E594AC06B29EA2,2020-08-28 08:50:53.074000,2020-08-28 08:50:54.803000
kv5w3bey6qjxs7af,failed,not_found,897,163303F0583A1917326214379BD1AB2D286046EA,B8123550BE6A39FF7EC2D015C86755517907557E,D5C6F62A5D1B3C711CA5E6F9D3772A432E96F6C2,482A687F14182974926CE0B3ACFFC8D6247ED7DF,2020-08-28 08:50:54.803000,2020-08-28 08:50:56.546000
kv5w3bey6qjxs7af,failed,not_found,1197,163303F0583A1917326214379BD1AB2D286046EA,32437FADA2B55E6F446870203311860AD8588569,0EFF185569EC180F7027C060C5CB71272B5F8C44,034AA4B30F77DF0FE183602EA7F8251FF2CF1BA2,2020-08-28 08:50:56.546000,2020-08-28 08:50:59.167000
kv5w3bey6qjxs7af,failed,not_found,1553,163303F0583A1917326214379BD1AB2D286046EA,A20CB2416BDECC60B681FEE20113361DB7DDE5DB,861BCFDD148973985E7FE97C7455C9E4AC4E13BE,0338F9F55111FE8E3570E7DE117EF3AF999CC1D7,2020-08-28 08:50:59.168000,2020-08-28 08:51:01.500000
kv5w3bey6qjxs7af,failed,not_found,2400,163303F0583A1917326214379BD1AB2D286046EA,E5CC91BAFE7CCD68003E873D32E38027638D49D7,91517F219F7648E4B8BBF3C162C77DDC55315612,0367E1FFAB716AC3F418CFB7CBB3BDB9403CD9CB,2020-08-28 08:51:01.501000,2020-08-28 08:51:09.330000
t7johzh7eoruzrdd,failed,not_found,195,163303F0583A1917326214379BD1AB2D286046EA,E9A90B9FF0574410695BA5F5C8354368221A7114,EE7CD2A763435C7006095BD167C790ABE5BC4DEA,194ED740056DD75140C82FEEB2CDD9099F60284D,2020-08-28 08:50:47.456000,2020-08-28 08:50:48.935000
t7johzh7eoruzrdd,failed,not_found,288,163303F0583A1917326214379BD1AB2D286046EA,62CF4982747BFDE3C0395A3894554BD8DC3C5D92,270934A4F7B669AA387F2D475FBE793D03694547,1939CC1B41298A49C0684878813DED5CD1A9EE98,2020-08-28 08:50:48.936000,2020-08-28 08:50:49.653000
t7johzh7eoruzrdd,failed,not_found,337,163303F0583A1917326214379BD1AB2D286046EA,F9246DEF2B653807236DA134F2AEAB103D58ABFE,0EFF185569EC180F7027C060C5CB71272B5F8C44,1944F3A473CB77B12BDB4E3D15963A24DF58E4E7,2020-08-28 08:50:49.654000,2020-08-28 08:50:50.653000
t7johzh7eoruzrdd,failed,not_found,411,163303F0583A1917326214379BD1AB2D286046EA,FAE19F64F4C3B5351D95D1794CDC6A6AD0C8CB83,50586E25BE067FD1F739998550EDDCB1A14CA5B2,80E476984A8FAA9C5686E9CF6BA13B9846778775,2020-08-28 08:50:50.653000,2020-08-28 08:50:51.743000
t7johzh7eoruzrdd,failed,not_found,528,163303F0583A1917326214379BD1AB2D286046EA,575F15A0A41B951BEE03E25B2A0A3FC3E8D7C7D1,8F89078575FEE57675A922E9E088918F63AC750C,80F89CB42A1257A6145C1B1D6463C795CB99A6A4,2020-08-28 08:50:51.743000,2020-08-28 08:50:53.105000
t7johzh7eoruzrdd,failed,not_found,672,163303F0583A1917326214379BD1AB2D286046EA,F4A4D78F16E9A0353AD5BBEF4632C7022E20FB20,7CD234DFEFE8F215EC9AE2BC1D2CAFC9E0D1CC00,80E3CAD69AAA9DE9ED9CB6531CA3D73F6FB9FE52,2020-08-28 08:50:53.106000,2020-08-28 08:50:54.793000
r7rpphsdurt64iq4,failed,not_found,196,163303F0583A1917326214379BD1AB2D286046EA,4E41B00F930F3E72530F339EF4C911CE97D2AE9E,AE95BDA37A5BB4685FEBB7F06649D6CE949B5316,73010D9C5A330C7D3E65057E88B871C4D5D233D5,2020-08-28 08:50:47.457000,2020-08-28 08:50:49.752000
r7rpphsdurt64iq4,failed,not_found,343,163303F0583A1917326214379BD1AB2D286046EA,651A05E6651DDA283B85223303A01066B1FFAEF8,EE4B332F13C3F8CCD9DCD86961B47F4AECA02CE6,F9D942D6A320777940A051C8A4B3EF3C0F28AD38,2020-08-28 08:50:49.753000,2020-08-28 08:50:51.204000
r7rpphsdurt64iq4,failed,not_found,457,163303F0583A1917326214379BD1AB2D286046EA,92D193A559D0B7CA5553928F079C12BCFC371DB8,97F6DA658EE4958B1F788EE07FB786A1D2FDE011,F9E97AAC7ACB6B48CA17FA55554FD6CB1651ED33,2020-08-28 08:50:51.205000,2020-08-28 08:50:53.345000
r7rpphsdurt64iq4,failed,not_found,728,163303F0583A1917326214379BD1AB2D286046EA,CE58CF666F209857502FCEAF1CB52F638AFFBD63,8EA58F28DCA60F56C6F2131BDFE9BF5FAF2233CE,F9E32D4058F7F35E9BC4F1D8C3B2DAA0C4466660,2020-08-28 08:50:53.345000,2020-08-28 08:50:55.437000
r7rpphsdurt64iq4,failed,not_found,973,163303F0583A1917326214379BD1AB2D286046EA,8A4C8FC6D63365E04ECB4B18EF61A9A52936E8AE,91BA193FB362FB7B6679A7A83A3050F3C44A5468,72FF4C64E28396446B58892C356B61A8018C5C95,2020-08-28 08:50:55.439000,2020-08-28 08:50:57.956000
r7rpphsdurt64iq4,failed,not_found,1440,163303F0583A1917326214379BD1AB2D286046EA,C395592F1D779E6775806AFFAD66199E3972DAA2,F3CEC87ED91E0B0B1D86BE4D7DE90F00B607ECAF,7327876AE79C997DFE311A7B15B4FA875736BBD1,2020-08-28 08:50:57.956000,2020-08-28 08:51:02.335000
n5baplm5mjqbnuki,failed,not_found,197,163303F0583A1917326214379BD1AB2D286046EA,3A9443710224E5182895C342D1D36C1D460A1206,EB6C53FB4F51C5E588A2B8FACFC77BB62028D130,6DFB4AC8B5E7B1AD0B3F5F465F774A421C66CBBA,2020-08-28 08:50:47.457000,2020-08-28 08:50:48.648000
n5baplm5mjqbnuki,failed,not_found,272,163303F0583A1917326214379BD1AB2D286046EA,2F2710152A2344B1DE3EF619E85CB1B298643D27,ACAE2A7000B2BEB08704AAA0A2DDCADD68E58A63,6DFEB41C04CCE846871338E85DD5ACF5CFB6C1DD,2020-08-28 08:50:48.650000,2020-08-28 08:50:49.923000
n5baplm5mjqbnuki,failed,not_found,351,163303F0583A1917326214379BD1AB2D286046EA,D3B72ADA2F3EEDA2BA98F645D620CA1C4060AAF4,CB1061AAD5B5995A3E3460D411D4AF24614AF01C,6DFEB2BFBFA9DBEDCE2DE932F9D16EE7E0530ED1,2020-08-28 08:50:49.924000,2020-08-28 08:50:50.994000
n5baplm5mjqbnuki,failed,not_found,431,163303F0583A1917326214379BD1AB2D286046EA,25B62C177559D53BDFC26C6EC31CBC25307196B1,8101421BEFCCF4C271D5483C5AABCAAD245BBB9D,E16C80C7061692FD68846AA922710691F19DBEA9,2020-08-28 08:50:50.994000,2020-08-28 08:50:53.181000
n5baplm5mjqbnuki,failed,not_found,687,163303F0583A1917326214379BD1AB2D286046EA,50A39337EC55FC25E863868E80771220E468FC4C,F3DF2415A5ECFB57835CF7E629C3AD0E1DA6732B,E17745C64255D2920D9B9FCF9EF930C426EE4A91,2020-08-28 08:50:53.182000,2020-08-28 08:50:54.660000
n5baplm5mjqbnuki,failed,not_found,870,163303F0583A1917326214379BD1AB2D286046EA,9171E15EBF665768F8EFAE2271D47D922C4EED46,103336165A0D2EFCAD3605339843A0A7710B8B92,E14B30A83FF80C576B2EC0F2C8A5F29D41B8DC8E,2020-08-28 08:50:54.660000,2020-08-28 08:50:56.545000
qjwyfp5edmtpts56,failed,not_found,253,163303F0583A1917326214379BD1AB2D286046EA,1C7215BC0123DDA23BDED0F9D2849D3AD80183CB,56781CCC9F6D29FEA148799AB588429C893A473C,09A70E396DE93F54D4541BBB0EC8E2B23761F34F,2020-08-28 08:50:48.420000,2020-08-28 08:50:49.248000
qjwyfp5edmtpts56,failed,not_found,699,163303F0583A1917326214379BD1AB2D286046EA,B568135C5E345BAFB080C11FDDF348E545A722E5,046F2D59A85FAE693676A87533717C57436261C2,E605E70E86A7777A22DF2259DFA9C5360B54346A,2020-08-28 08:50:49.249000,2020-08-28 08:50:54.799000
qjwyfp5edmtpts56,failed,not_found,892,163303F0583A1917326214379BD1AB2D286046EA,98350B16551452ABC7F3457D06032CD30F7280CE,B7F60A81737CE635E751C5BCA67BFD20DAF2615C,E5F3EDD927148C5EB4D7CB71DCBC91382F57A7A7,2020-08-28 08:50:54.800000,2020-08-28 08:50:56.563000
qjwyfp5edmtpts56,failed,not_found,1205,163303F0583A1917326214379BD1AB2D286046EA,ED3ACBBB89C5F1597A44A65D2FA203BDB8E208F2,672A56A583C658372E63ACEB43E7F791C2819548,09C2AA312AE0DDDF4C5E57CB1BE24158A5408590,2020-08-28 08:50:56.564000,2020-08-28 08:50:59.047000
qjwyfp5edmtpts56,failed,not_found,1545,163303F0583A1917326214379BD1AB2D286046EA,0F89912E6A4C4A8ACE43C58FF8B83CA299BFF74F,F0A3054C76604DC75D3F57F55C27F1BFB643F107,09DCA3360179C6C8A5A20DDDE1C54662965EF1BA,2020-08-28 08:50:59.048000,2020-08-28 08:51:01.250000
qjwyfp5edmtpts56,failed,not_found,1683,163303F0583A1917326214379BD1AB2D286046EA,BF37445EA2A9F3D04F4B87DFAC624AEF21B559D5,874D84382C892F3F61CC9E106BF08843DE0B865A,E61D63442BE06CC8CCA60C972DE1C3AE3DD7871E,2020-08-28 08:51:01.251000,2020-08-28 08:51:03.017000
4jq74suqaweqkmfu,failed,not_found,257,163303F0583A1917326214379BD1AB2D286046EA,49791A9C1CD16463868F407C3968A3DCF1E9DC49,59A755782C1F977D6DCD76C0EC450FFCC7C29E56,874D84382C892F3F61CC9E106BF08843DE0B865A,2020-08-28 08:50:48.464000,2020-08-28 08:50:49.300000
4jq74suqaweqkmfu,failed,not_found,309,163303F0583A1917326214379BD1AB2D286046EA,708A968F3644F8A547156368FEA3DB664110E631,6B9EA8927AB6E94E216067E65372182343A5AFA2,874E7DAFABA544679670EEFC917CE679EB00AB7E,2020-08-28 08:50:49.300000,2020-08-28 08:50:50.455000
4jq74suqaweqkmfu,failed,not_found,390,163303F0583A1917326214379BD1AB2D286046EA,6C620C35C0EA16657960882DE88B28968EBC8689,AEA4BCE398CE0F11D8B6A8A9DB1F4256815392A6,875F74A3DC14737BECA06F8B500022154D1A29D1,2020-08-28 08:50:50.455000,2020-08-28 08:50:52.426000
4jq74suqaweqkmfu,failed,not_found,570,163303F0583A1917326214379BD1AB2D286046EA,769A297017BB5E92A9A5A3D76725CA12D694AA30,A6E0F950CAC74AF867CA21976069529D6D4D3E30,5B9BB7A543C2C035A423A6B411780E50645782C0,2020-08-28 08:50:52.427000,2020-08-28 08:50:53.927000
4jq74suqaweqkmfu,failed,not_found,767,163303F0583A1917326214379BD1AB2D286046EA,8ABC4D5F6182C7E79B087D1ED9E5CF652C83E52C,74A55E12F6A9FD17165A356C00407F4D206E8368,5B701D5C806F91D8A3C6B3E92624727EC43E26C2,2020-08-28 08:50:53.927000,2020-08-28 08:50:55.439000
4jq74suqaweqkmfu,failed,not_found,1374,163303F0583A1917326214379BD1AB2D286046EA,A79F94117D73D4AFA4BCE340A3CB6E345C817594,CB4EBE9C475A60A5F2CDA92C83CE093BD945D940,5B7ECD80310B35E6B95FC887E143C889CF8C2841,2020-08-28 08:50:55.440000,2020-08-28 08:50:59.525000
nhb5ytfar34rznwt,failed,not_found,258,163303F0583A1917326214379BD1AB2D286046EA,CDAEBA458F6129776643751934076A51D851C348,890530C5B510A506F5CF206EFEC1595F96E727A5,A03F90269FDC58A55A83310E3C28E926446AA5C0,2020-08-28 08:50:48.464000,2020-08-28 08:50:49.518000
nhb5ytfar34rznwt,failed,not_found,329,163303F0583A1917326214379BD1AB2D286046EA,C0CBBD17F848C8F9A49104A96DB498013B30F14F,5DBAFEE3BF786896947F805EE3B3BD5C986506B0,A066E7983758C7CC0097E16ACF4F7B71BAFA44E9,2020-08-28 08:50:49.518000,2020-08-28 08:50:50.525000
nhb5ytfar34rznwt,failed,not_found,399,163303F0583A1917326214379BD1AB2D286046EA,201A38EB5484A1407436125753A316C81EF50678,D907BCD0B9510C462EEB0688FD5421CD2E172B77,9A9D48F3D5C572C87DE79236A3FA9353E08E3FF2,2020-08-28 08:50:50.525000,2020-08-28 08:50:51.452000
nhb5ytfar34rznwt,failed,not_found,495,163303F0583A1917326214379BD1AB2D286046EA,070229A4CC2CFFB24EB667298A7DB5E8D11EB701,963879BB424D9A637A63105D5C26A2453C2C2272,9A9BC34468AC1677782E4E56B27D947A9C991E2E,2020-08-28 08:50:51.453000,2020-08-28 08:50:52.773000
nhb5ytfar34rznwt,failed,not_found,620,163303F0583A1917326214379BD1AB2D286046EA,8A4C8FC6D63365E04ECB4B18EF61A9A52936E8AE,F24F8BEA2779A79111F33F6832B062BED306B9CB,A06B527FE05AF6EA0CDF52A43CD4D8C2F0F4862D,2020-08-28 08:50:52.774000,2020-08-28 08:50:54.329000
nhb5ytfar34rznwt,failed,not_found,822,163303F0583A1917326214379BD1AB2D286046EA,03F26766F14B0B7B5D22461083807D313429A34F,AC75BB0CC3E5CACA5A61972EC294B9F5C6A7EE61,9A8CD9CD62B29DB0549E2A117EB2F014F5AFFEF1,2020-08-28 08:50:54.330000,2020-08-28 08:50:55.956000
xt2nnyxul22lbktp,failed,not_found,259,163303F0583A1917326214379BD1AB2D286046EA,1FA62FDBB5A07B501D05F3C8D4344F0D7BA1BF97,547C1CDB516798EC66A01F04A5884DCE1A151919,8F7E120C1D4371FEA19E3C158C180D7DE4EE505C,2020-08-28 08:50:48.465000,2020-08-28 08:50:49.301000
xt2nnyxul22lbktp,failed,not_found,311,163303F0583A1917326214379BD1AB2D286046EA,7E7D257777019B80771C5F6FF63DB6D89AE5B067,64A0B5722613DDFC2EB84897C550FBF4A096DE0D,8FA37B93397015B2BC5A525C908485260BE9F422,2020-08-28 08:50:49.301000,2020-08-28 08:50:50.287000
xt2nnyxul22lbktp,failed,not_found,373,163303F0583A1917326214379BD1AB2D286046EA,157CED138D3DE9CBFB5AE0232A319C2980F6C409,DBE82FA23B9FE3CB2462A6FCF5289DED3CBF4AEE,B9962C193AE4313D625E9BFB9415C4306214D330,2020-08-28 08:50:50.287000,2020-08-28 08:50:51.585000
xt2nnyxul22lbktp,failed,not_found,509,163303F0583A1917326214379BD1AB2D286046EA,ACBF3D504CFF3D74D1991AFDF6AC070606232B10,2ACEC0EB4F92729B8CA22C868545866B9529431C,8F8911CEB5CAA353735DE1EF566B132AB649EF4C,2020-08-28 08:50:51.585000,2020-08-28 08:50:53.184000
xt2nnyxul22lbktp,failed,not_found,692,163303F0583A1917326214379BD1AB2D286046EA,35DA04A92634AF2392CBA6AF158E00B5589A1CFA,708A968F3644F8A547156368FEA3DB664110E631,B9C0B6825D5B16839A824BD15D56EDCDE6D7D5E9,2020-08-28 08:50:53.184000,2020-08-28 08:50:54.662000
xt2nnyxul22lbktp,failed,not_found,1423,163303F0583A1917326214379BD1AB2D286046EA,EAA823552F959DFD038E9AC8FA89345A738B6C00,1DE443C3D9C0DC4BB0144180DAF4A3C25BBC91EC,B9DE57771D72238A0D8C8D3269A255BA448413B0,2020-08-28 08:50:54.663000,2020-08-28 08:51:00.146000
miywyarmsvnrh5jp,failed,not_found,318,163303F0583A1917326214379BD1AB2D286046EA,9DB400402B545DC41DE342E14644F74B7DA4F789,5C221379E5782E7697377E7DB48F72B2F649E9E4,08C6EED76C8938B738316A34AA2923C432EC05B1,2020-08-28 08:50:49.413000,2020-08-28 08:50:50.522000
miywyarmsvnrh5jp,failed,not_found,394,163303F0583A1917326214379BD1AB2D286046EA,881F09279F94E9AAD3DE30727DF3AD7C2CE900DF,1804C06A266F0DA26DF58CD559E01C2F7C3FC42A,089318D2FA3DA0306BF2C19F15ACC24FE2E926D1,2020-08-28 08:50:50.522000,2020-08-28 08:50:51.841000
miywyarmsvnrh5jp,failed,not_found,476,163303F0583A1917326214379BD1AB2D286046EA,CE1FD7659F2DFE92B883083C0C6C974616D17F3D,3D8A65667A03D839050DCAD120085E257E029536,0882440874034AFBE2FBF16463A290F3278E24F7,2020-08-28 08:50:51.842000,2020-08-28 08:50:53.769000
miywyarmsvnrh5jp,failed,not_found,758,163303F0583A1917326214379BD1AB2D286046EA,FE1AF5E909002134BFF834F4AD5E1DE723779002,3239007CE1FB2ECDFDF2067DF23B949295DC5EF6,EA1AF22E93AC7B8A00DB3197913EE5CAE11FC2F7,2020-08-28 08:50:53.769000,2020-08-28 08:50:56.151000
miywyarmsvnrh5jp,,,,,,,E9F71AC06F29B2110E3FC09016B0E50407444EE2,2020-08-28 08:50:56.152000,
w77mav37o7ty7yo7,failed,not_found,321,163303F0583A1917326214379BD1AB2D286046EA,0D99F89BBB92BF5557F8D3F895DB218A72871089,5DB9AE27A44EB7B476CC04A66C67A71C97A001E6,1FBAE723F8186847E30EA1C03CCA3D4081D4E2F9,2020-08-28 08:50:49.470000,2020-08-28 08:50:50.371000
w77mav37o7ty7yo7,failed,not_found,385,163303F0583A1917326214379BD1AB2D286046EA,A1C14FF9EA447CF3D9D57391CB9B6B2D3F5CE92D,38F21DEE29E40DCDF9460A80662B7723562CA008,EAB20BD4083C820EC8329ED5AEBF12019A7749F3,2020-08-28 08:50:50.371000,2020-08-28 08:50:51.684000
w77mav37o7ty7yo7,failed,not_found,525,163303F0583A1917326214379BD1AB2D286046EA,91517F219F7648E4B8BBF3C162C77DDC55315612,29DDD25C8383FDA559D4E0E88F820AB88C26212A,1F9BE9467BCA4D7502CDCCEE79BA3E666868EC1C,2020-08-28 08:50:51.684000,2020-08-28 08:50:52.967000
w77mav37o7ty7yo7,failed,not_found,652,163303F0583A1917326214379BD1AB2D286046EA,3FE1AA163445DC0E0677B5227F507907C4872A30,049852A10805835E9AB2C551D6C438BE6DE8B24C,1F97BE0788A261FF978C082E0AB44ADD96AF1F7A,2020-08-28 08:50:52.968000,2020-08-28 08:50:54.564000
w77mav37o7ty7yo7,failed,not_found,856,163303F0583A1917326214379BD1AB2D286046EA,AC5CECEF6AF649F2A7F047D102FE9B461DA9234E,7B0D94D348D9F98C50B6674C5CB17AF35EA2605F,EAA088440B100FF8407266B5D4853FFB16A8CB67,2020-08-28 08:50:54.565000,2020-08-28 08:50:56.215000
w77mav37o7ty7yo7,failed,not_found,1104,163303F0583A1917326214379BD1AB2D286046EA,767E444E1FA1DA75F3B77479DB5AE2FA3FFF75CC,7B700C0C207EBD0002E00F499BE265519AC3C25A,EAA823552F959DFD038E9AC8FA89345A738B6C00,2020-08-28 08:50:56.215000,2020-08-28 08:50:57.998000
homnzu5lehq5jnbf,failed,not_found,322,163303F0583A1917326214379BD1AB2D286046EA,F7D3EF888541DDE246D36F4E7C8E90F24618910E,0F6E56C326DC9719942E8BBA58C22F71332DA891,22A3E5C3A74CC41D21E90F14862D3FAA9F41506C,2020-08-28 08:50:49.470000,2020-08-28 08:50:50.523000
homnzu5lehq5jnbf,,,,,,,EDC9D832FBEAF949F610D3F6A55537291B4E8F26,2020-08-28 08:50:50.523000,
kwasfaakfciozbtm,failed,not_found,325,163303F0583A1917326214379BD1AB2D286046EA,2F09BD6D9A2D5A7D6D26C17651CE8ECF0B7BA257,0B25110BA3473A6DC04AB58A3A0D5E4D6922A0E0,527826EF1856C0614DE01EB40A4B97C3F7DFC6A5,2020-08-28 08:50:49.472000,2020-08-28 08:50:51.101000
kwasfaakfciozbtm,failed,not_found,443,163303F0583A1917326214379BD1AB2D286046EA,11ABDB4D0B944F186A898560CB82C70439957DCA,CDA2C336AD87E22DF02983887A3F74B21070D02D,B135DDBA0C309640D8311575A334157EA28E3FAF,2020-08-28 08:50:51.101000,2020-08-28 08:50:52.162000
kwasfaakfciozbtm,failed,not_found,560,163303F0583A1917326214379BD1AB2D286046EA,DA8E36914466CA191566C3AD3681ADD110707D05,E351F94CF18E8CE8837549497B48559FA9D8B229,B1192B1BAD3AD0A15AFC89FEBB23ACC05930B4E3,2020-08-28 08:50:52.163000,2020-08-28 08:50:55.838000
kwasfaakfciozbtm,failed,not_found,1048,163303F0583A1917326214379BD1AB2D286046EA,3D6C776E8BE9E8AE5D0591594117999E3C5498C8,82ED9AEC94184EC6DD299A5CDB3378B04BB17489,B13C2C569F3FD0C530B7D96E5FF7933DF7A0E834,2020-08-28 08:50:55.838000,2020-08-28 08:50:57.905000
kwasfaakfciozbtm,failed,not_found,1399,163303F0583A1917326214379BD1AB2D286046EA,63540827C4832D214984EA47B7A68C593F9F862F,672A56A583C658372E63ACEB43E7F791C2819548,529CA3EB08AD6EC1791B5110AA3540A4CFA1197F,2020-08-28 08:50:57.905000,2020-08-28 08:50:59.927000
kwasfaakfciozbtm,failed,not_found,1691,163303F0583A1917326214379BD1AB2D286046EA,6565F31D9EC0C7DFFEA1920BE3BA4C73EF35B5C4,8C3AD2C2AAF7F7B7E92B81F13C1A9267B39416DA,5293A831F0EF51460B37B37C239BC975C077E920,2020-08-28 08:50:59.928000,2020-08-28 08:51:03.561000
p3avs7q5ps2ofbgp,failed,not_found,307,163303F0583A1917326214379BD1AB2D286046EA,B872BA6804C8C6E140AE1897B44CF32B42FD2397,7776F1FCE7027DA8FE3E2C35736661E02CCA12F8,6111C6005AB56498BE5E35666B2522CEBE17D14E,2020-08-28 08:50:50.522000,2020-08-28 08:50:51.280000
p3avs7q5ps2ofbgp,failed,not_found,466,163303F0583A1917326214379BD1AB2D286046EA,7F3D20E72A24ED2EBD92AA9C430B805BA389D02B,9413E5D74EFDCA7C36FCA9664B98C48C93FE33C7,60F2139EA3E06410A05CBD6E8254E60A9063AD9D,2020-08-28 08:50:51.281000,2020-08-28 08:50:52.968000
p3avs7q5ps2ofbgp,failed,not_found,657,163303F0583A1917326214379BD1AB2D286046EA,ACF165754601059ED2E472F893AD0FA4CAF1142D,E3E75603998661EA67C6767493FC606830DDC345,61004152C709672EE739F2667B56EF5550A51332,2020-08-28 08:50:52.968000,2020-08-28 08:50:54.268000
p3avs7q5ps2ofbgp,failed,not_found,813,163303F0583A1917326214379BD1AB2D286046EA,DC2B1E4348AF306326FA63EEDB76EA6139133485,DB5A100152FB7937F02F00B5DDFFFD012789C242,539ABCC9AF0FD80278E89457A1663DABAEBF81DD,2020-08-28 08:50:54.268000,2020-08-28 08:50:55.921000
p3avs7q5ps2ofbgp,failed,not_found,1056,163303F0583A1917326214379BD1AB2D286046EA,B3DA9D673321B92253DCCD38A9740F2C562C91EA,B56B9FE93F83B4FA69234B17A060E8A8E7446D19,53B1C6E35706C9EC30B9468B61DFBB67F29BFC2F,2020-08-28 08:50:55.921000,2020-08-28 08:50:57.904000
p3avs7q5ps2ofbgp,failed,not_found,1471,163303F0583A1917326214379BD1AB2D286046EA,F740DDDB1A6B536B5CC47111BFE4E2F7CF9B4C28,8A00CE9638BDB4686B91F1F0B229DB3F8C9B8415,539572FE3430A83E8F502052FC7E178E20A07EE0,2020-08-28 08:50:57.904000,2020-08-28 08:51:01.092000
2q7tnbfeid2d7uba,failed,not_found,398,163303F0583A1917326214379BD1AB2D286046EA,2AA5F598F9A1812F01CD99E3B59BB87362ED7438,8DCB526722FBE2B3F4C0CE9D020B0589170F8BDA,E7EF73B4722CFAF0E8AA2151D3AA78701DE5F19B,2020-08-28 08:50:50.525000,2020-08-28 08:50:51.281000
2q7tnbfeid2d7uba,failed,not_found,467,163303F0583A1917326214379BD1AB2D286046EA,AA98AE4BDB6E03BAA48011CAE828ECEC50B029C8,C63110BDD8736D2C2A733FF962F58D58FDE63A2D,F80FDE27EFCB3F6A7B4E2CC517133DBFFA78BA2D,2020-08-28 08:50:51.281000,2020-08-28 08:50:53.272000
2q7tnbfeid2d7uba,failed,not_found,1291,163303F0583A1917326214379BD1AB2D286046EA,870E97E5846D8308EA469A5BB5A50D2838503DBE,5C8B811887778DCF705F3D39F19E40A21889451F,F81F63FDF6B566D63D3A1112FC9D3EA1D3A285D1,2020-08-28 08:50:53.273000,2020-08-28 08:50:59.705000
2q7tnbfeid2d7uba,failed,not_found,1682,163303F0583A1917326214379BD1AB2D286046EA,CB92FA4D7D71F134CE1F1FFF2BFF53E88DD4A1DB,EFA2E7B073AA4CE2DAF7160F23C90DB805948F4A,E7C1FAFB7525149A0E911512F511D942BA5EEAAF,2020-08-28 08:50:59.705000,2020-08-28 08:51:02.757000
2q7tnbfeid2d7uba,failed,not_found,2045,163303F0583A1917326214379BD1AB2D286046EA,C9B68C802CA20C3E4FA46D77153D6EDC80F13CF5,1C8B3C3D8BC705883B7799C915B2FE1E0FEB006F,E7F857B4B22749220BB5F0316A0A38B713DC9DAB,2020-08-28 08:51:02.757000,2020-08-28 08:51:06.209000
2q7tnbfeid2d7uba,failed,not_found,2749,163303F0583A1917326214379BD1AB2D286046EA,E97D754577161C2BEF19042F6E1931D8F3E57DFE,A9193230DD5FE87B5C72371B28D845F44FCEDC4F,F863275B6D445E2E538E0E2F4C4FEA4878E2B2D1,2020-08-28 08:51:06.209000,2020-08-28 08:51:16.328000
3rwnvzx4z2a3xzws,failed,not_found,402,163303F0583A1917326214379BD1AB2D286046EA,24D0491A2ADAAB52C17625FBC926D84477AEA322,9684C4D6C71131EEEF2E5C23C3EA234A684CD501,85D4088148B1A6954C9BFFFCA010E85E0AA88FF0,2020-08-28 08:50:50.545000,2020-08-28 08:50:51.683000
3rwnvzx4z2a3xzws,failed,not_found,521,163303F0583A1917326214379BD1AB2D286046EA,B1080EA61CAF5763139E7B596F37FE9830311C8F,C130DD914A8D0E484E68DCC681B434A0BA044D9D,85DAAD9E218754DEC27F90DA3952F44D6D434AEB,2020-08-28 08:50:51.683000,2020-08-28 08:50:53.302000
3rwnvzx4z2a3xzws,failed,not_found,723,163303F0583A1917326214379BD1AB2D286046EA,39379E4177FFFB0ED90C2013D97668BD284A1798,0122A605B7C170D6086143448273D9A9844B69E2,85ED839A03D10C46219609625D7FEAE59EDCCFDD,2020-08-28 08:50:53.303000,2020-08-28 08:50:55.198000
3rwnvzx4z2a3xzws,failed,not_found,1558,163303F0583A1917326214379BD1AB2D286046EA,E36536404200A74930DB165858BD5BB554D2BEA2,8E4A12024FE3A23467C5A63E3D6B431547D7C1E1,DAD06DC1175ADBF63AEBEE98494366A1B37D876B,2020-08-28 08:50:55.198000,2020-08-28 08:51:01.404000
3rwnvzx4z2a3xzws,failed,not_found,1868,163303F0583A1917326214379BD1AB2D286046EA,DBE82FA23B9FE3CB2462A6FCF5289DED3CBF4AEE,4CA64E677ECFF23B138CFE70A6A02E94BDF3A805,DAC825BBF05D678ABDEA1C3086E8D99CF0BBF112,2020-08-28 08:51:01.404000,2020-08-28 08:51:04.353000
3rwnvzx4z2a3xzws,failed,not_found,2335,163303F0583A1917326214379BD1AB2D286046EA,DEA98B7F9BA8B7F8A098D3939A6FE446084B48E7,3239007CE1FB2ECDFDF2067DF23B949295DC5EF6,DAD19570682F47FB775B263330BD62B7BF0DEEA8,2020-08-28 08:51:04.354000,2020-08-28 08:51:08.379000
a3nfqurguaa6fwcv,failed,not_found,405,163303F0583A1917326214379BD1AB2D286046EA,D14EC16949648CEE84EA1664445029EA4B597074,4C5B8134341E66CB09246985E4039F9BFC0ADCE3,B1192B1BAD3AD0A15AFC89FEBB23ACC05930B4E3,2020-08-28 08:50:50.546000,2020-08-28 08:50:51.661000
a3nfqurguaa6fwcv,failed,not_found,518,163303F0583A1917326214379BD1AB2D286046EA,1099983E2C5C3ECDAD0B7D5AABD2AC6BF2CBBF70,3239007CE1FB2ECDFDF2067DF23B949295DC5EF6,B13C2C569F3FD0C530B7D96E5FF7933DF7A0E834,2020-08-28 08:50:51.661000,2020-08-28 08:50:52.917000
a3nfqurguaa6fwcv,failed,not_found,639,163303F0583A1917326214379BD1AB2D286046EA,39C6F833D4B09524770D3655DF825A11213CA0A9,A597AC866E40CAB5A67759ADE4942192E99DE684,B135DDBA0C309640D8311575A334157EA28E3FAF,2020-08-28 08:50:52.917000,2020-08-28 08:50:54.267000
a3nfqurguaa6fwcv,failed,not_found,812,163303F0583A1917326214379BD1AB2D286046EA,A231513B758330E6E6DB18F5B6EC6DAAA406C31D,2FD03FFE27AF20DD6B1CBE5ABEFEF7B06693D557,0CB40D12177CBABAB87652BBFC00A7E6F4434D3E,2020-08-28 08:50:54.268000,2020-08-28 08:50:56.215000
a3nfqurguaa6fwcv,failed,not_found,1105,163303F0583A1917326214379BD1AB2D286046EA,3F3E911D64F8DED71208D614782ABED41F4D7A0D,CC14D57359855290BD8036A8F77346DCB85F5851,0CD62346D1B5CB1648DDA907F818B0DFEA752E88,2020-08-28 08:50:56.216000,2020-08-28 08:50:59.336000
a3nfqurguaa6fwcv,failed,not_found,1579,163303F0583A1917326214379BD1AB2D286046EA,E3D61BAEA0B7CB12CACEDC8821C520557BDFCEA3,4B483F57D9660EBF33FA3CCA670FFD1BBB0F315A,0C93559D6D7E95B41561424345B0B176FBE66F00,2020-08-28 08:50:59.338000,2020-08-28 08:51:01.756000
b67j4gjlbkjkshi2,failed,not_found,498,163303F0583A1917326214379BD1AB2D286046EA,6287129CB9EC475E816A0D283FE4E45D632A4A4B,061E0496931D23A81A2B685C9339D36857DD0FA1,619349D82424C601CAEB94161A4CF778993DAEE7,2020-08-28 08:50:51.532000,2020-08-28 08:50:53.200000
b67j4gjlbkjkshi2,failed,not_found,713,163303F0583A1917326214379BD1AB2D286046EA,2ED8654AD1B8C25F3EB83156B07EA35BE6132F0C,00342C0E155D4542E55391788B2D779F14578DEB,DE46A42423304FC3793C73649539DDA309122A65,2020-08-28 08:50:53.201000,2020-08-28 08:50:56.004000
b67j4gjlbkjkshi2,failed,not_found,1069,163303F0583A1917326214379BD1AB2D286046EA,EE7CD2A763435C7006095BD167C790ABE5BC4DEA,648E97719EDEC4F0E08F1CEB8D24F2C8F587344C,615ABEA2DE76EB3760BC51E7306BAA59F15CD8F2,2020-08-28 08:50:56.005000,2020-08-28 08:50:57.917000
b67j4gjlbkjkshi2,failed,not_found,1407,163303F0583A1917326214379BD1AB2D286046EA,B1B8EE3BD207009B0CBA4346BBBA559EECFC0175,9BAAA9CBA3109C2C807F2E84D5C9C0C8C147DCE6,DE1F613AEF875E5FCD1E471866A8DE4BEC2F1160,2020-08-28 08:50:57.918000,2020-08-28 08:51:00.822000
b67j4gjlbkjkshi2,failed,not_found,1786,163303F0583A1917326214379BD1AB2D286046EA,C7E332093AD8D8CBBED8AA6136BDDBC337A87BF4,0FF7D03AC5F31F93E3AE11ABF74313D071E11ED3,DE29A5C0DB38AA229286B237798D8817EE6B75E2,2020-08-28 08:51:00.822000,2020-08-28 08:51:03.795000
b67j4gjlbkjkshi2,failed,not_found,2710,163303F0583A1917326214379BD1AB2D286046EA,BF0FB582E37F738CD33C3651125F2772705BB8E8,63DE54637F349FD686CF1C036827B5BE826B9F7C,614094CAF0701EB568106E60EC12A785E704AE0F,2020-08-28 08:51:03.796000,2020-08-28 08:51:13.312000
ug7ltkynbriesiib,failed,not_found,503,163303F0583A1917326214379BD1AB2D286046EA,A8503903F97FF27F5D1C3CA38817329F581925E6,47E1157F7DA6DF80EC00D745D73ACD7B0A380BCF,33AA6CFE161A698169B548C9D973DAE6DED6BF0E,2020-08-28 08:50:51.555000,2020-08-28 08:50:53.145000
ug7ltkynbriesiib,failed,not_found,1290,163303F0583A1917326214379BD1AB2D286046EA,2EB3C230180694A1E848001E20F36F76A2287039,1E03D81C9744DE0E3C9DE6E6FBDF1DF9DAEA5AFC,33B07D509C6D67006C9AE29ECD4F8EAD1B1112CB,2020-08-28 08:50:53.145000,2020-08-28 08:50:59.495000
ug7ltkynbriesiib,failed,not_found,1618,163303F0583A1917326214379BD1AB2D286046EA,9B5ED3370E002AEBB2A9B25E3213C1817CCD2D88,56781CCC9F6D29FEA148799AB588429C893A473C,33DBA330433E2915BD0EE66787A48863C818C0BB,2020-08-28 08:50:59.495000,2020-08-28 08:51:02.068000
ug7ltkynbriesiib,failed,not_found,1973,163303F0583A1917326214379BD1AB2D286046EA,C1335B1DB938644FCD54EE744D91354F94EDD1BC,D408EA531AA2FA90F25BD14283D38FDBB2094BA3,7145E72C955B5A8A2CDACA6C3953BC5ECD79E102,2020-08-28 08:51:02.069000,2020-08-28 08:51:05.639000
ug7ltkynbriesiib,failed,not_found,2457,163303F0583A1917326214379BD1AB2D286046EA,01384A5D9C6D34352701BF86D04E5F406CB256AE,0B841CB70F9ED1FD0322C2BA2EB0D80420D87CFA,714724B5D72158B36AC147270D5B0AE915FC1FE9,2020-08-28 08:51:05.639000,2020-08-28 08:51:10.301000
ug7ltkynbriesiib,failed,not_found,3115,163303F0583A1917326214379BD1AB2D286046EA,221546DAE86B003139B13BD6F6AE1B4B42B59DF8,25990FC54D7268C914170A118EE4EE75025451DA,714425418EEEDFACC86D87544B265892E98FA32B,2020-08-28 08:51:10.302000,2020-08-28 08:51:17.955000
gzuppzcilwaqi3xn,failed,not_found,578,163303F0583A1917326214379BD1AB2D286046EA,C0DAAAE5EE461BBE13945FE4B52F32ABDC6BC376,32437FADA2B55E6F446870203311860AD8588569,E54B0FA7D957593344B0C316C83ABC1CD2EE87EA,2020-08-28 08:50:51.583000,2020-08-28 08:50:54.438000
gzuppzcilwaqi3xn,failed,not_found,1421,163303F0583A1917326214379BD1AB2D286046EA,E3E75603998661EA67C6767493FC606830DDC345,94EC34B871936504BE70671B44760BC99242E1F3,E56F07759E704C4F53334E161066F12FAF7F7C97,2020-08-28 08:50:54.438000,2020-08-28 08:51:02.771000
gzuppzcilwaqi3xn,failed,not_found,2087,163303F0583A1917326214379BD1AB2D286046EA,E9CE81CC21B63FD316F642E6AF867D6FE0C3A847,EFCCA5852D18207A7A93C13EF3460458CAAEA9D9,E5507444DAC04539B8DC624299616141B0DB64D5,2020-08-28 08:51:02.771000,2020-08-28 08:51:06.230000
gzuppzcilwaqi3xn,failed,not_found,2750,163303F0583A1917326214379BD1AB2D286046EA,79C674E6C1AC90687CCCF644D24C17AC1E535A3C,5293A831F0EF51460B37B37C239BC975C077E920,1E5618C079D74CF9AE0C5370DE4C6E1AFD5C0B39,2020-08-28 08:51:06.231000,2020-08-28 08:51:13.314000
gzuppzcilwaqi3xn,failed,not_found,3447,163303F0583A1917326214379BD1AB2D286046EA,6C251FA7F45E9DEDF5F69BA3D167F6BA736F49CD,088A6237EED87EDEB0E1E3AD0A4A419F963F0787,1E6B6975DA40EFCC52B23806D5704FF6D5746560,2020-08-28 08:51:13.314000,2020-08-28 08:51:22.978000
gzuppzcilwaqi3xn,,,,,,,1E63C2CED3B6DDCD1078B2A4F10C8A48BD2C31A0,2020-08-28 08:51:22.978000,
d7hhthdo7rv2i6ej,failed,not_found,510,163303F0583A1917326214379BD1AB2D286046EA,53134D9637D9FBE565FA1E3AF82B23CC964C56D6,BEA635C89C057DB8E879572C6A2C188239CFAD68,65A90AB81C44DD7D9B73B5529B1151798534AF74,2020-08-28 08:50:51.632000,2020-08-28 08:50:53.347000
d7hhthdo7rv2i6ej,failed,not_found,733,163303F0583A1917326214379BD1AB2D286046EA,6BC9996C0132F861100E901027C6622E493F7954,113BEEBA400E58874EE0EB94849DEEF9564290C2,65BCA5B95D3631771AF358CC73933F85B68DDFA4,2020-08-28 08:50:53.348000,2020-08-28 08:50:56.005000
d7hhthdo7rv2i6ej,failed,not_found,1070,163303F0583A1917326214379BD1AB2D286046EA,5BF17163CBE73D8CD9FDBE030C944EA05707DA93,5FD0ECB853CF3E97F6F77787C3B6D7ED31F591FF,65B1E5658FDB9950F9822B90D76C30616898CCC8,2020-08-28 08:50:56.006000,2020-08-28 08:50:58.728000
d7hhthdo7rv2i6ej,failed,not_found,1529,163303F0583A1917326214379BD1AB2D286046EA,BF0FB582E37F738CD33C3651125F2772705BB8E8,BEA635C89C057DB8E879572C6A2C188239CFAD68,9971F51A3274758B5C59E1D6580ED2C13E13CBEC,2020-08-28 08:50:58.728000,2020-08-28 08:51:00.754000
d7hhthdo7rv2i6ej,failed,not_found,1778,163303F0583A1917326214379BD1AB2D286046EA,C013F6A7A2297FA4CD00D05EF4A1C5222B844B25,D7829A21726220AF77401BE5B2B132963A0BE82B,9973E1E9730A58FDBA9E112D2B3342D2C0D921B5,2020-08-28 08:51:00.754000,2020-08-28 08:51:03.668000
d7hhthdo7rv2i6ej,failed,not_found,2812,163303F0583A1917326214379BD1AB2D286046EA,8CDF2F3A8ABD834CF9F3E8FC202DF64625BFB443,D8A2D0080B0C73E1DC0EC9F33B497F64E5FB3F52,996F98DDCDA5A303C0832AC8F842D8DD2842D3BF,2020-08-28 08:51:03.668000,2020-08-28 08:51:13.832000
vlndnjsn5koajnpa,,,,,,,93F4DAF4F0DE5E6867CE20A0F9C7C059834DACAE,2020-08-28 08:50:52.545000,
xtv6gz4o3pfoe4ur,failed,not_found,590,163303F0583A1917326214379BD1AB2D286046EA,DF02E357B268BA6E9029FA6DFB8BC289E7763FCF,2FD0BA57A34DC2792AF470398F72F37F9E51DC2D,12CF6DB4DAE106206D6C6B09988E865C0509843B,2020-08-28 08:50:52.615000,2020-08-28 08:50:53.997000
xtv6gz4o3pfoe4ur,failed,not_found,772,163303F0583A1917326214379BD1AB2D286046EA,98AEF7B834D688773CE2BCC5A32761A4943CF623,12D552E8AF7AA2B71B218B5BBF6A5FEFA6F26BA0,CE47F0356D86CF0A1A2008D97623216D560FB0A8,2020-08-28 08:50:53.998000,2020-08-28 08:50:55.320000
xtv6gz4o3pfoe4ur,failed,not_found,950,163303F0583A1917326214379BD1AB2D286046EA,E97DAC45ED2AB46DD830A279BDCC7AFCE10EE674,F15A2A08BF91017DCFB6042171635661E13A8256,CE564F43529BBC5A78D804496B656E97BFABE66C,2020-08-28 08:50:55.320000,2020-08-28 08:50:57.746000
xtv6gz4o3pfoe4ur,failed,not_found,1810,163303F0583A1917326214379BD1AB2D286046EA,B9E7A637B00BBB77853A639CC33245A2FEB8F033,6245DC873D6F613C795D48663D65BD8A2266CAF6,CE58CF666F209857502FCEAF1CB52F638AFFBD63,2020-08-28 08:50:57.747000,2020-08-28 08:51:03.669000
xtv6gz4o3pfoe4ur,failed,not_found,2231,163303F0583A1917326214379BD1AB2D286046EA,23AD6B165137D957C09AA0F7A3EE7B05CEC4A8F2,C0CBBD17F848C8F9A49104A96DB498013B30F14F,12AD30E5D25AA67F519780E2111E611A455FDC89,2020-08-28 08:51:03.670000,2020-08-28 08:51:07.882000
xtv6gz4o3pfoe4ur,failed,not_found,2857,163303F0583A1917326214379BD1AB2D286046EA,0F89912E6A4C4A8ACE43C58FF8B83CA299BFF74F,356ACBA2D112CA4D1457F27D2EA0759BF82EE898,12B3C5C30C92E649B9CE0D313071D9429A8710A2,2020-08-28 08:51:07.882000,2020-08-28 08:51:14.830000
msluntwypbsczxg7,failed,not_found,594,163303F0583A1917326214379BD1AB2D286046EA,3A30D99AE164733D16AA3A86D67B1D8B82A07FF5,F6740DEABFD5F62612FA025A5079EA72846B1F67,6117337636B8CB979F09B67530477DFFCA61BF88,2020-08-28 08:50:52.629000,2020-08-28 08:50:54.501000
msluntwypbsczxg7,failed,not_found,851,163303F0583A1917326214379BD1AB2D286046EA,1E03D81C9744DE0E3C9DE6E6FBDF1DF9DAEA5AFC,AD1FC4AE877B2FFEB3C84F1A6B76E9B057AAEF4E,318CB7FC0EAEB92311EB51B5B78E3CAD45EBCF21,2020-08-28 08:50:54.502000,2020-08-28 08:50:56.216000
msluntwypbsczxg7,failed,not_found,1113,163303F0583A1917326214379BD1AB2D286046EA,D0273C8566CC9AECE4C762376C9B066FE0F1DADD,68F175CCABE727AA2D2309BCD8789499CEE36ED7,61004152C709672EE739F2667B56EF5550A51332,2020-08-28 08:50:56.217000,2020-08-28 08:50:58.124000
msluntwypbsczxg7,failed,not_found,1472,163303F0583A1917326214379BD1AB2D286046EA,49791A9C1CD16463868F407C3968A3DCF1E9DC49,876C7CE43774366250D3E768E690DAB9D4B5D5A3,318CAD1A00B33D2F65958210B09B8937836E99AF,2020-08-28 08:50:58.124000,2020-08-28 08:51:00.652000
msluntwypbsczxg7,failed,not_found,1738,163303F0583A1917326214379BD1AB2D286046EA,A08B3E65331F29C960A8EB6F5D90B66A05D26CB5,304B631B1BC51705DAE7BAF566487AFE25807380,31419A64188BC8070EE89F3CEE6AA98EAAC7E8E8,2020-08-28 08:51:00.652000,2020-08-28 08:51:03.363000
msluntwypbsczxg7,failed,not_found,2054,163303F0583A1917326214379BD1AB2D286046EA,BEBA52AC89045D6EAD68E977DF3F98BCF8330AAF,B86137AE9681701901C6720E55C16805B46BD8E3,6111C6005AB56498BE5E35666B2522CEBE17D14E,2020-08-28 08:51:03.364000,2020-08-28 08:51:05.747000
x4t34ymjp3irlgai,failed,not_found,607,163303F0583A1917326214379BD1AB2D286046EA,1804C06A266F0DA26DF58CD559E01C2F7C3FC42A,18671DE5092C67883BFB2450C3267B92618BEC66,CB81BCFD44FC142616BB5983648BD8AF01930789,2020-08-28 08:50:52.739000,2020-08-28 08:50:54.954000
x4t34ymjp3irlgai,failed,not_found,833,163303F0583A1917326214379BD1AB2D286046EA,EE7CD2A763435C7006095BD167C790ABE5BC4DEA,8737307DE84C2621E6399E99123967A9590297F2,CB72A74E8197DF3B33EE6A0895E5BB871D10CF92,2020-08-28 08:50:54.955000,2020-08-28 08:50:55.782000
x4t34ymjp3irlgai,failed,not_found,1041,163303F0583A1917326214379BD1AB2D286046EA,03CFF90060461087D34FFB7B485C3AD30143775C,C239952D0C8E4EABC3E6B0A8E0B623689174E3C6,88E08A32B675A7256DB1A18BC8001EF26BF2D981,2020-08-28 08:50:55.783000,2020-08-28 08:50:57.884000
x4t34ymjp3irlgai,failed,not_found,1382,163303F0583A1917326214379BD1AB2D286046EA,3CEA56B817455E13C4B063E7D3E7726C286F7C9B,FB806F6022715C38A516157076025DDE81C37C1C,CB6D9B6B1ED3E0186E3019EFA8AA34E7E57913C0,2020-08-28 08:50:57.884000,2020-08-28 08:50:59.994000
x4t34ymjp3irlgai,failed,not_found,1563,163303F0583A1917326214379BD1AB2D286046EA,AD1FC4AE877B2FFEB3C84F1A6B76E9B057AAEF4E,D31207D57A59A5739D76FEB094C9138724FE1822,88DF5D708E931C431902AAABEA981E7951E00085,2020-08-28 08:50:59.995000,2020-08-28 08:51:02.632000
x4t34ymjp3irlgai,failed,not_found,1997,163303F0583A1917326214379BD1AB2D286046EA,E7D905C35C9663AB4D2D69E7DAAB76C57E03CBF3,9288B75B5FF8861EFF32A6BE8825CC38A4F9F8C2,88D5F0BD87F9BC1A96FCBFDCEDB1C0E6BAB1D14E,2020-08-28 08:51:02.632000,2020-08-28 08:51:05.231000
63lru5jgnzi6sh6d,failed,not_found,738,163303F0583A1917326214379BD1AB2D286046EA,E546C96AEB2258BD0733949027E8F96156F6B290,5F9141428BF5EAE485F0E2F7912DEDED4F4D17A7,73B1D3EDF0BD6BA63820CEFC4FD7D9FEFAD513D7,2020-08-28 08:50:53.446000,2020-08-28 08:50:55.502000
63lru5jgnzi6sh6d,,,,,,,2FC9C98197456811E1B81C88848C722AF250582C,2020-08-28 08:50:55.503000,
g7wipzia6lcqbulo,failed,not_found,743,163303F0583A1917326214379BD1AB2D286046EA,BCDE75725B927738B6FD34EA2D78F4FA77B99848,F8DE8132E599A194E20DDB738AF64A7200CD5949,86FBA753C8D25653E086B98FFF8AA084F862DB67,2020-08-28 08:50:53.522000,2020-08-28 08:50:55.158000
g7wipzia6lcqbulo,failed,not_found,932,163303F0583A1917326214379BD1AB2D286046EA,E76E2BC2FC9273BFBA38947EB5572076270D49D5,4EC87AABE9867796D26CD4B1D2A0682401807280,CCF38C8682E5936852F6F33A0A333AFF30CA453F,2020-08-28 08:50:55.158000,2020-08-28 08:50:57.296000
g7wipzia6lcqbulo,failed,not_found,1129,163303F0583A1917326214379BD1AB2D286046EA,7992F172EDBE69B99F0190651BAC14DD0FD9E5C8,B3DA9D673321B92253DCCD38A9740F2C562C91EA,CCF28BC8FB26C8C172DEE741702056914D2849BD,2020-08-28 08:50:57.297000,2020-08-28 08:50:58.146000
g7wipzia6lcqbulo,failed,not_found,1480,163303F0583A1917326214379BD1AB2D286046EA,EE010EF80A27AC0B02CDC2B8B214A6201BB02D2B,F6740DEABFD5F62612FA025A5079EA72846B1F67,CCD879EE5FBC5FE758C8EC098D40372C7C82C5C0,2020-08-28 08:50:58.146000,2020-08-28 08:51:00.344000
g7wipzia6lcqbulo,failed,not_found,2499,163303F0583A1917326214379BD1AB2D286046EA,C422F88699C18A4F299D834391B15F07DBE60625,230A8B2A8BA861210D9B4BA97745AEC217A94207,86D924EDE1498B4E1DD08D2260F3E9FE454012E1,2020-08-28 08:51:00.345000,2020-08-28 08:51:10.618000
g7wipzia6lcqbulo,failed,not_found,3177,163303F0583A1917326214379BD1AB2D286046EA,6ED3BE22B2261258017B3F0584706265985D7AE9,A0261C16D15B44F7C98B470FC073EA2B9CD10D41,870E97E5846D8308EA469A5BB5A50D2838503DBE,2020-08-28 08:51:10.618000,2020-08-28 08:51:19.414000
oedap4iis4ipjeax,failed,not_found,748,163303F0583A1917326214379BD1AB2D286046EA,B33B994C8B9902B6F73957B2E61F71C932130C5D,FDAB3722A4EA6A86E35D9AC84222F3E11F2F6D6D,38471394F06B2B86404768193C929313962FDC2F,2020-08-28 08:50:53.604000,2020-08-28 08:50:55.503000
oedap4iis4ipjeax,,,,,,,3847862C0A4926ACCB9B5ADCD6F62B6278D88812,2020-08-28 08:50:55.504000,
5z4bi3rultbphytk,failed,not_found,753,163303F0583A1917326214379BD1AB2D286046EA,FC4D03403ECD90463198B9F2F81E0B37ED7AFE1D,6E4B0D429CD87AB6C25D72E298294C583FF8BA4A,D0E9CA0156E25E14E18CB1567A607F191E919BB1,2020-08-28 08:50:53.645000,2020-08-28 08:50:55.717000
5z4bi3rultbphytk,failed,not_found,1021,163303F0583A1917326214379BD1AB2D286046EA,DA4B488C2826DFBBD04D635DA1E71A2BA5B20747,494E8307AE921E46CCD20BD91C4FACEA8E3CCC5F,304229B6F0C10A4465F5B32D080159CB360FDD15,2020-08-28 08:50:55.717000,2020-08-28 08:50:57.943000
5z4bi3rultbphytk,failed,not_found,1415,163303F0583A1917326214379BD1AB2D286046EA,CB2DBDB2D9422D57AD85148EF9511AF4CE4D6052,F0F5074A6DADD3DC22E1FAA18FD6D89CBC52771A,304B631B1BC51705DAE7BAF566487AFE25807380,2020-08-28 08:50:57.943000,2020-08-28 08:51:00.049000
5z4bi3rultbphytk,failed,not_found,1706,163303F0583A1917326214379BD1AB2D286046EA,2F69F8C4DC02DD15A39BFDB4078A791D89ECEAA2,229A21B9912BD92D696841F77BDEC95A23B67594,D0D93D5E8B46BD72B68617B402E2DBC16F8AA040,2020-08-28 08:51:00.051000,2020-08-28 08:51:03.429000
5z4bi3rultbphytk,failed,not_found,2172,163303F0583A1917326214379BD1AB2D286046EA,724E86E7F5DA715529DC0ECAA013AE4BDC680E4C,CAB28BC71970D7F9F4419AEA1043014BF1521E65,3076FB1CCEB8341322019AD26F69BFC0AA845334,2020-08-28 08:51:03.430000,2020-08-28 08:51:07.181000
5z4bi3rultbphytk,failed,not_found,2666,163303F0583A1917326214379BD1AB2D286046EA,28B39D67BD18D13694DE03679EA4A864EB6977E9,66BBCD0D58FDB891AD86CE22A2613A9BEE3CA274,D0EDC58A0E7D7FE28A1A5E366260A80AEF9BD448,2020-08-28 08:51:07.181000,2020-08-28 08:51:13.620000
gbxvcfb2bm2eha2n,failed,not_found,1422,163303F0583A1917326214379BD1AB2D286046EA,4EC87AABE9867796D26CD4B1D2A0682401807280,2573648D4561EF0EA55F924FF3F42F6E0B95C5DA,E2A56CC35C22D5764CC96993C6704DD8E6C07A9B,2020-08-28 08:50:54.606000,2020-08-28 08:51:01.967000
gbxvcfb2bm2eha2n,failed,not_found,2096,163303F0583A1917326214379BD1AB2D286046EA,0128115EC4CC35785E005F0BF2FEDF7ECDC4F03B,CBD00958A3B897774E333D75C24E6A75F5220DCC,01384A5D9C6D34352701BF86D04E5F406CB256AE,2020-08-28 08:51:01.968000,2020-08-28 08:51:06.309000
gbxvcfb2bm2eha2n,failed,not_found,2830,163303F0583A1917326214379BD1AB2D286046EA,87EA8B42136D1F9014BE377B2B985459D19E6E70,79E3B585803DE805CCBC00C1EF36B1E74372861D,E2B9BA96723C59E65AE07E82B74C7A31AF874225,2020-08-28 08:51:06.309000,2020-08-28 08:51:13.828000
gbxvcfb2bm2eha2n,failed,not_found,3849,163303F0583A1917326214379BD1AB2D286046EA,96CFE178A1D12489D9D59A0CAE17FE86F5A3A79F,FB016E16B8CD7A0E53DEEF31ED8754E4F6B8E837,0136696B025AC5503847D736FE9F3D65EB27A596,2020-08-28 08:51:13.828000,2020-08-28 08:51:29.189000
gbxvcfb2bm2eha2n,,,,,,,014E24C0CD21D2B9829E841D5EC1D3C415F866BF,2020-08-28 08:51:29.189000,
e6dwoxbwjqn3vspj,failed,not_found,871,163303F0583A1917326214379BD1AB2D286046EA,5B1F0DAF378A1FAFCFD5FA9CDC66D1023DC0276E,12D552E8AF7AA2B71B218B5BBF6A5FEFA6F26BA0,F0E40D2CD68BCEE16FA6B768FE48062AEF093B1E,2020-08-28 08:50:54.661000,2020-08-28 08:50:57.108000
e6dwoxbwjqn3vspj,failed,not_found,1488,163303F0583A1917326214379BD1AB2D286046EA,F10BDE279AE71515DDCCCC61DC19AC8765F8A3CC,400C053623F36C5C3D1CFC73F1AB9DA6E24DEEB7,F0EF52BEE400B27430DCA9D144FA0C3DE0099FEC,2020-08-28 08:50:57.108000,2020-08-28 08:51:00.928000
e6dwoxbwjqn3vspj,failed,not_found,1794,163303F0583A1917326214379BD1AB2D286046EA,7A3E534C033E3836BD5AF223B642853C502AB33A,699388030AFC5C110822C85DE97A51545B192987,12CF6DB4DAE106206D6C6B09988E865C0509843B,2020-08-28 08:51:00.929000,2020-08-28 08:51:03.632000
e6dwoxbwjqn3vspj,failed,not_found,2204,163303F0583A1917326214379BD1AB2D286046EA,DEA98B7F9BA8B7F8A098D3939A6FE446084B48E7,FDB4D0BBF9111D98453CBB8E38D6A876E0F3A5FA,F0EEBEA2D9A5A2742A81AF7C300FFB98F6D09B7D,2020-08-28 08:51:03.633000,2020-08-28 08:51:08.002000
e6dwoxbwjqn3vspj,failed,not_found,3076,163303F0583A1917326214379BD1AB2D286046EA,39BD825F627DDF78E322EB4378C17615506AD3A1,BC238DA10F427C21685F766317F7E0946954B88F,12AD30E5D25AA67F519780E2111E611A455FDC89,2020-08-28 08:51:08.003000,2020-08-28 08:51:17.525000
e6dwoxbwjqn3vspj,failed,not_found,4106,163303F0583A1917326214379BD1AB2D286046EA,61004152C709672EE739F2667B56EF5550A51332,046F2D59A85FAE693676A87533717C57436261C2,12B3C5C30C92E649B9CE0D313071D9429A8710A2,2020-08-28 08:51:17.525000,2020-08-28 08:51:33.474000
bwt7d2va6nc5bstw,failed,not_found,872,163303F0583A1917326214379BD1AB2D286046EA,A5198F913C836DB1A1D19C8D97DFCBA7EEE221F8,A0261C16D15B44F7C98B470FC073EA2B9CD10D41,9713321D477F315B5818A189B819DC97B3E4045D,2020-08-28 08:50:54.662000,2020-08-28 08:50:56.886000
bwt7d2va6nc5bstw,failed,not_found,1221,163303F0583A1917326214379BD1AB2D286046EA,38CC95A8CE92A591D4A5779359BEFFBA13FA1B88,20462CBA5DA4C2D963567D17D0B7249718114A68,96EA4E2C87D5B99713201CCA8B712D839FD76C59,2020-08-28 08:50:56.886000,2020-08-28 08:50:59.679000
bwt7d2va6nc5bstw,failed,not_found,1562,163303F0583A1917326214379BD1AB2D286046EA,01B70C7C497FC8667DB5EB82C40D8F9214D6A484,9ACD9D526D1F82D7A00225742F1BDB374D7D17D4,970CE6B17927F083ABF157E9BFA305FD39E062E5,2020-08-28 08:50:59.679000,2020-08-28 08:51:02.704000
bwt7d2va6nc5bstw,failed,not_found,2021,163303F0583A1917326214379BD1AB2D286046EA,33AA6CFE161A698169B548C9D973DAE6DED6BF0E,DA91C260D6A78F748BDF17131A1F1D18443BE1EB,7D41FED58481A0E594C642E74176C811778D91A6,2020-08-28 08:51:02.704000,2020-08-28 08:51:06.164000
bwt7d2va6nc5bstw,failed,not_found,2549,163303F0583A1917326214379BD1AB2D286046EA,25990FC54D7268C914170A118EE4EE75025451DA,575F15A0A41B951BEE03E25B2A0A3FC3E8D7C7D1,7D31D5118D47BF86C550ABB79EDDE865EC31B67F,2020-08-28 08:51:06.165000,2020-08-28 08:51:11.020000
bwt7d2va6nc5bstw,failed,not_found,3237,163303F0583A1917326214379BD1AB2D286046EA,8358BDDA9C9A680B4E3A2809E5C24F5B3624D5C2,B204DE75B37064EF6A4C6BAF955C5724578D0B32,7D3307C578AD1B1D818D74E38635BDACB390A845,2020-08-28 08:51:11.021000,2020-08-28 08:51:19.461000
4gdxhw6ctknc6i4p,failed,not_found,1118,163303F0583A1917326214379BD1AB2D286046EA,0E8DB49D5BF5FCAFFA433A78FEE34179419D1C4E,6FBD65C22C2996B2038A090BF5E55AA7AEDEE120,412AB9D6A761ECADB60D7EA4F2CB389C0AF42F3F,2020-08-28 08:50:54.671000,2020-08-28 08:50:58.112000
4gdxhw6ctknc6i4p,failed,not_found,1456,163303F0583A1917326214379BD1AB2D286046EA,4F0DB7E687FC7C0AE55C8F243DA8B0EB27FBF1F2,118496882F58E787DC24F5C219B93F22BA5820D8,410118E874D2263F1CDCD567F81875A8E38B2B3C,2020-08-28 08:50:58.113000,2020-08-28 08:51:01.299000
4gdxhw6ctknc6i4p,failed,not_found,2230,163303F0583A1917326214379BD1AB2D286046EA,F5F4019509109A07E90C45A022CEED9ECA1643C8,10A5EFCCD2FB9C1A4AC20FB779A5DB11B58957A7,412767ECB0CEF7DCBAF8748DDBA8575860DD6782,2020-08-28 08:51:01.299000,2020-08-28 08:51:08.028000
4gdxhw6ctknc6i4p,failed,not_found,2875,163303F0583A1917326214379BD1AB2D286046EA,D87A947A2405C41208C57D32ED1D0CA2EBE93AF6,A857DA8F3728DE4475BFCD86D91351F5E302B3DF,C9D02B1644BD47C136E379FDFAF4973D1A1CE07C,2020-08-28 08:51:08.029000,2020-08-28 08:51:16.409000
4gdxhw6ctknc6i4p,failed,not_found,4188,163303F0583A1917326214379BD1AB2D286046EA,158581827034DEF1BAB1FC248D180165452E53D3,A08B3E65331F29C960A8EB6F5D90B66A05D26CB5,C9DF39AABF4E34309E04E1E56DB9FA6CF37AE140,2020-08-28 08:51:16.410000,2020-08-28 08:51:35.411000
4gdxhw6ctknc6i4p,,,,,,,C9D44C69BD40F7B7AE70B9F9806FBD558E64FAE4,2020-08-28 08:51:35.412000,
jbvw2c25q6zexexf,failed,not_found,993,163303F0583A1917326214379BD1AB2D286046EA,CBBA40F7D9F284F47A243EE2C081E96682741D22,D228AE265C966CA4E9A8C4B746A30A9737060A32,C577C56EAD654C829D1FF2F86133F89A1A59AA89,2020-08-28 08:50:55.557000,2020-08-28 08:50:57.796000
jbvw2c25q6zexexf,failed,not_found,1811,163303F0583A1917326214379BD1AB2D286046EA,F6740DEABFD5F62612FA025A5079EA72846B1F67,6E642BD08A5D687B2C55E35936E3272636A90362,C59E079437340E3AD14E6785C0A91A5B6F328566,2020-08-28 08:50:57.796000,2020-08-28 08:51:04.904000
jbvw2c25q6zexexf,failed,not_found,2392,163303F0583A1917326214379BD1AB2D286046EA,E46C3F0533709EE2112874B13A4FE3868B33E75E,7BB70F8585DFC27E75D692970C0EEB0F22983A63,A462FACF2365D0BD14CD18B7CF66482B05DE9D7D,2020-08-28 08:51:04.905000,2020-08-28 08:51:10.065000
jbvw2c25q6zexexf,,,,,,,C55AC4238C66CE8D00838572D563A284DBEF0228,2020-08-28 08:51:10.066000,
2q6qugpuz4v2oblj,failed,not_found,994,163303F0583A1917326214379BD1AB2D286046EA,A08B3E65331F29C960A8EB6F5D90B66A05D26CB5,B86137AE9681701901C6720E55C16805B46BD8E3,12FD624EE73CEF37137C90D38B2406A66F68FAA2,2020-08-28 08:50:55.558000,2020-08-28 08:50:57.583000
2q6qugpuz4v2oblj,failed,not_found,1311,163303F0583A1917326214379BD1AB2D286046EA,836460C721577873AD1FF8AB000112A9360EB3A0,1685E8A79D1D01E4FBC135CD91341C4A4ED802E6,48E5377E5C2DDD95ED6ADC8D89CE8D830ADEF0FD,2020-08-28 08:50:57.584000,2020-08-28 08:50:59.704000
2q6qugpuz4v2oblj,failed,not_found,1674,163303F0583A1917326214379BD1AB2D286046EA,9B047A91AC809AA020A1F42E3E785DBCEBF3652F,0B555940D37DC849728841C0B290074E1A1BDCA8,12F4C3DB1C8FE1C49FE984B02364CFB1946A8BB9,2020-08-28 08:50:59.704000,2020-08-28 08:51:03.344000
2q6qugpuz4v2oblj,failed,not_found,2138,163303F0583A1917326214379BD1AB2D286046EA,CC2179A97D4EC55BFA56B27F2300C53162CEBB6E,96DAFDCE92BA94E4CC95F8314AE48E272A702FDC,12F8E58310CF07EB3F2E9AAD6F78BCD5065D3930,2020-08-28 08:51:03.345000,2020-08-28 08:51:10.096000
2q6qugpuz4v2oblj,failed,not_found,3067,163303F0583A1917326214379BD1AB2D286046EA,5B701D5C806F91D8A3C6B3E92624727EC43E26C2,AEF0EADA8C92A4DF1500FAE303ECD8E1EBD56670,48D934E776B739D38F9EAFDCFD85203C6A68A67B,2020-08-28 08:51:10.096000,2020-08-28 08:51:16.850000
2q6qugpuz4v2oblj,failed,not_found,4050,163303F0583A1917326214379BD1AB2D286046EA,0D13FEFB150903100AF2F9E52A5852EC105A817E,D701ACAF86413E92529EA8E32088C7FC45EA6F69,48DE832F4BE6955B3F3F1F060310F3BFD7A7903E,2020-08-28 08:51:16.851000,2020-08-28 08:51:35.645000
zxaippfgqm6xllqa,failed,not_found,1001,163303F0583A1917326214379BD1AB2D286046EA,D1C5F5F8FAFA2F98A84753416BF83B83F1282137,188673CF3937442517301800F383BE53D4A17732,3C79699D4FBC37DE1A212D5033B56DAE079AC0EF,2020-08-28 08:50:55.621000,2020-08-28 08:50:57.798000
zxaippfgqm6xllqa,failed,not_found,2465,163303F0583A1917326214379BD1AB2D286046EA,AB10D5040BCBBA912FA448B8CF2A653DC8ACDC2C,4011E1BB0E5B9A22AF665B553BFFDDE22A517B16,3C5915348D731505C48112F4F03235FDE7B8C837,2020-08-28 08:50:57.798000,2020-08-28 08:51:10.036000
zxaippfgqm6xllqa,failed,not_found,3047,163303F0583A1917326214379BD1AB2D286046EA,F83A64E0FA85BC224807919772FE14E1BA07CEF5,8ABC4D5F6182C7E79B087D1ED9E5CF652C83E52C,9A7E266811321BF39532F423121DD290287A42E1,2020-08-28 08:51:10.037000,2020-08-28 08:51:16.456000
zxaippfgqm6xllqa,failed,not_found,4189,163303F0583A1917326214379BD1AB2D286046EA,9AB93B5422149E5DFF4BE6A3814E2F6D9648DB6A,E14E1B6706360EFEF51556313207968870BFA8BC,3C4B5F67E092261DD87626CCA76C7402A4A1CCC3,2020-08-28 08:51:16.456000,2020-08-28 08:51:34.454000
zxaippfgqm6xllqa,,,,,,,9A75CC005CA0D92FFD3F96003B2524C20B053E28,2020-08-28 08:51:34.455000,
4fkfsu6fzn7rul2y,failed,not_found,1014,163303F0583A1917326214379BD1AB2D286046EA,EDBB59C682CA835EF94F25AA9753F9EC3EB84FCC,C49A177510CAA653DA6727BF0E07FB7F56A0F09D,CCF38C8682E5936852F6F33A0A333AFF30CA453F,2020-08-28 08:50:55.702000,2020-08-28 08:50:58.051000
4fkfsu6fzn7rul2y,failed,not_found,2212,163303F0583A1917326214379BD1AB2D286046EA,901CBA6FF3B90618D3FFEFF040353C267F690DF8,21239CC313A28B3E6CEE48D949BF7787471B1519,CCF28BC8FB26C8C172DEE741702056914D2849BD,2020-08-28 08:50:58.052000,2020-08-28 08:51:07.631000
4fkfsu6fzn7rul2y,failed,not_found,2752,163303F0583A1917326214379BD1AB2D286046EA,3E53D3979DB07EFD736661C934A1DED14127B684,B6495EB04241A8D95996F7C8ACAF790B62E8111B,CCD879EE5FBC5FE758C8EC098D40372C7C82C5C0,2020-08-28 08:51:07.631000,2020-08-28 08:51:13.310000
4fkfsu6fzn7rul2y,failed,not_found,3437,163303F0583A1917326214379BD1AB2D286046EA,2573648D4561EF0EA55F924FF3F42F6E0B95C5DA,4623A9EC53BFD83155929E56D6F7B55B5E718C24,410118E874D2263F1CDCD567F81875A8E38B2B3C,2020-08-28 08:51:13.311000,2020-08-28 08:51:23.175000
4fkfsu6fzn7rul2y,,,,,,,40DD356E8F3C53FA9251B561CF956302791AAFF5,2020-08-28 08:51:23.175000,
qwfrun4wy4lulkv2,failed,not_found,968,163303F0583A1917326214379BD1AB2D286046EA,504F23DC734459DBBA58B2F11A4799EB945188A3,9ECFD67230D09E5E8F3431BDC4FD8E52428AFC09,1939CC1B41298A49C0684878813DED5CD1A9EE98,2020-08-28 08:50:56.520000,2020-08-28 08:50:57.797000
qwfrun4wy4lulkv2,failed,not_found,1361,163303F0583A1917326214379BD1AB2D286046EA,F35D115BDD5987D301BE0FD27DAB05F5F4B2ABAE,9B3E7A0AD9A054984CC87E7CA9D5C117202D45D4,2CAEC55A7854FE3CB37BE80328086FDF89E082C4,2020-08-28 08:50:57.797000,2020-08-28 08:50:59.476000
qwfrun4wy4lulkv2,failed,not_found,1595,163303F0583A1917326214379BD1AB2D286046EA,51800AF38B30ED1454DD74CB412BADCED5F60593,F00C8B7589FEE52BE84387CDB422C1F1386979C0,19109FAE0E9EE366FF94EC6A477C3B33E798D181,2020-08-28 08:50:59.477000,2020-08-28 08:51:02.258000
qwfrun4wy4lulkv2,failed,not_found,1981,163303F0583A1917326214379BD1AB2D286046EA,4FF53BC47097B50DA5B68D72C5B25CC079F4A787,5DE37A3371AAE7638748EB43C9F1CE66E09D4470,2CDC3F1BA8B1CC698266FF5C4024F9E519BB2C08,2020-08-28 08:51:02.259000,2020-08-28 08:51:05.317000
qwfrun4wy4lulkv2,failed,not_found,2425,163303F0583A1917326214379BD1AB2D286046EA,71539D1911ECB826069A4D156771AC4F9F4632A7,DA8D76F5F5819693B5C96F499BA19F7404014769,2CD317C624803B77EAD32C96382884B0CAD4DB3F,2020-08-28 08:51:05.317000,2020-08-28 08:51:09.474000
qwfrun4wy4lulkv2,failed,not_found,2992,163303F0583A1917326214379BD1AB2D286046EA,088A6237EED87EDEB0E1E3AD0A4A419F963F0787,93CD469673F772CBF4DC3550580D3D48C8D08E8A,1912F4D307F8E8E7BEBED577CBA9149D42BBEDE4,2020-08-28 08:51:09.475000,2020-08-28 08:51:16.531000
otjj3jwzmofiltm2,failed,not_found,1166,163303F0583A1917326214379BD1AB2D286046EA,A400CF836DA351ADDAD9BA350C1ABA350264A4E0,EE8134DD1697F6A700B450FC3910F636A8FCD07D,A810FF1E5C7983D43B3517506479274B5DA5AC73,2020-08-28 08:50:56.531000,2020-08-28 08:50:59.319000
otjj3jwzmofiltm2,failed,not_found,1571,163303F0583A1917326214379BD1AB2D286046EA,82ED9AEC94184EC6DD299A5CDB3378B04BB17489,2FD03FFE27AF20DD6B1CBE5ABEFEF7B06693D557,A835BE6AAFF5A71D8699737588530FDE141B209E,2020-08-28 08:50:59.320000,2020-08-28 08:51:01.516000
otjj3jwzmofiltm2,failed,not_found,2070,163303F0583A1917326214379BD1AB2D286046EA,00C22D3BC1822EB8EA380AF04245337399E796E2,EA74330DE9BCAE0AA83388F8BA844A31DD20D7C4,A838296B9F01A9E2487BC3A25D5E5F2FB8A979FA,2020-08-28 08:51:01.517000,2020-08-28 08:51:06.231000
otjj3jwzmofiltm2,failed,not_found,2787,163303F0583A1917326214379BD1AB2D286046EA,1850585BE9BCA1F80D0A051909C94E49D1C49ED3,C0CBBD17F848C8F9A49104A96DB498013B30F14F,96B70F86B45623B4EC71E8E953DCD61A05D5BAAC,2020-08-28 08:51:06.232000,2020-08-28 08:51:13.447000
otjj3jwzmofiltm2,failed,not_found,3457,163303F0583A1917326214379BD1AB2D286046EA,277F5717A62B3A728C98B3168E484BC08B4997E3,C63110BDD8736D2C2A733FF962F58D58FDE63A2D,96CAA917F65BCD62CECD236F67652BFD7C69E52E,2020-08-28 08:51:13.447000,2020-08-28 08:51:23.339000
otjj3jwzmofiltm2,,,,,,,96B358744E1DB0D6DBB96D32C27F91E9F695275E,2020-08-28 08:51:23.339000,
wvkqaks27fgxnfbf,failed,not_found,1181,163303F0583A1917326214379BD1AB2D286046EA,4A0E54E69343B7CF6138C118843CE860E8511F78,0B25110BA3473A6DC04AB58A3A0D5E4D6922A0E0,66905A83A4858A4DD075AEA0514377A9F59E110D,2020-08-28 08:50:56.543000,2020-08-28 08:50:58.729000
wvkqaks27fgxnfbf,failed,not_found,2053,163303F0583A1917326214379BD1AB2D286046EA,BFA905EA10DFD54A38A0C119FAE00182DE4C173B,FE1AF5E909002134BFF834F4AD5E1DE723779002,D2FD7B07B2E183C51E07BA24D3AE283735026DBF,2020-08-28 08:50:58.729000,2020-08-28 08:51:06.170000
wvkqaks27fgxnfbf,failed,not_found,3655,163303F0583A1917326214379BD1AB2D286046EA,437B64831B34FF9BB915095862C12A9AA3F00027,C3D92B0696196558E784EF7252A5370192720BE5,66983A6D2B17AF134C28FC1A950A22AC88546593,2020-08-28 08:51:06.171000,2020-08-28 08:51:28.593000
wvkqaks27fgxnfbf,,,,,,,669E5034B6DE2E2C7CFBCF9EAC8D9F5A47757996,2020-08-28 08:51:28.596000,
q5b24awljc7pkktu,failed,not_found,1189,163303F0583A1917326214379BD1AB2D286046EA,91517F219F7648E4B8BBF3C162C77DDC55315612,BC123DB7F61E9DB31F23B37BF62A16DAA1010FC9,C699F40B3344D34D3C596791A7EBC67E41C62A0B,2020-08-28 08:50:56.544000,2020-08-28 08:50:58.628000
q5b24awljc7pkktu,failed,not_found,1497,163303F0583A1917326214379BD1AB2D286046EA,A0DFB31231C718829FA18EAB4D0CD51DEDBAE08C,D5C6F62A5D1B3C711CA5E6F9D3772A432E96F6C2,C69D24F9353E16D85E82B4A9E4571DFAF6DCF531,2020-08-28 08:50:58.628000,2020-08-28 08:51:01.109000
q5b24awljc7pkktu,failed,not_found,1821,163303F0583A1917326214379BD1AB2D286046EA,76543749510CD00CB16E1DD4940CAA8FAC727F58,86CDD0D92AB972538416A382D99666736CDDF141,1FDF4D0660A7497222C3BA24FEEA316244093CD7,2020-08-28 08:51:01.110000,2020-08-28 08:51:04.177000
q5b24awljc7pkktu,failed,not_found,2164,163303F0583A1917326214379BD1AB2D286046EA,128FC6D8FBF753121C5662FEE309CCD47B64BA6B,6DA7DEB037BB163991B3DBA74B1AEC48BB497C7A,1FBAE723F8186847E30EA1C03CCA3D4081D4E2F9,2020-08-28 08:51:04.177000,2020-08-28 08:51:07.104000
q5b24awljc7pkktu,failed,not_found,2657,163303F0583A1917326214379BD1AB2D286046EA,D49D0071D9236EFC6AC527292894A5A2143F815D,513753D2C4A1246DCC21241C5BE5022CCBD2645C,C69BE3F0326A7328556501BE237408F32748247D,2020-08-28 08:51:07.105000,2020-08-28 08:51:12.986000
q5b24awljc7pkktu,failed,not_found,3377,163303F0583A1917326214379BD1AB2D286046EA,8EE28EAF0874AF9B03EBBD79B5EB5059E2547355,169535CC4C75FF79C6D548D41720064EE4FE61D2,1FC55B6E54789CB4AEF1F5A9D35C4420789AB5DE,2020-08-28 08:51:12.987000,2020-08-28 08:51:22.033000
hhktl35nv7obqwlo,failed,not_found,1319,163303F0583A1917326214379BD1AB2D286046EA,77A56CB237740E24AEA2D61C8C8936232AFC1BD8,BB9C5D15BC3B77C8AF5CBC733F7E54553A1B7BD5,A8610EDC749A3818A3D5325419B35483B4DEBF45,2020-08-28 08:50:57.585000,2020-08-28 08:51:00.227000
hhktl35nv7obqwlo,failed,not_found,1714,163303F0583A1917326214379BD1AB2D286046EA,B00B6BA943600447CF72D58DB7A35B16754E43C8,9A48EC8AAFB2E8C9E20408596383DB74F1196747,A86EC24F5B8B964F67AC7C27CE92842025983274,2020-08-28 08:51:00.228000,2020-08-28 08:51:02.820000
hhktl35nv7obqwlo,failed,not_found,2097,163303F0583A1917326214379BD1AB2D286046EA,21EB2176DFD7364A8E3705ABF518E880362425FC,8C993A76F7F647E44256958CBCF1FB712139B3AF,A87D19DD1A89327B8DB878DC2793426752799B5C,2020-08-28 08:51:02.820000,2020-08-28 08:51:06.841000
hhktl35nv7obqwlo,failed,not_found,3367,163303F0583A1917326214379BD1AB2D286046EA,DA8D76F5F5819693B5C96F499BA19F7404014769,645C3F0545E0975A49F69EC272C0C3EA28586825,656347EBA74F6320B85192EE22F805CF50098711,2020-08-28 08:51:06.842000,2020-08-28 08:51:13.658000
hhktl35nv7obqwlo,failed,not_found,3527,163303F0583A1917326214379BD1AB2D286046EA,94318CC2299A3826D81899EB23C25A2B7D6B1FFE,211310CD09EC290505C1F24018AE5330076412A0,657339F813C63A826623414B31961471BAE6D790,2020-08-28 08:51:13.659000,2020-08-28 08:51:23.705000
hhktl35nv7obqwlo,,,,,,,6565F31D9EC0C7DFFEA1920BE3BA4C73EF35B5C4,2020-08-28 08:51:23.705000,
5z5dgivysa5vgwou,failed,not_found,1327,163303F0583A1917326214379BD1AB2D286046EA,836460C721577873AD1FF8AB000112A9360EB3A0,C86C538EF0A24E010342F30DBCACC2A7EB7CA833,CB72A74E8197DF3B33EE6A0895E5BB871D10CF92,2020-08-28 08:50:57.642000,2020-08-28 08:50:59.493000
5z5dgivysa5vgwou,failed,not_found,1610,163303F0583A1917326214379BD1AB2D286046EA,100195E079A761751587E31A091D2E2206F35C3A,73E8A55B158FE750AAF711B402D3702E3FC395EE,C65DE4A7380BACAC9478561959DC59DD1FF5E1B9,2020-08-28 08:50:59.493000,2020-08-28 08:51:03.704000
5z5dgivysa5vgwou,failed,not_found,2409,163303F0583A1917326214379BD1AB2D286046EA,59BC32EA48ED1D06A373856434C0C5C4D2D86603,09A70E396DE93F54D4541BBB0EC8E2B23761F34F,CB6D9B6B1ED3E0186E3019EFA8AA34E7E57913C0,2020-08-28 08:51:03.704000,2020-08-28 08:51:09.476000
5z5dgivysa5vgwou,failed,not_found,3010,163303F0583A1917326214379BD1AB2D286046EA,66F8C32B94D73B51A5D2FA079C6A09047C9ABA71,82DA9678A0BAE60087AA68A3E1D6E6A2C4246D6D,CB81BCFD44FC142616BB5983648BD8AF01930789,2020-08-28 08:51:09.476000,2020-08-28 08:51:16.762000
5z5dgivysa5vgwou,failed,not_found,4257,163303F0583A1917326214379BD1AB2D286046EA,17ABA734572DBB1050CF3800F0DD145BAE7ED9A7,3D3A99DF54D6AEC5190CFB4C0B8D26172A8A2E59,C65D3E1BA27F0F39C2F84CE31D20559BF2A36A4F,2020-08-28 08:51:16.762000,2020-08-28 08:51:35.956000
5z5dgivysa5vgwou,,,,,,,C6604D457AC319E53DC314B81F0EF9D16CB937A0,2020-08-28 08:51:35.957000,
n4y4yn5mmr3wd7sc,failed,not_found,1328,163303F0583A1917326214379BD1AB2D286046EA,B411027C926A9BFFCF7DA91E3CAF1856A321EFFD,BDDF8187EA4419951CFD0A54088B634564F63AF3,97151BC6EB9D63C26A672D955EB6D66E3CCB9B9C,2020-08-28 08:50:57.643000,2020-08-28 08:50:59.262000
n4y4yn5mmr3wd7sc,failed,not_found,1666,163303F0583A1917326214379BD1AB2D286046EA,9B5ED3370E002AEBB2A9B25E3213C1817CCD2D88,14D57DEDF0A4554A2D21AD53CCCC43E31158C733,970CE6B17927F083ABF157E9BFA305FD39E062E5,2020-08-28 08:50:59.263000,2020-08-28 08:51:01.714000
n4y4yn5mmr3wd7sc,failed,not_found,2288,163303F0583A1917326214379BD1AB2D286046EA,AC00AEBA1AE2A80CF4184C4362157BF91487B902,B204DE75B37064EF6A4C6BAF955C5724578D0B32,9713321D477F315B5818A189B819DC97B3E4045D,2020-08-28 08:51:01.714000,2020-08-28 08:51:08.029000
n4y4yn5mmr3wd7sc,failed,not_found,3659,163303F0583A1917326214379BD1AB2D286046EA,9902C4F33F4E6E43FA240586004EF336A648AC1C,6A7551EEE18F78A9813096E82BF84F740D32B911,876B69F71C444A4DBD5BD67581789ACE94C9FA98,2020-08-28 08:51:08.030000,2020-08-28 08:51:26.701000
n4y4yn5mmr3wd7sc,,,,,,,875F74A3DC14737BECA06F8B500022154D1A29D1,2020-08-28 08:51:26.702000,
bjsqyhrtdnikz4tn,failed,not_found,1345,163303F0583A1917326214379BD1AB2D286046EA,B91A1EB30E66D52026EFCD1E96BFC0E966C83E6D,861BCFDD148973985E7FE97C7455C9E4AC4E13BE,2E2F424CD9C0FB6BB0F16390BFCB46853AE37CC1,2020-08-28 08:50:57.748000,2020-08-28 08:50:59.555000
bjsqyhrtdnikz4tn,failed,not_found,1650,163303F0583A1917326214379BD1AB2D286046EA,43E187B8C7361F47EA968ED5389435865D7F4FE7,1804C06A266F0DA26DF58CD559E01C2F7C3FC42A,ECAA097324262B60394FE6F3CD446A66A331956E,2020-08-28 08:50:59.555000,2020-08-28 08:51:02.770000
bjsqyhrtdnikz4tn,failed,not_found,2540,163303F0583A1917326214379BD1AB2D286046EA,1E1A7C9134637383BE653C41973995A229D81595,0BCCF364C4EE7338B6E920E63E951922C85F91F7,2E414CD28823B5AEB51FD172AA0EE3E9EB9BCA90,2020-08-28 08:51:02.770000,2020-08-28 08:51:11.098000
bjsqyhrtdnikz4tn,failed,not_found,3247,163303F0583A1917326214379BD1AB2D286046EA,B56B9FE93F83B4FA69234B17A060E8A8E7446D19,CDAEBA458F6129776643751934076A51D851C348,2E408F8D1CDA3AA22FF44C4C4B6A9F51D8E74042,2020-08-28 08:51:11.099000,2020-08-28 08:51:19.457000
bjsqyhrtdnikz4tn,,,,,,,EC9C4CDB403204731122C9D3FA44DFAE667DC82D,2020-08-28 08:51:19.458000,
67wvvn3cphf356lq,failed,not_found,1489,163303F0583A1917326214379BD1AB2D286046EA,73A62B590CC4F290D068FA20A12D6408A0D8B60C,708A968F3644F8A547156368FEA3DB664110E631,8C030E1C25552F97C591A921DF51CF5EE15E594C,2020-08-28 08:50:58.628000,2020-08-28 08:51:01.758000
67wvvn3cphf356lq,failed,not_found,2121,163303F0583A1917326214379BD1AB2D286046EA,F1612C915458BCF52CC49559E84A0D0240FA7F23,708A968F3644F8A547156368FEA3DB664110E631,02930FFEB87968D518101EB79202F1C3766078DA,2020-08-28 08:51:01.758000,2020-08-28 08:51:06.317000
67wvvn3cphf356lq,,,,,,,02A29A2F958211F9BB5821153296EFFED900ECC6,2020-08-28 08:51:06.317000,
uwauhwvbrg4fqnug,failed,not_found,1505,163303F0583A1917326214379BD1AB2D286046EA,5DBAFEE3BF786896947F805EE3B3BD5C986506B0,8358BDDA9C9A680B4E3A2809E5C24F5B3624D5C2,4945C1D8A3F51F1E5D353191AC318F47C4AF5D6F,2020-08-28 08:50:58.629000,2020-08-28 08:51:01.517000
uwauhwvbrg4fqnug,failed,not_found,2489,163303F0583A1917326214379BD1AB2D286046EA,24D0491A2ADAAB52C17625FBC926D84477AEA322,1804C06A266F0DA26DF58CD559E01C2F7C3FC42A,495B496867C84BBC92338301D924850F226E75DA,2020-08-28 08:51:01.518000,2020-08-28 08:51:10.505000
uwauhwvbrg4fqnug,failed,not_found,3135,163303F0583A1917326214379BD1AB2D286046EA,79D9E66BB2FDBF25E846B635D8248FE1194CFD26,43028D0071DE055180DAA82DE200B42FD2131C23,CBD85D49F9C8BC2FCAB1255C7D196524FE926659,2020-08-28 08:51:10.505000,2020-08-28 08:51:18.735000
uwauhwvbrg4fqnug,,,,,,,CBD00958A3B897774E333D75C24E6A75F5220DCC,2020-08-28 08:51:18.735000,
w4u3xadtmxbuz7cw,failed,not_found,1513,163303F0583A1917326214379BD1AB2D286046EA,D0BF6A6400081DA6031536ECEAD59F79BDABEB65,E309E2E3C3F4472A83F3226C315818DB07BF77BA,DA13C3CD7EB23CDFD739C31855658BC5B63841EE,2020-08-28 08:50:58.668000,2020-08-28 08:51:01.809000
w4u3xadtmxbuz7cw,failed,not_found,2129,163303F0583A1917326214379BD1AB2D286046EA,0ACD9B1271E95AC1743B9EC1299BB294BD3EBD90,9207B752684266B652B9B6B2517F4C093CCD472F,D9EB99B58EBB31681324DFBD15BA0C8C7238B526,2020-08-28 08:51:01.810000,2020-08-28 08:51:06.405000
w4u3xadtmxbuz7cw,failed,not_found,2491,163303F0583A1917326214379BD1AB2D286046EA,56927E61B51E6F363FB55498150A6DDFCF7077F2,9EB3FD84065E5622A57EFEF14E41A01B5B99A022,DA1B8B8D617909902572790CE8BB99DA502C6485,2020-08-28 08:51:06.405000,2020-08-28 08:51:10.887000
w4u3xadtmxbuz7cw,failed,not_found,3217,163303F0583A1917326214379BD1AB2D286046EA,DC9E3C6576CC9A04AAE1C465210A972A722571A0,4EC87AABE9867796D26CD4B1D2A0682401807280,8E39881472946D5BBE41765470D9E3099A0EB4C7,2020-08-28 08:51:10.887000,2020-08-28 08:51:19.322000
w4u3xadtmxbuz7cw,,,,,,,8E1EFE623F0BF0622F2A6F135E13EA6E3AE5826E,2020-08-28 08:51:19.323000,
yoemtbgzhplllcxk,failed,not_found,1521,163303F0583A1917326214379BD1AB2D286046EA,4CD4DFFEF3971C902A22100D911CAC639BE2EF5C,A541C211909264081DC3A4F8E105F06139DDCD8B,235D3444236ABC28F412E93814F6B783200D4630,2020-08-28 08:50:58.672000,2020-08-28 08:51:01.109000
yoemtbgzhplllcxk,failed,not_found,1802,163303F0583A1917326214379BD1AB2D286046EA,9738F8F5C386CDAF5707D0DCED428F2813CA285F,6521A3AEF9AC4B83361411F769EEDCBAB124F162,A61B56A50D13DC29DBB23C6A033FA3F0C57420CF,2020-08-28 08:51:01.109000,2020-08-28 08:51:03.831000
yoemtbgzhplllcxk,failed,not_found,2280,163303F0583A1917326214379BD1AB2D286046EA,6FF440DFB1D0697B942357D747900CC308DD57CC,D08660B6D70B6249A57D89BB7A8F2EA2C952BD35,233FE941DC6E45450D348E367C1B5D915C6A35D0,2020-08-28 08:51:03.832000,2020-08-28 08:51:08.459000
yoemtbgzhplllcxk,failed,not_found,2911,163303F0583A1917326214379BD1AB2D286046EA,CE47F0356D86CF0A1A2008D97623216D560FB0A8,F6D600CF13B3BBE2A91A0653F1EC9D00E7CB3A6B,234D670EAA794F092F7BD758D5D2AA7F4E3FFBE3,2020-08-28 08:51:08.460000,2020-08-28 08:51:15.860000
yoemtbgzhplllcxk,failed,not_found,3727,163303F0583A1917326214379BD1AB2D286046EA,5047962E97AFDC89C9B9EE98322F3E4CB7BEB639,BF0FB582E37F738CD33C3651125F2772705BB8E8,A604086EAE838774F809811925A223DCFDBB1D17,2020-08-28 08:51:15.861000,2020-08-28 08:51:26.585000
yoemtbgzhplllcxk,,,,,,,A60697FF383EEEE2E88505DD4E305C07BF326B11,2020-08-28 08:51:26.615000,
w4temdvmchcm3mhh,failed,not_found,2162,163303F0583A1917326214379BD1AB2D286046EA,B45B62C13CFD37235790359B4C81B017A70BE11A,78378DDD015C4E1C9242A5EC41158AF1E24CF43E,2A0FAD3CA7A190C43D8ED7896727BD426E8C2EFA,2020-08-28 08:50:59.518000,2020-08-28 08:51:07.497000
w4temdvmchcm3mhh,failed,not_found,2693,163303F0583A1917326214379BD1AB2D286046EA,CDA9361C072A86719AA3D5A283F5BFBCBF82133B,89FF4A0818D8BE9F8B71338D96A6B854F77F9FEC,B3AA9132A7D759863BFAB6CD12DA6646F2A5D1AD,2020-08-28 08:51:07.498000,2020-08-28 08:51:12.987000
w4temdvmchcm3mhh,failed,not_found,3387,163303F0583A1917326214379BD1AB2D286046EA,8A41E7DE5113D0877FD335EE84670DFC0A9C3FA2,D777D31F95081D0F7223AAD5F8A74977D524145D,29DDD25C8383FDA559D4E0E88F820AB88C26212A,2020-08-28 08:51:12.988000,2020-08-28 08:51:22.133000
w4temdvmchcm3mhh,,,,,,,29FA511E67A31A1A874AABFB2B624AD122AE4ED4,2020-08-28 08:51:22.133000,
f2deqvrvwblo4cn2,failed,not_found,1634,163303F0583A1917326214379BD1AB2D286046EA,271454031B99A7F5DDE486C554D40DBC4F050D29,5A224EFAC453F7EF2D0435E336890DECDC5CEBFD,4A3B874F0187F2CF0DA3C8F76063B070F9F7A14F,2020-08-28 08:50:59.554000,2020-08-28 08:51:02.334000
f2deqvrvwblo4cn2,failed,not_found,1989,163303F0583A1917326214379BD1AB2D286046EA,8358BDDA9C9A680B4E3A2809E5C24F5B3624D5C2,2AA5F598F9A1812F01CD99E3B59BB87362ED7438,055B155A44A968491D71EEF11D3B6AE38082F6FC,2020-08-28 08:51:02.335000,2020-08-28 08:51:05.348000
f2deqvrvwblo4cn2,failed,not_found,2433,163303F0583A1917326214379BD1AB2D286046EA,44DC23661E05DEFD94398936D9334987ABCB6E5E,A65E1523F313405BB60E4AA136A69EFA504C4F60,05402AEC738554C5308FB07CA68961D5326D5D4A,2020-08-28 08:51:05.348000,2020-08-28 08:51:09.421000
f2deqvrvwblo4cn2,failed,not_found,2983,163303F0583A1917326214379BD1AB2D286046EA,F878E3AD594F013195A051CD1072BF33D543A235,288C100FFA656938C23F32207CAF0DA932ECD247,059208418A85DAEA537027F54AF9DB8A01AFF381,2020-08-28 08:51:09.422000,2020-08-28 08:51:16.643000
f2deqvrvwblo4cn2,failed,not_found,4223,163303F0583A1917326214379BD1AB2D286046EA,BF7BFCB3096FC81FBD0B7ADA66164431EC7FD117,7ED3D8AFAC750F8CC0BDF8C87FE3BCBA2BBE2209,4A411DD8EBBD539AA0090A305856B9C838F7F2D6,2020-08-28 08:51:16.644000,2020-08-28 08:51:34.961000
f2deqvrvwblo4cn2,,,,,,,4A46D7A400F7F3C94685F5D3A69068CC1C25847A,2020-08-28 08:51:34.962000,
fkxiwkakqln6f6ts,failed,not_found,1837,163303F0583A1917326214379BD1AB2D286046EA,43C83536DACCD110FF11E049A890064F6F87BEB2,3E53D3979DB07EFD736661C934A1DED14127B684,9803B536ED203C9AAAFC3E53CD4935BA85FF402F,2020-08-28 08:50:59.554000,2020-08-28 08:51:03.970000
fkxiwkakqln6f6ts,failed,not_found,2304,163303F0583A1917326214379BD1AB2D286046EA,0C6D3655763B1A3A60FC42135CD60765AFE953BA,CE73020F2E1C7CE59EDF89EAF262A4485DB21062,980AFB485D04C566C74D5704C96CF80D29DE3793,2020-08-28 08:51:03.970000,2020-08-28 08:51:08.241000
fkxiwkakqln6f6ts,failed,not_found,2902,163303F0583A1917326214379BD1AB2D286046EA,7992F172EDBE69B99F0190651BAC14DD0FD9E5C8,42D47C736518BFA495CA31AEE40AE468F0BDA2A6,980B28A19B0A66948035A3FE143E5CF613C84122,2020-08-28 08:51:08.242000,2020-08-28 08:51:16.230000
fkxiwkakqln6f6ts,failed,not_found,3771,163303F0583A1917326214379BD1AB2D286046EA,B33B994C8B9902B6F73957B2E61F71C932130C5D,91517F219F7648E4B8BBF3C162C77DDC55315612,36EBA005CE1BBD9B164600A4666D9EA37082D838,2020-08-28 08:51:16.231000,2020-08-28 08:51:27.109000
fkxiwkakqln6f6ts,,,,,,,36EE8D47E570B8D5515460A9972F3CFD9EDFDFCE,2020-08-28 08:51:27.109000,
vzkokutnjkq6lnlq,failed,not_found,1860,163303F0583A1917326214379BD1AB2D286046EA,645C3F0545E0975A49F69EC272C0C3EA28586825,49CA9262801E9DC9B414A143A58A68255149367A,C37F87C0125E26E6ACF54366FA2198209E856ABE,2020-08-28 08:50:59.556000,2020-08-28 08:51:04.307000
vzkokutnjkq6lnlq,failed,not_found,2713,163303F0583A1917326214379BD1AB2D286046EA,6245DC873D6F613C795D48663D65BD8A2266CAF6,A597AC866E40CAB5A67759ADE4942192E99DE684,22E6FBDB8D77B4C0FA017D6C5F9B45BECDCBCFF8,2020-08-28 08:51:04.307000,2020-08-28 08:51:12.572000
vzkokutnjkq6lnlq,failed,not_found,3824,163303F0583A1917326214379BD1AB2D286046EA,C1335B1DB938644FCD54EE744D91354F94EDD1BC,1C7D71A2581DE79C5CFC4ED1FF75D5BE30F01BB7,C3799054BC7F0D201FB7C0F9DE31BF1F3D868A37,2020-08-28 08:51:12.573000,2020-08-28 08:51:28.637000
vzkokutnjkq6lnlq,,,,,,,C38460B0B5AE443940827FF308602E5F4A12B5C4,2020-08-28 08:51:28.638000,
3jk32e2tf2lfixbv,failed,not_found,1746,163303F0583A1917326214379BD1AB2D286046EA,2AB9FFCC6618FBBC973C457FC6BE5E8620A60FDC,B825F614D6402B36E1B8E8D8F4F7E1C3AD0CBB60,6FB20BB05A841CDDB308E85A4D117FCFC911F5EA,2020-08-28 08:51:00.654000,2020-08-28 08:51:04.118000
3jk32e2tf2lfixbv,failed,not_found,2712,163303F0583A1917326214379BD1AB2D286046EA,AA1B026EE0C8A958E29C67C7D8885FF27572269D,562434D987CF49D45649B76ADCA993BEA8F78471,F901F4D71CBFFA63E7654AFC1AA140A106D4E8A3,2020-08-28 08:51:04.118000,2020-08-28 08:51:13.278000
3jk32e2tf2lfixbv,failed,not_found,3416,163303F0583A1917326214379BD1AB2D286046EA,8EB722FA1AE9DDE1914BC21FEA22819D4DE99DB4,C63110BDD8736D2C2A733FF962F58D58FDE63A2D,F9246DEF2B653807236DA134F2AEAB103D58ABFE,2020-08-28 08:51:13.279000,2020-08-28 08:51:22.980000
3jk32e2tf2lfixbv,,,,,,,6F7E602D79D16C871F8984B98658F2C9928F2FD9,2020-08-28 08:51:22.981000,
jge2kljwryxcnc4w,failed,not_found,1754,163303F0583A1917326214379BD1AB2D286046EA,73713518E8BD7110D0C6D84F0682C1E0B7541F79,9C34EAD957DF77978BCF356F3F96B9A79E3961CB,0882440874034AFBE2FBF16463A290F3278E24F7,2020-08-28 08:51:00.667000,2020-08-28 08:51:03.221000
jge2kljwryxcnc4w,failed,not_found,2130,163303F0583A1917326214379BD1AB2D286046EA,855BC2DABE24C861CD887DB9B2E950424B49FC34,1C8B3C3D8BC705883B7799C915B2FE1E0FEB006F,0861F4966E199C0BA9DB1D904DB4BC843508F12C,2020-08-28 08:51:03.222000,2020-08-28 08:51:07.408000
jge2kljwryxcnc4w,failed,not_found,2684,163303F0583A1917326214379BD1AB2D286046EA,2AB9FFCC6618FBBC973C457FC6BE5E8620A60FDC,F8DE8132E599A194E20DDB738AF64A7200CD5949,08602BACB604139F07C9530DFC243454C48B9749,2020-08-28 08:51:07.410000,2020-08-28 08:51:12.908000
jge2kljwryxcnc4w,failed,not_found,3338,163303F0583A1917326214379BD1AB2D286046EA,9B2BC7EFD661072AFADC533BE8DCF1C19D8C2DCC,1079E628FC6B0025656AC024F2D9975C441498CD,628732744F45C7C24B94E1E6221545E04BDF48E2,2020-08-28 08:51:12.909000,2020-08-28 08:51:21.307000
jge2kljwryxcnc4w,,,,,,,6287129CB9EC475E816A0D283FE4E45D632A4A4B,2020-08-28 08:51:21.308000,
ava53yytmhjyawhi,failed,not_found,1762,163303F0583A1917326214379BD1AB2D286046EA,C1B79C4CD9B713BBB6B0522155B46A7BFE3BFAAE,EFCCA5852D18207A7A93C13EF3460458CAAEA9D9,6E30461718F9838BB1785C6863024308148E5344,2020-08-28 08:51:00.694000,2020-08-28 08:51:03.799000
ava53yytmhjyawhi,failed,not_found,2515,163303F0583A1917326214379BD1AB2D286046EA,A016192D0A87FC9354A7523A211BBD9CF859708B,FB016E16B8CD7A0E53DEEF31ED8754E4F6B8E837,0AD5DC3C47CAD362E5682F7FBD5E2E28B2D49899,2020-08-28 08:51:03.799000,2020-08-28 08:51:10.586000
ava53yytmhjyawhi,failed,not_found,3145,163303F0583A1917326214379BD1AB2D286046EA,79C01511E54F942EEFC030EB52AF3F864FC44921,3FE39429CB7077BBB13D2774591A1B80EE493742,0AF90285D6B3ECC52ABFA3CB31404DF6FAF93134,2020-08-28 08:51:10.587000,2020-08-28 08:51:19.590000
ava53yytmhjyawhi,,,,,,,0B19BBFDC498CCEA23027B1D7BD8E20121B95E60,2020-08-28 08:51:19.590000,
zn4fqevxdvyxqunb,failed,not_found,1770,163303F0583A1917326214379BD1AB2D286046EA,356B94BAD3096790E409790898144A4030AC225C,BF37445EA2A9F3D04F4B87DFAC624AEF21B559D5,759BB10724C622B1238184FE43773B6481B1AD43,2020-08-28 08:51:00.694000,2020-08-28 08:51:03.894000
zn4fqevxdvyxqunb,failed,not_found,2711,163303F0583A1917326214379BD1AB2D286046EA,09092FF120A9FD9DC1AEAC899B5C3CFECBA6C279,05C621B44EF6833889AE7B7E2A0B476569C47E37,7992F172EDBE69B99F0190651BAC14DD0FD9E5C8,2020-08-28 08:51:03.895000,2020-08-28 08:51:13.831000
zn4fqevxdvyxqunb,failed,not_found,3861,163303F0583A1917326214379BD1AB2D286046EA,C93000A754F1927ACD3B60734BD8D417868BF043,F94A7BAC5D1E3D9372437141E10695A625B8B533,7968BB694D05C0337227862CCA2207D66D7AAF10,2020-08-28 08:51:13.832000,2020-08-28 08:51:29.397000
zn4fqevxdvyxqunb,,,,,,,75A931404453030821C547A4FAA9094A06C48C7A,2020-08-28 08:51:29.398000,
ufbqkjwvji3fuk7d,failed,not_found,2271,163303F0583A1917326214379BD1AB2D286046EA,D1AE7E838DF635EB1367F202B84946D73142CDAD,06E72526BBE040C51C5ADFBAA07ADD9AEB5E1FA1,B56D5A0543C35B45D81D792A4735590E3612A815,2020-08-28 08:51:01.546000,2020-08-28 08:51:08.091000
ufbqkjwvji3fuk7d,failed,not_found,2893,163303F0583A1917326214379BD1AB2D286046EA,14D57DEDF0A4554A2D21AD53CCCC43E31158C733,8127FEAAF63A37CDB3CF0D1DA75D1B8D6DA90AD9,4AC4F120C119C72356BC9C33BF14E26D2BF052D4,2020-08-28 08:51:08.092000,2020-08-28 08:51:16.409000
ufbqkjwvji3fuk7d,failed,not_found,4139,163303F0583A1917326214379BD1AB2D286046EA,5CFC486780CBD4446B764E51608D6574003B350D,FC4D03403ECD90463198B9F2F81E0B37ED7AFE1D,B55B11A739C43396B10CC621D9C9F9D7F3A8CDE4,2020-08-28 08:51:16.409000,2020-08-28 08:51:33.812000
ufbqkjwvji3fuk7d,,,,,,,B56B9FE93F83B4FA69234B17A060E8A8E7446D19,2020-08-28 08:51:33.813000,
7fmrt7icbksikcxw,failed,not_found,1933,163303F0583A1917326214379BD1AB2D286046EA,94F367A130296C9EB92BE32E25AAEB7F227DE0D6,0F89912E6A4C4A8ACE43C58FF8B83CA299BFF74F,97AEE1EEFBCBB6FF8FA482029830E8E10A961883,2020-08-28 08:51:01.547000,2020-08-28 08:51:04.961000
7fmrt7icbksikcxw,failed,not_found,2813,163303F0583A1917326214379BD1AB2D286046EA,7185B69E3267E71D0E4CBE30209677205DEA5E67,E88F8E72100709E226F22DF6A50365480054ECD2,C5F214F7F9CCBF09324C9AA032760150243A196C,2020-08-28 08:51:04.961000,2020-08-28 08:51:13.725000
7fmrt7icbksikcxw,,,,,,,C5F713E503B9F251642C49A998B0498DDD802B72,2020-08-28 08:51:13.726000,
cd37wu3z3s77txq7,failed,not_found,1916,163303F0583A1917326214379BD1AB2D286046EA,DEA98B7F9BA8B7F8A098D3939A6FE446084B48E7,F935633F907506C3327C9CEE2B7F39A54B88C375,947FFF456CFCEF5DCAB09422E1945A8D21AEEC62,2020-08-28 08:51:01.614000,2020-08-28 08:51:04.764000
cd37wu3z3s77txq7,failed,not_found,2541,163303F0583A1917326214379BD1AB2D286046EA,3CE90527D5712296B58E7EB7CD57F7D388D25FBB,CDAAB6F5FAF38747A1DB583882846485BE1520D2,8F02FE5E233730A6AB4C982E18A2136E662A0B59,2020-08-28 08:51:04.764000,2020-08-28 08:51:14.031000
cd37wu3z3s77txq7,failed,not_found,4187,163303F0583A1917326214379BD1AB2D286046EA,AE95BDA37A5BB4685FEBB7F06649D6CE949B5316,543F96D0C17CDBAC326F644DB0C8A17193BCCFC9,8EF748FCCF1A9E2B9651DC6ABD921F8EEB24FA73,2020-08-28 08:51:14.031000,2020-08-28 08:51:35.104000
cd37wu3z3s77txq7,,,,,,,946DFB46168670825EC1A725D178D4BE087BF6E1,2020-08-28 08:51:35.104000,
7ulx55i2ye7xoawd,failed,not_found,3654,163303F0583A1917326214379BD1AB2D286046EA,22775B953E662151549C114CB8EE5FBDBCBDAD02,648E97719EDEC4F0E08F1CEB8D24F2C8F587344C,D16162311822511464E9C6CE2FC62E48A0548B26,2020-08-28 08:51:01.616000,2020-08-28 08:51:27.390000
7ulx55i2ye7xoawd,,,,,,,098B3457ABA31AD65A3AF47F61B623E35B3FAB2D,2020-08-28 08:51:27.391000,
un5adpaauvpbba4l,failed,not_found,2005,163303F0583A1917326214379BD1AB2D286046EA,01384A5D9C6D34352701BF86D04E5F406CB256AE,019FEB22CE04CBD0489B7F24BE038518B64FA223,303509AB910EF207B7438C27435C4A2FD579F1B1,2020-08-28 08:51:02.633000,2020-08-28 08:51:05.748000
un5adpaauvpbba4l,failed,not_found,2524,163303F0583A1917326214379BD1AB2D286046EA,CE73020F2E1C7CE59EDF89EAF262A4485DB21062,4EC87AABE9867796D26CD4B1D2A0682401807280,3033FD18BBD658C5ECE926FB17D2269BFE337358,2020-08-28 08:51:05.748000,2020-08-28 08:51:10.903000
un5adpaauvpbba4l,failed,not_found,3227,163303F0583A1917326214379BD1AB2D286046EA,F107CA2841B53EFB75ED801C004DDAC15C57E66B,25350509AE9D23736871CFCC2CF80BF9C9AA5D36,304229B6F0C10A4465F5B32D080159CB360FDD15,2020-08-28 08:51:10.904000,2020-08-28 08:51:22.685000
un5adpaauvpbba4l,,,,,,,BA99774FEF716556E37EF340820FC358F2A84B04,2020-08-28 08:51:22.686000,
ks2tncxl5xzrb6gk,failed,not_found,2013,163303F0583A1917326214379BD1AB2D286046EA,93F97B76A7D0F0947C4C75AC62017E45BBFE6C08,457D6035A953805B82D2A9933EDE3A0EA4B675FE,33DBA330433E2915BD0EE66787A48863C818C0BB,2020-08-28 08:51:02.703000,2020-08-28 08:51:05.543000
ks2tncxl5xzrb6gk,failed,not_found,2449,163303F0583A1917326214379BD1AB2D286046EA,C3E0E9EA1FF3FCFC27E856BFE61533020DD7F090,1D361A2F1CAE4FDD5A85E13C168BE7075A100524,33B07D509C6D67006C9AE29ECD4F8EAD1B1112CB,2020-08-28 08:51:05.544000,2020-08-28 08:51:10.263000
ks2tncxl5xzrb6gk,failed,not_found,3020,163303F0583A1917326214379BD1AB2D286046EA,8EE28EAF0874AF9B03EBBD79B5EB5059E2547355,77A56CB237740E24AEA2D61C8C8936232AFC1BD8,33AA6CFE161A698169B548C9D973DAE6DED6BF0E,2020-08-28 08:51:10.263000,2020-08-28 08:51:16.404000
ks2tncxl5xzrb6gk,failed,not_found,3661,163303F0583A1917326214379BD1AB2D286046EA,C86F7CB21341970DEDF4B6017CCE5F41D7179289,2119E5A4B5F420165BF5DF19A5A28F4610FFD103,7B87EF57DAC332D7016C04AE82063E93B5162C44,2020-08-28 08:51:16.404000,2020-08-28 08:51:27.559000
ks2tncxl5xzrb6gk,,,,,,,7B7C7F31205D7AEB5DFFEDA08E00282A78CD76E0,2020-08-28 08:51:27.560000,
gnfeuaac7pidjeoq,failed,not_found,2029,163303F0583A1917326214379BD1AB2D286046EA,502774BA0466D3AE9B7A7A0EA2259CC62B8398A9,3E53D3979DB07EFD736661C934A1DED14127B684,EB60858E074016216315AA6F6E8E3D4F17381D5D,2020-08-28 08:51:02.747000,2020-08-28 08:51:05.349000
gnfeuaac7pidjeoq,failed,not_found,2441,163303F0583A1917326214379BD1AB2D286046EA,73DCA56424912F69F1478D6630DF27CFE8F41439,9AB93B5422149E5DFF4BE6A3814E2F6D9648DB6A,24B1DF80768332990BA8F1230BA41D95D82D52BD,2020-08-28 08:51:05.349000,2020-08-28 08:51:10.175000
gnfeuaac7pidjeoq,failed,not_found,2912,163303F0583A1917326214379BD1AB2D286046EA,138B95F9A10E8BEBA6B142ADAC7331765C61ACE4,5262556D44A7F2434990FDE1AE7973C67DF49E58,EB60A3BD25E01AF2564EF0397D8508E5D2AFD58A,2020-08-28 08:51:10.176000,2020-08-28 08:51:16.321000
gnfeuaac7pidjeoq,failed,not_found,3782,163303F0583A1917326214379BD1AB2D286046EA,CDA2C336AD87E22DF02983887A3F74B21070D02D,F8DE8132E599A194E20DDB738AF64A7200CD5949,EB44DEFA821E3672B955ED9B14E28C36F80C5FA8,2020-08-28 08:51:16.321000,2020-08-28 08:51:27.752000
gnfeuaac7pidjeoq,,,,,,,24AF1603CDF4D118E1F7AEBF680C18BDA5E8F793,2020-08-28 08:51:27.753000,
maivrr5d3zfpnor2,failed,not_found,2037,163303F0583A1917326214379BD1AB2D286046EA,1A020A414D8AB25F54415C8C1E75A5562A9DD9A6,6A35EE13D4354FF0A03374C063B10290614BB6A9,4780749994B23557F74586BA128B4DC01A546676,2020-08-28 08:51:02.757000,2020-08-28 08:51:05.925000
maivrr5d3zfpnor2,failed,not_found,2532,163303F0583A1917326214379BD1AB2D286046EA,875F74A3DC14737BECA06F8B500022154D1A29D1,61991104B5D0F460BFA5E1C0E5E8769B11C0F8A4,6A35EE13D4354FF0A03374C063B10290614BB6A9,2020-08-28 08:51:05.926000,2020-08-28 08:51:11.133000
maivrr5d3zfpnor2,failed,not_found,3257,163303F0583A1917326214379BD1AB2D286046EA,695D811B130673C2DE8DCFC5A9E742790BD25066,DC40A59D4D744F2C3C7A655EC6BF3A59AFA1C66C,6A2F0C055A1CDE77741BA7D93D8FAE856C86F54C,2020-08-28 08:51:11.133000,2020-08-28 08:51:19.675000
maivrr5d3zfpnor2,,,,,,,6A32F74B851D283DA9B3D27EAB30C632C55385D3,2020-08-28 08:51:19.675000,
33puj3jzwq6uql2v,failed,not_found,2180,163303F0583A1917326214379BD1AB2D286046EA,9DA5284A51021A711ECAA677C81E5408222B9F2A,FB016E16B8CD7A0E53DEEF31ED8754E4F6B8E837,E0023AC14180112A2FFF00A84C6049862BB3E6C3,2020-08-28 08:51:03.577000,2020-08-28 08:51:07.341000
33puj3jzwq6uql2v,failed,not_found,2675,163303F0583A1917326214379BD1AB2D286046EA,874CF63C99A8B46AA5434254583B0A8086CD5B95,695D811B130673C2DE8DCFC5A9E742790BD25066,82405679E1F2AE258FBA8DD45BB2A52735EEED91,2020-08-28 08:51:07.341000,2020-08-28 08:51:12.426000
33puj3jzwq6uql2v,failed,not_found,3307,163303F0583A1917326214379BD1AB2D286046EA,5C4A1682FADF221DF46FFA32FE65826DCF79185F,CBCF24E8E68222A9D2E7FA802AF284F1D2FDE9BE,823AA81E277F366505545522CEDC2F529CE4DC3F,2020-08-28 08:51:12.426000,2020-08-28 08:51:20.721000
33puj3jzwq6uql2v,,,,,,,823701D5C4C5D72C3FF533113F25A1922DED6303,2020-08-28 08:51:20.721000,
et6376xbadxjfpwo,failed,not_found,2188,163303F0583A1917326214379BD1AB2D286046EA,069E732EC96774ED5609D4803D7B1130E338B0EB,1FC89C159EA0F96D52D8A7092BF938C509DB6984,EF51877D84CE07D5A4F98DF8B68128B0D15EE381,2020-08-28 08:51:03.631000,2020-08-28 08:51:07.527000
et6376xbadxjfpwo,failed,not_found,3396,163303F0583A1917326214379BD1AB2D286046EA,CE564F43529BBC5A78D804496B656E97BFABE66C,9288B75B5FF8861EFF32A6BE8825CC38A4F9F8C2,EF83AE5958C7DF647C6CADD52157169488E902D1,2020-08-28 08:51:07.527000,2020-08-28 08:51:22.790000
et6376xbadxjfpwo,,,,,,,EF6604B95A942F1C7AD807DF10F93B9E00C47A6B,2020-08-28 08:51:22.791000,
i4pfjspsbrfsoxqs,failed,not_found,2196,163303F0583A1917326214379BD1AB2D286046EA,DC40A59D4D744F2C3C7A655EC6BF3A59AFA1C66C,9171E15EBF665768F8EFAE2271D47D922C4EED46,E16C80C7061692FD68846AA922710691F19DBEA9,2020-08-28 08:51:03.632000,2020-08-28 08:51:07.852000
i4pfjspsbrfsoxqs,failed,not_found,2804,163303F0583A1917326214379BD1AB2D286046EA,3239007CE1FB2ECDFDF2067DF23B949295DC5EF6,8ABC4D5F6182C7E79B087D1ED9E5CF652C83E52C,E17745C64255D2920D9B9FCF9EF930C426EE4A91,2020-08-28 08:51:07.856000,2020-08-28 08:51:13.584000
i4pfjspsbrfsoxqs,failed,not_found,3477,163303F0583A1917326214379BD1AB2D286046EA,81F59E8936D0B2105182E4B8200AC07D9274961F,F740DDDB1A6B536B5CC47111BFE4E2F7CF9B4C28,81D8BDAEB86E16AAEC2EB4A395A791E43A73C351,2020-08-28 08:51:13.585000,2020-08-28 08:51:23.080000
i4pfjspsbrfsoxqs,,,,,,,81E0F62FF2687A96A1E9C4C91E0F0676276338DB,2020-08-28 08:51:23.080000,
ziag7xbk25gdrviu,failed,not_found,2213,163303F0583A1917326214379BD1AB2D286046EA,782936C16BF876F5F59A1793ADB1C5B251DB65E7,103336165A0D2EFCAD3605339843A0A7710B8B92,513753D2C4A1246DCC21241C5BE5022CCBD2645C,2020-08-28 08:51:03.648000,2020-08-28 08:51:07.528000
ziag7xbk25gdrviu,failed,not_found,2731,163303F0583A1917326214379BD1AB2D286046EA,C2B1BF766B95CF7B8B381357F6C376461B58DEB8,3F43D0584A2613C9DB631382FF486DC6B95EA1C8,A03F90269FDC58A55A83310E3C28E926446AA5C0,2020-08-28 08:51:07.529000,2020-08-28 08:51:13.244000
ziag7xbk25gdrviu,failed,not_found,3406,163303F0583A1917326214379BD1AB2D286046EA,3F43D0584A2613C9DB631382FF486DC6B95EA1C8,AD16D98AEB95B8548A0F8101AC25E6643B2A899A,51374C8DA459C67329FFD5C7502CCAE4194910CC,2020-08-28 08:51:13.245000,2020-08-28 08:51:23.495000
ziag7xbk25gdrviu,,,,,,,513329E3DF7D61E571202ED886E527A744EE52F2,2020-08-28 08:51:23.496000,
gixyb27dshtgdzmg,failed,not_found,2351,163303F0583A1917326214379BD1AB2D286046EA,79D9E66BB2FDBF25E846B635D8248FE1194CFD26,4837A6DFFC8E3681D70AD9E8D057C029093DA2F7,E8AD8C4FDC3FE152150C005BB2EAA6A0990B74DF,2020-08-28 08:51:04.540000,2020-08-28 08:51:08.557000
gixyb27dshtgdzmg,failed,not_found,2921,163303F0583A1917326214379BD1AB2D286046EA,E235941C8403FB63EC91436FA4DCF6B020EB51A2,62ABC3D1B0D5DE48DE4B8AF5E76D5AA8F535CCDF,3586697291602DC8042EB152E60701FFFE8777BD,2020-08-28 08:51:08.558000,2020-08-28 08:51:17.105000
gixyb27dshtgdzmg,failed,not_found,4061,163303F0583A1917326214379BD1AB2D286046EA,68315A0AC5FB2DFE55943A2A174AB02535CDCFA6,D8EA105E79803FB0040A8C2A676D93DAEA2CFFF0,356E3DFC797A52AB79C83323C5EAEF4CA638ED52,2020-08-28 08:51:17.106000,2020-08-28 08:51:34.671000
gixyb27dshtgdzmg,,,,,,,E88F8E72100709E226F22DF6A50365480054ECD2,2020-08-28 08:51:34.672000,
jjynjavs2lirq7dh,failed,not_found,2359,163303F0583A1917326214379BD1AB2D286046EA,C013F6A7A2297FA4CD00D05EF4A1C5222B844B25,EE010EF80A27AC0B02CDC2B8B214A6201BB02D2B,BBAD321D682C6ADA699CD083269CFB5FB71CDEE0,2020-08-28 08:51:04.540000,2020-08-28 08:51:09.001000
jjynjavs2lirq7dh,failed,not_found,2974,163303F0583A1917326214379BD1AB2D286046EA,E46C3F0533709EE2112874B13A4FE3868B33E75E,0B19BBFDC498CCEA23027B1D7BD8E20121B95E60,69C4C2CFCF6B418636976B5FFC0140A3BE211312,2020-08-28 08:51:09.002000,2020-08-28 08:51:16.530000
jjynjavs2lirq7dh,failed,not_found,4212,163303F0583A1917326214379BD1AB2D286046EA,208F39CCF602D9549E57D6A386259C1129B8D244,3B3F451BD58F96DC0E8EB7D01F209FC8803C33DF,69ECFB731C2B0AA7B4D8746EF3504ADCB1F0A556,2020-08-28 08:51:16.530000,2020-08-28 08:51:34.531000
jjynjavs2lirq7dh,,,,,,,69F41C1A051A6DDD659F19D9A01920ECB1E6C202,2020-08-28 08:51:34.531000,
x7assyho5s5jnfg3,failed,not_found,2367,163303F0583A1917326214379BD1AB2D286046EA,8A6F5A21493685B50F1B46A87A2099D6C410F237,0CF8F3E6590F45D50B70F2F7DA6605ECA6CD408F,3B5C6ED2C1DECEB32BF1AD9B7B272F4CE9CE0656,2020-08-28 08:51:04.541000,2020-08-28 08:51:08.763000
x7assyho5s5jnfg3,failed,not_found,3164,163303F0583A1917326214379BD1AB2D286046EA,7B57933E29D520471D7E67AB48B06B62832828F9,3A8557B067FBE53F168BBEAA7D14D1298AE52A52,8A91128C84415B64F3DB85B49EB88342EAE31249,2020-08-28 08:51:08.763000,2020-08-28 08:51:18.653000
x7assyho5s5jnfg3,failed,not_found,4154,163303F0583A1917326214379BD1AB2D286046EA,DC2B1E4348AF306326FA63EEDB76EA6139133485,7ED3D8AFAC750F8CC0BDF8C87FE3BCBA2BBE2209,3B3F451BD58F96DC0E8EB7D01F209FC8803C33DF,2020-08-28 08:51:18.653000,2020-08-28 08:51:33.995000
x7assyho5s5jnfg3,,,,,,,8AAD0B090311B7A43D44FD353F32D21628C85D52,2020-08-28 08:51:33.995000,
yoewikcfw52q4izh,failed,not_found,2739,163303F0583A1917326214379BD1AB2D286046EA,876C7CE43774366250D3E768E690DAB9D4B5D5A3,CD10B52ACC8A0AD7D1B4C40B849771BD1D0DFF45,DCE5AA5B2287663BE7DBE9C87635FA846138D9A6,2020-08-28 08:51:04.640000,2020-08-28 08:51:13.279000
yoewikcfw52q4izh,failed,not_found,3426,163303F0583A1917326214379BD1AB2D286046EA,C8DE26D2D119BE7F509E672EE1A3D5FB25DCBA97,9684C4D6C71131EEEF2E5C23C3EA234A684CD501,DCEA2A6D8034E164A4FFDD8AFF997E2F6FB2ECF8,2020-08-28 08:51:13.279000,2020-08-28 08:51:23.174000
yoewikcfw52q4izh,,,,,,,D503FBB19BE69F63D7ACAA9B67CAA2AC7B448B11,2020-08-28 08:51:23.174000,
yb6qna6iak6veqxd,failed,not_found,2473,163303F0583A1917326214379BD1AB2D286046EA,FDFD675D05216549EB7DA545E32ECFCEEAE805F2,BD4C647508162F59CB44E4DFC1C2B2B8A9387CCA,16F8469B848F9DCB4590BCC5CEA5F24980BDC806,2020-08-28 08:51:05.640000,2020-08-28 08:51:10.176000
yb6qna6iak6veqxd,failed,not_found,3096,163303F0583A1917326214379BD1AB2D286046EA,F8DE8132E599A194E20DDB738AF64A7200CD5949,A6C983C2F7EEADD55CE9169E540EBD95423FC260,16BB0A28C79E7700E73C068C68F3366EB552424D,2020-08-28 08:51:10.176000,2020-08-28 08:51:18.388000
yb6qna6iak6veqxd,failed,not_found,4201,163303F0583A1917326214379BD1AB2D286046EA,46A91ECF7C4F36F830E015EF484BE3B5A53B74DD,7FF1A673A5E1F7E9D2495A36C185B890DBD96553,4BC874C290A1438E9FF3C684F1CAC2AC351A12EB,2020-08-28 08:51:18.388000,2020-08-28 08:51:34.889000
yb6qna6iak6veqxd,,,,,,,16F50F2728581FE5CA7AC31F5066DCE8653F996C,2020-08-28 08:51:34.890000,
njk7fsebqb3gue2i,failed,not_found,2481,163303F0583A1917326214379BD1AB2D286046EA,0C6D3655763B1A3A60FC42135CD60765AFE953BA,9E4CC64C4F94C359D43C5BA09094323FDBEFD975,47C42E2094EE482E7C9B586B10BABFB67557030B,2020-08-28 08:51:05.640000,2020-08-28 08:51:10.066000
njk7fsebqb3gue2i,failed,not_found,3057,163303F0583A1917326214379BD1AB2D286046EA,18B160CD5E22BFC345AEE7BA84B7EA45BF457FCA,E81D56AE3FE9919F3A42AB11100901E6BAEC4FCB,47E1157F7DA6DF80EC00D745D73ACD7B0A380BCF,2020-08-28 08:51:10.066000,2020-08-28 08:51:16.568000
njk7fsebqb3gue2i,failed,not_found,3827,163303F0583A1917326214379BD1AB2D286046EA,0FAED0B7D3D009CA13A57A8849CFEAC1456FAF47,CDAF0B74C45FD5B1955198A8D92C8A518A53D07B,47E0EEB4E75C2C3633A7E294885F146B1E786DA9,2020-08-28 08:51:16.568000,2020-08-28 08:51:28.765000
njk7fsebqb3gue2i,,,,,,,F6691E3EB7CAB3C876AAA885E6801B63DC998C39,2020-08-28 08:51:28.766000,
nzwv5hapru4hqjen,failed,not_found,2507,163303F0583A1917326214379BD1AB2D286046EA,A79F94117D73D4AFA4BCE340A3CB6E345C817594,96CFE178A1D12489D9D59A0CAE17FE86F5A3A79F,AAC6AE4A8ED164C3657D64E3EF980EEBB4BBC8A1,2020-08-28 08:51:05.730000,2020-08-28 08:51:10.369000
nzwv5hapru4hqjen,failed,not_found,4153,163303F0583A1917326214379BD1AB2D286046EA,6A3B3FEB340B8D40727FADE8B30CC2107ECA0695,D8EA105E79803FB0040A8C2A676D93DAEA2CFFF0,BE1DDA83AA099710FF1F141A9F84E77FDF853F0B,2020-08-28 08:51:10.369000,2020-08-28 08:51:18.732000
nzwv5hapru4hqjen,failed,not_found,4084,163303F0583A1917326214379BD1AB2D286046EA,0B555940D37DC849728841C0B290074E1A1BDCA8,655A0861B84205093E6E3A9C87EB128C9C4F93AE,AAEB6A603C1058B9D041884E42941944B915F500,2020-08-28 08:51:18.733000,2020-08-28 08:51:36.116000
nzwv5hapru4hqjen,,,,,,,BE3B9024A0EBBE72FF212979FB695FC6117E1EF5,2020-08-28 08:51:36.117000,
xj6gatxvi5mlk33m,failed,not_found,2516,163303F0583A1917326214379BD1AB2D286046EA,40CDE936B04B4573A47223396006443CA5EAC845,B849824F8FCD7AEB130DF356F592BA40C686CA08,2ED8654AD1B8C25F3EB83156B07EA35BE6132F0C,2020-08-28 08:51:05.731000,2020-08-28 08:51:10.617000
xj6gatxvi5mlk33m,failed,not_found,3155,163303F0583A1917326214379BD1AB2D286046EA,BFB14B9ADF1F19E59258CAE7FCDBAAC9937B7B10,85A3AC041E3FCD796AF5D653953D5E27A56E3719,BB12ECF3DCF12B187CFD735DAC68F98A3E13DEE2,2020-08-28 08:51:10.617000,2020-08-28 08:51:18.292000
xj6gatxvi5mlk33m,failed,not_found,4176,163303F0583A1917326214379BD1AB2D286046EA,8BE58BA7A28DC6B4F211CE8EE86783B85133488D,D11217B44873FD7C879E541844B4C20B9A7E5CFB,BB264DD1A7689EED7F8AF892BA783FBCC66B3635,2020-08-28 08:51:18.294000,2020-08-28 08:51:34.671000
xj6gatxvi5mlk33m,,,,,,,2F09BD6D9A2D5A7D6D26C17651CE8ECF0B7BA257,2020-08-28 08:51:34.671000,
ynu3jip27bjmeu5a,failed,not_found,2822,163303F0583A1917326214379BD1AB2D286046EA,02648F2F135C7296A27B1F59D2AE4EEC25D9A877,C422F88699C18A4F299D834391B15F07DBE60625,01FC71C9D703E6824A4A8FEAB84BF3EC9A543FDE,2020-08-28 08:51:06.507000,2020-08-28 08:51:16.329000
ynu3jip27bjmeu5a,failed,not_found,3803,163303F0583A1917326214379BD1AB2D286046EA,43FF3346A3F8E4ED27F631DC956C4CD8D6173D7A,DB2682153AC0CCAECD2BD1E9EBE99C6815807A1E,6C1A8CBE589906EEC6E73F4F286AC29AF7521E1D,2020-08-28 08:51:16.330000,2020-08-28 08:51:28.875000
ynu3jip27bjmeu5a,,,,,,,01CB2E297A8F586DBBCF98F028A3D1A49B0AB7BA,2020-08-28 08:51:28.875000,
ehva4d2km3n7hqsn,failed,not_found,2838,163303F0583A1917326214379BD1AB2D286046EA,DCE5AA5B2287663BE7DBE9C87635FA846138D9A6,1E03D81C9744DE0E3C9DE6E6FBDF1DF9DAEA5AFC,349CE32254818DD5D2C59B5CAE727F25EE7233E3,2020-08-28 08:51:06.606000,2020-08-28 08:51:13.793000
ehva4d2km3n7hqsn,,,,,,,34979DBD475FFED9CF6556E349DDEDEE69104345,2020-08-28 08:51:13.794000,
4wh2a22kdufzmvvz,,,,,,,8111FEB45EF2950EB8F84BFD8FF070AB07AEE9DD,2020-08-28 08:51:06.607000,
swttqp6scj3wfy56,failed,not_found,2840,163303F0583A1917326214379BD1AB2D286046EA,5E4D1E6D31413DCCC148A8050224578CBBF12883,E235941C8403FB63EC91436FA4DCF6B020EB51A2,819C8AFEDAC733315A8F3DB80F043F13090C49F6,2020-08-28 08:51:06.607000,2020-08-28 08:51:14.249000
swttqp6scj3wfy56,failed,not_found,3507,163303F0583A1917326214379BD1AB2D286046EA,EFCCA5852D18207A7A93C13EF3460458CAAEA9D9,5FD0ECB853CF3E97F6F77787C3B6D7ED31F591FF,B143D439B72D239A419F8DCE07B8A8EB1B486FA7,2020-08-28 08:51:14.250000,2020-08-28 08:51:23.396000
swttqp6scj3wfy56,,,,,,,B135DDBA0C309640D8311575A334157EA28E3FAF,2020-08-28 08:51:23.396000,
x7j5rsmnt2glc4gp,failed,not_found,4150,163303F0583A1917326214379BD1AB2D286046EA,60F2139EA3E06410A05CBD6E8254E60A9063AD9D,A8D44B832F3267ABFC73F540C6C4CF0229FD7EB3,BCDE75725B927738B6FD34EA2D78F4FA77B99848,2020-08-28 08:51:07.631000,2020-08-28 08:51:35.489000
x7j5rsmnt2glc4gp,,,,,,,BCE2851120595E76E31645633F5FF4771D2097BD,2020-08-28 08:51:35.489000,
u3iuj3ahig7uhqal,failed,not_found,2761,163303F0583A1917326214379BD1AB2D286046EA,861BCFDD148973985E7FE97C7455C9E4AC4E13BE,5DB9AE27A44EB7B476CC04A66C67A71C97A001E6,5FA7596FB2BA2C889337F8B82DD7127BBB240D4D,2020-08-28 08:51:07.731000,2020-08-28 08:51:13.691000
u3iuj3ahig7uhqal,failed,not_found,3537,163303F0583A1917326214379BD1AB2D286046EA,AD0FCFD83EA4899DB34735E599701592DEA13690,E9A90B9FF0574410695BA5F5C8354368221A7114,5F99AD80CF48FC872068D8C9E91A5CD111B5BA7B,2020-08-28 08:51:13.691000,2020-08-28 08:51:25.791000
u3iuj3ahig7uhqal,,,,,,,375AAFD4E280B95136969E191AF4D9A1FA7C4FD9,2020-08-28 08:51:25.792000,
fjrx37taz6ww7d6g,failed,not_found,2770,163303F0583A1917326214379BD1AB2D286046EA,8056080EE822B5CA1A8FFF52B7242A82C5E42FBB,42D47C736518BFA495CA31AEE40AE468F0BDA2A6,88E08A32B675A7256DB1A18BC8001EF26BF2D981,2020-08-28 08:51:07.736000,2020-08-28 08:51:13.658000
fjrx37taz6ww7d6g,failed,not_found,3859,163303F0583A1917326214379BD1AB2D286046EA,890530C5B510A506F5CF206EFEC1595F96E727A5,A9AE20A287B215EE049C00373C952F43F080BCC9,C3E0E9EA1FF3FCFC27E856BFE61533020DD7F090,2020-08-28 08:51:13.658000,2020-08-28 08:51:29.258000
fjrx37taz6ww7d6g,,,,,,,C3D92B0696196558E784EF7252A5370192720BE5,2020-08-28 08:51:29.259000,
2omh33omg72yrezz,failed,not_found,2779,163303F0583A1917326214379BD1AB2D286046EA,CD6E8C548704F4CE544CD71365D46F110518FBED,64E257D94E739278D5954CC820C9D7EAC4E7A7B7,08030D75D691B04FEFCBADCD9B512DCC8DD7FC0F,2020-08-28 08:51:07.737000,2020-08-28 08:51:13.726000
2omh33omg72yrezz,failed,not_found,3814,163303F0583A1917326214379BD1AB2D286046EA,A2F7674E837C4131D70A840262AFC269801F14BA,01AE2DE314276C82FCCC3603A1C2F3238E6544C9,C19B33758B3A5144894233EC4C95D7985B9FD101,2020-08-28 08:51:13.727000,2020-08-28 08:51:29.056000
2omh33omg72yrezz,,,,,,,C1B8C6887867CED2564454058F9082311FAF1AC7,2020-08-28 08:51:29.057000,
pneygdkob3s7ctla,failed,not_found,2930,163303F0583A1917326214379BD1AB2D286046EA,7C86C73DB17CE20CD26537C9E3EC0FD7A55E5C6D,0F6E56C326DC9719942E8BBA58C22F71332DA891,A016192D0A87FC9354A7523A211BBD9CF859708B,2020-08-28 08:51:08.594000,2020-08-28 08:51:15.642000
pneygdkob3s7ctla,failed,not_found,3683,163303F0583A1917326214379BD1AB2D286046EA,E81993EA52B73285CFFD02FEC003569D21483001,6164E556022205014682F3EDF7C06D3898309FEA,5B701D5C806F91D8A3C6B3E92624727EC43E26C2,2020-08-28 08:51:15.642000,2020-08-28 08:51:28.152000
pneygdkob3s7ctla,,,,,,,5B9BB7A543C2C035A423A6B411780E50645782C0,2020-08-28 08:51:28.152000,
dkdnvhfjva7ywvnm,failed,not_found,2814,163303F0583A1917326214379BD1AB2D286046EA,21239CC313A28B3E6CEE48D949BF7787471B1519,BA0A023DF7D0A03E2CB5A180E1DD54B0950AA5C1,6304781EA6C8D0A8638AD1A745CCCFEE77EBE55E,2020-08-28 08:51:08.760000,2020-08-28 08:51:13.979000
dkdnvhfjva7ywvnm,failed,not_found,3826,163303F0583A1917326214379BD1AB2D286046EA,AEF6C1FBA0FC16F4931638BF065085B974D3E90F,4CE6D83FFA8AD24767007E8C972F371F2468F09A,8DAA8003876C89F2E4C2AAF770B772E09B1D9F36,2020-08-28 08:51:13.980000,2020-08-28 08:51:28.421000
dkdnvhfjva7ywvnm,,,,,,,62F4994C6F3A5B3E590AEECE522591696C8DDEE2,2020-08-28 08:51:28.421000,
cnwlpq24bgxuuikz,failed,not_found,2947,163303F0583A1917326214379BD1AB2D286046EA,6DE7E3CC79ED6AA0F3F5E61D4D12D3EE018C18F8,A0DFB31231C718829FA18EAB4D0CD51DEDBAE08C,51AE5656C81CD417479253A6363A123A007A2233,2020-08-28 08:51:08.761000,2020-08-28 08:51:15.751000
cnwlpq24bgxuuikz,failed,not_found,3694,163303F0583A1917326214379BD1AB2D286046EA,9AB93B5422149E5DFF4BE6A3814E2F6D9648DB6A,BE9B12FAAB7429842D643E2308390ECD8961E0A1,51C367582993D68F8215610B85A99902C945324B,2020-08-28 08:51:15.752000,2020-08-28 08:51:26.703000
cnwlpq24bgxuuikz,,,,,,,D2FD7B07B2E183C51E07BA24D3AE283735026DBF,2020-08-28 08:51:26.703000,
wjnhnspwf5vpirur,failed,not_found,3660,163303F0583A1917326214379BD1AB2D286046EA,AFA9E5B8D77B736CCA77704B465F9FA4B9566924,54F5D800DD9783FCF2200E80EF3D1A867A3F6D6B,1CD17CB202063C51C7DAD3BACEF87ECE81C2350F,2020-08-28 08:51:08.763000,2020-08-28 08:51:27.751000
wjnhnspwf5vpirur,,,,,,,1CA6E34E762AB5550FBB254A7C7BD874F1550710,2020-08-28 08:51:27.752000,
qpw2biusqe3aop2p,failed,not_found,3001,163303F0583A1917326214379BD1AB2D286046EA,A2CD32D9D0668DB764AD68C745CE29693CA851B9,EF6604B95A942F1C7AD807DF10F93B9E00C47A6B,51A8A22944F228EA2D601434D127864B1B0B0F8C,2020-08-28 08:51:09.476000,2020-08-28 08:51:17.233000
qpw2biusqe3aop2p,failed,not_found,4083,163303F0583A1917326214379BD1AB2D286046EA,96B70F86B45623B4EC71E8E953DCD61A05D5BAAC,B42C797CC8CD63C60FB643E820A11D113DF4F5C8,29A71C82476708936732AFCABE28C895C13FDC76,2020-08-28 08:51:17.234000,2020-08-28 08:51:34.153000
qpw2biusqe3aop2p,,,,,,,29B1FF46029E21D60C9C544E22E8453CC461EF7D,2020-08-28 08:51:34.154000,
adqjeanitqjkcpbs,failed,not_found,3019,163303F0583A1917326214379BD1AB2D286046EA,44785E74F67FCABDCAF054486950B35140B9EE6E,4561FC085C3F3A7271FE960317F02DCD1E9C1188,16F50F2728581FE5CA7AC31F5066DCE8653F996C,2020-08-28 08:51:09.623000,2020-08-28 08:51:16.807000
adqjeanitqjkcpbs,failed,not_found,4258,163303F0583A1917326214379BD1AB2D286046EA,9638D8A46D8CBA79F8122D77E038ED99EBFDAEAD,3548129E3B54BF4B833BBCBAE214DB05CA46AE6B,C74C79346BFB34C050CD3DF4E3C73D43A1383A60,2020-08-28 08:51:16.807000,2020-08-28 08:51:36.129000
adqjeanitqjkcpbs,,,,,,,16F8469B848F9DCB4590BCC5CEA5F24980BDC806,2020-08-28 08:51:36.129000,
nxffeafj44ge6w2e,failed,not_found,3029,163303F0583A1917326214379BD1AB2D286046EA,17ABA734572DBB1050CF3800F0DD145BAE7ED9A7,25B694EA95F825F156C5DAE5607B3375E86C0C4E,07A8A66164B8752A9E06D44AAB6219D89D6C10F6,2020-08-28 08:51:09.655000,2020-08-28 08:51:18.601000
nxffeafj44ge6w2e,failed,not_found,4259,163303F0583A1917326214379BD1AB2D286046EA,761A60D0364D9AA03114F72550483287ED060B2D,5FB17DE2E897625CDCAE99A9FA7689ADE2F4A699,A9B3AEC60865DA480D7B9831BFADBC07A2CAE19D,2020-08-28 08:51:18.602000,2020-08-28 08:51:35.189000
nxffeafj44ge6w2e,,,,,,,A9B28E4D4FB6A26B5B6D3EDED2655D836BBD4E57,2020-08-28 08:51:35.190000,
osubah5rhjxkjma6,failed,not_found,3038,163303F0583A1917326214379BD1AB2D286046EA,D8B4C31E4DAF9CBC89EC13E3F5D968AD6CDC8BFD,FEDE31337E4E19E06B97D282F08B0A0E8B9C5526,E59CC0060074E14CA8E9469999B862C5E1CE49E9,2020-08-28 08:51:09.656000,2020-08-28 08:51:16.645000
osubah5rhjxkjma6,failed,not_found,4246,163303F0583A1917326214379BD1AB2D286046EA,BD6FFF1AD5A88A8D43870D43EC4450081B4B2BBA,B22C4BF9747DBBC843F1BBBA272FDB7B6045EB01,E5A3CA10182C35F691BCF678F193D10F4B0F972F,2020-08-28 08:51:16.645000,2020-08-28 08:51:34.453000
osubah5rhjxkjma6,,,,,,,97767B43E78119A613B46CEAF81A788F45CC05D9,2020-08-28 08:51:34.453000,
3upolwl3kbv4ay43,failed,not_found,3166,163303F0583A1917326214379BD1AB2D286046EA,5FD8DA8E88DADB97D132A56ADE73DB60F21A9393,0D13FEFB150903100AF2F9E52A5852EC105A817E,7430F66B1CABCB52D583C9C3035EE19A3E87A23E,2020-08-28 08:51:10.618000,2020-08-28 08:51:19.953000
3upolwl3kbv4ay43,,,,,,,74312EF576DE1E7710D5420791E6BDB41808439E,2020-08-28 08:51:19.954000,
czkpub43ci2jdl44,failed,not_found,3187,163303F0583A1917326214379BD1AB2D286046EA,24D0491A2ADAAB52C17625FBC926D84477AEA322,40CDE936B04B4573A47223396006443CA5EAC845,C239952D0C8E4EABC3E6B0A8E0B623689174E3C6,2020-08-28 08:51:10.706000,2020-08-28 08:51:19.412000
czkpub43ci2jdl44,failed,not_found,4260,163303F0583A1917326214379BD1AB2D286046EA,E81993EA52B73285CFFD02FEC003569D21483001,B143D439B72D239A419F8DCE07B8A8EB1B486FA7,C25E5C62897BACBA309571C2548084B45050FEDF,2020-08-28 08:51:19.412000,2020-08-28 08:51:35.960000
czkpub43ci2jdl44,,,,,,,C2481FAAA5508F6C2A64873972281220E9778476,2020-08-28 08:51:35.960000,
fji3zi54uv5p4emk,failed,not_found,3197,163303F0583A1917326214379BD1AB2D286046EA,BBD8F4DF8FF5C69A6A989DB8C1EE2CA7ADFE0755,62ABC3D1B0D5DE48DE4B8AF5E76D5AA8F535CCDF,27A4E3F95718C8C699B795B47BAFFAAF67194A23,2020-08-28 08:51:10.708000,2020-08-28 08:51:20.100000
fji3zi54uv5p4emk,,,,,,,7D928720EC0CB5C2AFE04DF0EBC37BD59B00EAB4,2020-08-28 08:51:20.100000,
6fyaktyeshabkhts,failed,not_found,3207,163303F0583A1917326214379BD1AB2D286046EA,B665D5F9D3F41CC5AC3F97F306F7D59F90B03AAB,F0B8B0371FD44A5CA3B05411176AE7EBD5B025BC,36045C1900EC3FDF1DDA9BEC72DDF7DE50DAF021,2020-08-28 08:51:10.773000,2020-08-28 08:51:19.591000
6fyaktyeshabkhts,,,,,,,361D33C96D0F161275EE67E2C91EE10B276E778B,2020-08-28 08:51:19.591000,
c5oqqzjxwcbkx447,,,,,,,9ECEC047BA0596C51EDD098616C8A86697A12824,2020-08-28 08:51:11.732000,
ct67smmi7szzds33,failed,not_found,3277,163303F0583A1917326214379BD1AB2D286046EA,CE2548FBDDE5E301C309AC075A3198C075512282,0512FE6BE9CCA0ED133152E64010B2FBA141EB10,3D9CE80399B68C01377FEC42395E399B9ED16E18,2020-08-28 08:51:11.930000,2020-08-28 08:51:22.589000
ct67smmi7szzds33,,,,,,,4AC4F120C119C72356BC9C33BF14E26D2BF052D4,2020-08-28 08:51:22.589000,
4yoqw33dcwb4ynpe,failed,not_found,3287,163303F0583A1917326214379BD1AB2D286046EA,1CD48F4ED0F1821FFBF1940802A13EEFD4C27502,4CE6D83FFA8AD24767007E8C972F371F2468F09A,2AF23516A65C6FF674D33D81480253902388FDBC,2020-08-28 08:51:11.930000,2020-08-28 08:51:19.720000
4yoqw33dcwb4ynpe,,,,,,,2B31FB827D4CEA734B9F78C16137CFD6F8AEBB7B,2020-08-28 08:51:19.720000,
lpovwag67cxaso2m,failed,not_found,3297,163303F0583A1917326214379BD1AB2D286046EA,1E1A7C9134637383BE653C41973995A229D81595,9EA4649400C7D35E20C734FA737CF615E925F1E4,AC61783EB367C5591FCF52AB76D1914159F87D08,2020-08-28 08:51:12.133000,2020-08-28 08:51:19.892000
lpovwag67cxaso2m,,,,,,,AC5CECEF6AF649F2A7F047D102FE9B461DA9234E,2020-08-28 08:51:19.893000,
ln6diydp26odfr6e,failed,not_found,3328,163303F0583A1917326214379BD1AB2D286046EA,4D04F9851D460F3D47CE74A1756A34441D0BFFAF,88A18960AF7735FD4489374AC411FBBFE9743A20,EBB799FADD615E93CA97BE5583E5EB97DD21E10F,2020-08-28 08:51:12.815000,2020-08-28 08:51:22.029000
ln6diydp26odfr6e,,,,,,,846B3EAAF0C07FF72FC79AEBB11FA3ADC58F240F,2020-08-28 08:51:22.030000,
turzzhfj5k63dqeh,failed,not_found,3348,163303F0583A1917326214379BD1AB2D286046EA,547C1CDB516798EC66A01F04A5884DCE1A151919,CD052DE28C5C790D043C96571A5E66B3C2ACDBEF,2C6C970E027A99EFF3E6977CD1BCDD9586E0BFB3,2020-08-28 08:51:12.911000,2020-08-28 08:51:20.822000
turzzhfj5k63dqeh,,,,,,,C6E1453B8CAF796E4CF65DB6A81283BDDD722F88,2020-08-28 08:51:20.822000,
mbgclmjgnmkeindv,failed,not_found,3258,163303F0583A1917326214379BD1AB2D286046EA,9492CC046A0BB01638C2332073AA0600B3F31252,BFEC9FDCD15CDC54FBEFB4BC18B6A57CD186B3CE,B1E43B11A955CBA31F5261A22CBFCE204C95D5DE,2020-08-28 08:51:12.983000,2020-08-28 08:51:19.544000
mbgclmjgnmkeindv,,,,,,,475C893CCA9661B407865B6DBB30C021AE45F1DA,2020-08-28 08:51:19.545000,
4rb7hyjqn72hao5o,failed,not_found,2714,163303F0583A1917326214379BD1AB2D286046EA,E6C04728E9339DF22F331B7017D4A7AA3F252F0B,D2A056E6321962BD77763FE269E26400A58278F2,656347EBA74F6320B85192EE22F805CF50098711,2020-08-28 08:51:12.984000,2020-08-28 08:51:22.246000
4rb7hyjqn72hao5o,,,,,,,510176C07005D47B23E6796F02C93241A29AA0E9,2020-08-28 08:51:22.247000,
jfox25frhkqegyen,failed,not_found,3467,163303F0583A1917326214379BD1AB2D286046EA,69534B8B5FCCD0BF1124945B1D0F5A35FB0A3542,F0A3054C76604DC75D3F57F55C27F1BFB643F107,221E976B546E60048A01950250399B8534D4E4B7,2020-08-28 08:51:13.480000,2020-08-28 08:51:22.981000
jfox25frhkqegyen,,,,,,,221546DAE86B003139B13BD6F6AE1B4B42B59DF8,2020-08-28 08:51:22.981000,
2rvwrdtoqxinvxed,failed,not_found,3487,163303F0583A1917326214379BD1AB2D286046EA,DC9564AE8BC7BF5F722E3677C897ED1B578C8D81,B576A394DFC12B7E900D643C900484765D58C30F,A7C5B40EC0FB5175E884075DDC87531D353F679C,2020-08-28 08:51:13.586000,2020-08-28 08:51:22.883000
2rvwrdtoqxinvxed,,,,,,,0485027A0A349D454D978F6C1CECDD29EA17769A,2020-08-28 08:51:22.884000,
yyrzjzsiu4bzkgxz,failed,not_found,3792,163303F0583A1917326214379BD1AB2D286046EA,7FF1A673A5E1F7E9D2495A36C185B890DBD96553,6B9D965C6149D09DF970C1D086AC8F575643F587,06BBEAA6F73759A1795EB461D39D2AA168F305D1,2020-08-28 08:51:13.620000,2020-08-28 08:51:27.635000
yyrzjzsiu4bzkgxz,,,,,,,06ABFC513FA71C7EE423DCC6ABF80F6B4A2FC1AC,2020-08-28 08:51:27.635000,
snkx6lpd4zftjfsb,failed,not_found,3318,163303F0583A1917326214379BD1AB2D286046EA,070229A4CC2CFFB24EB667298A7DB5E8D11EB701,3586697291602DC8042EB152E60701FFFE8777BD,32C1100B5EF19A5BFBB431E8D42781C2D09D31C3,2020-08-28 08:51:13.657000,2020-08-28 08:51:20.336000
snkx6lpd4zftjfsb,,,,,,,32B1913ADEAB0EC6D87516995D755D7D5A44FE56,2020-08-28 08:51:20.339000,
mfkv3akqz2p3dvty,failed,not_found,3873,163303F0583A1917326214379BD1AB2D286046EA,09A70E396DE93F54D4541BBB0EC8E2B23761F34F,070D387230C1B95A05811C5B722FBD21A1076BDB,BE394E28DCE7CAE18FA9F18321771E2102F9F5D1,2020-08-28 08:51:14.872000,2020-08-28 08:51:29.324000
mfkv3akqz2p3dvty,,,,,,,7E08734909378D7F38FE8FDC9429DCC1521EEB57,2020-08-28 08:51:29.325000,
m7kxzn3cyesrez7v,failed,not_found,3427,163303F0583A1917326214379BD1AB2D286046EA,F62200459CB10450C6F1870851774874F18FCA63,6A365870758A1E3E7A9EE0E82BCC0D6226A9EAAA,B35908DAB591CF268A19E85BBCDE30C0428A4CFB,2020-08-28 08:51:14.985000,2020-08-28 08:51:23.817000
m7kxzn3cyesrez7v,,,,,,,3E53D3979DB07EFD736661C934A1DED14127B684,2020-08-28 08:51:23.818000,
5ajxqsk4gb6622pj,failed,not_found,4128,163303F0583A1917326214379BD1AB2D286046EA,39E785F73A62FDE38C4797E61ABE512328E5C26C,EA79FFE95F5779A34E9FB14CE934A76B22FE6ACE,260B86A04CBEDE605F183624C2FCA3CE81FD24A1,2020-08-28 08:51:14.987000,2020-08-28 08:51:35.190000
5ajxqsk4gb6622pj,,,,,,,2879464678D4DB5D2D2E419751B7B1EA45D0E055,2020-08-28 08:51:35.190000,
gqjnn5kn5q4suxm2,failed,not_found,3672,163303F0583A1917326214379BD1AB2D286046EA,5CCC3569C67B7F1BB733664D43DF4645F2A4B04D,58F3E2956EABB81F673E2FB90E16E001DB4AC3AE,3D5D6178C44537E3692853B344385F6572A55767,2020-08-28 08:51:15.175000,2020-08-28 08:51:26.584000
gqjnn5kn5q4suxm2,,,,,,,3D636FB9D24EA781C3C2766C051064C6CA1C0D96,2020-08-28 08:51:26.585000,
dv3vhkcjzooqlpvl,failed,not_found,3705,163303F0583A1917326214379BD1AB2D286046EA,10A1E225A56E02F66011BEA3CD51D9F694D22913,F24F8BEA2779A79111F33F6832B062BED306B9CB,872B18761953254914F77C71846E8A2623C52591,2020-08-28 08:51:15.753000,2020-08-28 08:51:28.309000
dv3vhkcjzooqlpvl,,,,,,,8737307DE84C2621E6399E99123967A9590297F2,2020-08-28 08:51:28.310000,
4beoeiosucolfsiu,failed,not_found,3716,163303F0583A1917326214379BD1AB2D286046EA,F6740DEABFD5F62612FA025A5079EA72846B1F67,43C83536DACCD110FF11E049A890064F6F87BEB2,3D6C776E8BE9E8AE5D0591594117999E3C5498C8,2020-08-28 08:51:15.860000,2020-08-28 08:51:25.935000
4beoeiosucolfsiu,,,,,,,BAD761187765BC646585D1910D067596770959B5,2020-08-28 08:51:25.935000,
mwoiibhlkj76oaty,failed,not_found,4072,163303F0583A1917326214379BD1AB2D286046EA,E81993EA52B73285CFFD02FEC003569D21483001,9413E5D74EFDCA7C36FCA9664B98C48C93FE33C7,D1F2C5C820B3F96BE6144CBFB84FDDF9D0EC0810,2020-08-28 08:51:15.932000,2020-08-28 08:51:32.364000
mwoiibhlkj76oaty,,,,,,,61004152C709672EE739F2667B56EF5550A51332,2020-08-28 08:51:32.364000,
sesplrg6yhqnsohu,failed,not_found,3760,163303F0583A1917326214379BD1AB2D286046EA,A597AC866E40CAB5A67759ADE4942192E99DE684,0B555940D37DC849728841C0B290074E1A1BDCA8,61F24EBAEC4290FAC31CF34F0FFCDA765A2D9705,2020-08-28 08:51:15.935000,2020-08-28 08:51:27.213000
sesplrg6yhqnsohu,,,,,,,61B8BDC91AA7BC9A05EB5A3D652FFF88C98E6911,2020-08-28 08:51:27.214000,
mbqlyqkszmc6rf4m,failed,not_found,4190,163303F0583A1917326214379BD1AB2D286046EA,81E18725397D620DA548ABBE24D9CD263DEF2FDC,334DF2164322B98FCC567BC444947B74AC92DAEA,7C86C73DB17CE20CD26537C9E3EC0FD7A55E5C6D,2020-08-28 08:51:16.530000,2020-08-28 08:51:34.888000
mbqlyqkszmc6rf4m,,,,,,,17ABA734572DBB1050CF3800F0DD145BAE7ED9A7,2020-08-28 08:51:34.888000,
c6apshkgyvvt4cpv,,,,,,,9063C7EC4A3273446DC05E9310A5C5B2F4235696,2020-08-28 08:51:16.568000,
e5sdmgvzeevbyka6,failed,not_found,4234,163303F0583A1917326214379BD1AB2D286046EA,638D91FC9EF661348A6994D04C3499BC03F50BBE,43FF3346A3F8E4ED27F631DC956C4CD8D6173D7A,29FA511E67A31A1A874AABFB2B624AD122AE4ED4,2020-08-28 08:51:16.642000,2020-08-28 08:51:34.743000
e5sdmgvzeevbyka6,,,,,,,8054F105829438B029E7265BB1070F9258705112,2020-08-28 08:51:34.744000,
viz53vfqqiyll2hs,failed,not_found,4245,163303F0583A1917326214379BD1AB2D286046EA,74B8B22AF950B0BE11D8A228FB09D2F5279FB757,58CF2EFE002386F02AD9AB452432E14C588F95DF,2B4C0C18906FEE37A936815BEBB5F8EB186CE455,2020-08-28 08:51:16.644000,2020-08-28 08:51:35.490000
viz53vfqqiyll2hs,,,,,,,55580D71B317A072F4A4DCF6EA4EDB015734AEE7,2020-08-28 08:51:35.490000,
jvvp5mtsmmbsviyi,failed,not_found,4117,163303F0583A1917326214379BD1AB2D286046EA,0FF9E71478E9B35216D92F73A54969853EB5D4E9,F29A5D7E317934CDFFFA3DD9B26AC9AB48CB1C6C,7452E7D19ACD2C39DE10C0207032E6BC05DB78F2,2020-08-28 08:51:17.784000,2020-08-28 08:51:32.612000
jvvp5mtsmmbsviyi,,,,,,,745048F51A834FA9152F62021593F2CD62C31ABA,2020-08-28 08:51:32.613000,
725kxo66q6bqhf7t,failed,not_found,4140,163303F0583A1917326214379BD1AB2D286046EA,84F0FEBFDFA8FBC6A2EA27F87EBB31F050AFD04D,861BCFDD148973985E7FE97C7455C9E4AC4E13BE,580534A3F0676CA97BD48A3630106A10B904900E,2020-08-28 08:51:17.832000,2020-08-28 08:51:33.261000
725kxo66q6bqhf7t,,,,,,,58332DDDA15415CB3D13F5ECA3D54BE961B8C458,2020-08-28 08:51:33.261000,
rodajdwuolqwbu72,failed,not_found,3125,163303F0583A1917326214379BD1AB2D286046EA,61B8BDC91AA7BC9A05EB5A3D652FFF88C98E6911,09A70E396DE93F54D4541BBB0EC8E2B23761F34F,BE1DDA83AA099710FF1F141A9F84E77FDF853F0B,2020-08-28 08:51:17.954000,2020-08-28 08:51:35.255000
rodajdwuolqwbu72,,,,,,,EFA2E7B073AA4CE2DAF7160F23C90DB805948F4A,2020-08-28 08:51:35.255000,
37k424rukcwlbbxh,failed,not_found,4165,163303F0583A1917326214379BD1AB2D286046EA,95192DF01A6F358ABDA913858D4928C0088E4F5B,52D5FB2004C67127C73B71478238FA66122BD443,CCD879EE5FBC5FE758C8EC098D40372C7C82C5C0,2020-08-28 08:51:17.955000,2020-08-28 08:51:34.533000
37k424rukcwlbbxh,,,,,,,CCF38C8682E5936852F6F33A0A333AFF30CA453F,2020-08-28 08:51:34.534000,
ev377dufe4r4jwri,,,,,,,424BF86927E80D916589BB12248BD468BB470684,2020-08-28 08:51:18.977000,
k2nyilxpnokynxhd,,,,,,,288C100FFA656938C23F32207CAF0DA932ECD247,2020-08-28 08:51:19.177000,
ynjny626mpmao3n4,,,,,,,E312A938D71045BE3A5C1FF3AB87CF7464194861,2020-08-28 08:51:19.184000,
id2maoalgueab7i7,,,,,,,E5507444DAC04539B8DC624299616141B0DB64D5,2020-08-28 08:51:19.308000,
blwnothgjdu2ip33,,,,,,,148487C6EBE04EB22496080C20796C51B060F611,2020-08-28 08:51:19.503000,
myw45f4jsqyx5mnq,,,,,,,7574975BA76DE0726231FC916DD70B09B3824CE5,2020-08-28 08:51:19.503000,
7lppfpdztk7pdcok,,,,,,,8E38B11E849336D62AB6264FBAE9B03C70F07863,2020-08-28 08:51:19.546000,
oxgdje4juetdjk5z,,,,,,,46EC7BB31BFEC251B89E0C0715DEC4AA8208A1BA,2020-08-28 08:51:19.590000,
c2amyin2uvxmr7yg,,,,,,,1A90B9C24AAF9564D23761977E496A1066E0AD67,2020-08-28 08:51:20.995000,
2ec26qv422ongfx6,,,,,,,7226BE09B7A81000BBF7D959E360B2FE41CCC639,2020-08-28 08:51:20.997000,
kqpri36bjzampycs,,,,,,,7404DC4E6B17D5B751BF343E509F6D4B940FC104,2020-08-28 08:51:21.129000,
jd4fpyovm55zuuf5,,,,,,,644DECC5A1879C0FE23DE927DD7049F58BBDF349,2020-08-28 08:51:21.307000,
bxkmpelsudntaqud,,,,,,,32828476F4F84E15C42B4C360A5CD8DE4C3C2BE7,2020-08-28 08:51:22.134000,
w65fc25y56bgbfjt,,,,,,,B891CB6370CF7C51C6FB24D80947AFB7ED463D00,2020-08-28 08:51:22.244000,
weyqzwzhgrfrz36t,,,,,,,89FD4FB2A5FD73B50F2E5D85C4707883F8CD5130,2020-08-28 08:51:22.245000,
imyddagp7j624fiu,,,,,,,381EC209A77FC5365B94CE219420BA01A6F0DA2E,2020-08-28 08:51:22.339000,
ozriwn5626srrrfb,,,,,,,F8957D61E29A626400029A03A6348400E7502604,2020-08-28 08:51:22.793000,
ztokytudujtre7cm,,,,,,,A1BBCBEC113DAAC7F17E7A7E698AAA7B147D691A,2020-08-28 08:51:22.794000,
4kyglikcroa2jmm2,,,,,,,D2CCA8FA2B5EE7953A778584B0F9548BDF350770,2020-08-28 08:51:22.795000,
v62lpt5qcob2yfda,,,,,,,F863275B6D445E2E538E0E2F4C4FEA4878E2B2D1,2020-08-28 08:51:22.838000,
xkhthlgp2ojwgfv7,,,,,,,1B8188170F0AD7998A7D04BD5CE9F6128B032C8E,2020-08-28 08:51:23.550000,
qkdj5ar36f4didxl,,,,,,,0D364448C8E55D5A89AF19AF4399AE559ED82759,2020-08-28 08:51:23.605000,
bxos5hvvecl4nqf2,,,,,,,B8240A4C715A2595CE54C82AB175C80214768B4A,2020-08-28 08:51:23.606000,
klduy5xeapx6a2qi,,,,,,,C2FB346ECEA48FC980AD442BADB7CD10E14E53A6,2020-08-28 08:51:23.607000,
lxpwvubdksdo5yud,,,,,,,39F096961ED2576975C866D450373A9913AFDC92,2020-08-28 08:51:25.388000,
klhnkdvlkqimd5z4,,,,,,,0B841CB70F9ED1FD0322C2BA2EB0D80420D87CFA,2020-08-28 08:51:25.620000,
3v2jea2olil243qu,,,,,,,6B9D83843DBD686DBB8066989BFCC90303F67B05,2020-08-28 08:51:25.626000,
7o7tzxnteyff6ynp,,,,,,,FC82FEA3E8A86785B202F4C1451F89C5E12A8A00,2020-08-28 08:51:25.784000,
iylfgwdy6m3lzhmy,,,,,,,2F09BD6D9A2D5A7D6D26C17651CE8ECF0B7BA257,2020-08-28 08:51:26.193000,
uscc42xe7xc6z44x,,,,,,,562434D987CF49D45649B76ADCA993BEA8F78471,2020-08-28 08:51:26.349000,
cwopnnbvoss6jr3o,,,,,,,63A0D1B0E499ACC5510697384DBCAC16A18B0B5E,2020-08-28 08:51:26.354000,
cjtdc7vrpw6x7apk,,,,,,,BA348901BC6A0FE4DA86C53433414A3124934FCF,2020-08-28 08:51:26.354000,
q3pejy2ktvlwe4e6,,,,,,,29DDD25C8383FDA559D4E0E88F820AB88C26212A,2020-08-28 08:51:26.703000,
4sqja5demmu7lmrl,,,,,,,B428E8A48C62E35536E5F30BA348A05ACE5FDF14,2020-08-28 08:51:27.052000,
vldiwumn44p2wqfa,,,,,,,B3218417B7C6CF4F7ABEC98FC51ACF96D313C68F,2020-08-28 08:51:27.108000,
bszws72wotawdcvm,,,,,,,2AE2CA4BD2B7754F29432C25E03314D52AC4CAF1,2020-08-28 08:51:27.109000,
a72uibihszzc3pmu,,,,,,,FF891D6EB596CD4E1CAD2F058EB4D1657260B525,2020-08-28 08:51:27.751000,
vfkcync3aslaurd3,,,,,,,DADCAD37DE5E22E7E1F323927260155EAB3689C2,2020-08-28 08:51:27.810000,
p3krw57v3lelkgaz,,,,,,,8C601BFCF56E25120C18A18B9856010A8BD659BD,2020-08-28 08:51:27.811000,
copw5uxddp2yuuuo,,,,,,,1C7215BC0123DDA23BDED0F9D2849D3AD80183CB,2020-08-28 08:51:27.975000,
payvbrk7o7lq36yg,,,,,,,E7F857B4B22749220BB5F0316A0A38B713DC9DAB,2020-08-28 08:51:28.767000,
5kwdx5myqcg5crcq,,,,,,,4B16758168D4F334BE11872F7B6BAE2E44664E5B,2020-08-28 08:51:28.768000,
zvfiuqsoswtrjkvw,,,,,,,46A4E56C9CA59A3B07FD1DFE9891194E0C8FD6F0,2020-08-28 08:51:28.768000,
ursxobkn7eaihklp,,,,,,,A2F7674E837C4131D70A840262AFC269801F14BA,2020-08-28 08:51:28.874000,
7p5ed5rb5dhjhmc3,,,,,,,431EA69FC4089BE4304AAEC38FEAE8BC8F8711C5,2020-08-28 08:51:29.468000,
scvmmp2kggcqxxhj,,,,,,,2FFBAEBC4D4A88CA96BD5F6B0D3A1D1A7A00D5F2,2020-08-28 08:51:29.610000,
ho3ujday4spfwwao,,,,,,,8992338A03DF92C5318B992439E7BF959C96D6F6,2020-08-28 08:51:29.611000,
pwmbtrxs7oeidr3h,,,,,,,D6670FB54B21818CE7C13524AA003258B8E35D38,2020-08-28 08:51:29.612000,
ishxkmplpo6cwmde,,,,,,,D245C3E824456945C6759599CB8A0547135A066D,2020-08-28 08:51:31.468000,
cvdkazfjwr5n2j7t,,,,,,,6C143720FFF8469EF6A5C5B4066366340CF6C0D1,2020-08-28 08:51:32.242000,
rna75xngiro7kk23,,,,,,,456F6E4998EB17B975DB5A19273607868E5F8AFA,2020-08-28 08:51:32.242000,
dm6j35rp23hbgygl,,,,,,,6742B34E735C0DDD67B90920EF28819738B63EC0,2020-08-28 08:51:32.251000,
ltrgdtnjm6cr7aen,,,,,,,5F58E9417DF94A66529864FA1134635614958A44,2020-08-28 08:51:32.876000,
nzc6vorhrruviedf,,,,,,,6FBD65C22C2996B2038A090BF5E55AA7AEDEE120,2020-08-28 08:51:32.880000,
h5gdelbt6o4jknt4,,,,,,,CCA9745D141283864DA50C05A09565FAE1805EC8,2020-08-28 08:51:33.017000,
dnlwlcqujamvmbmr,,,,,,,E43A346CB81DDF364B6FF68235AFADBA0E8692B8,2020-08-28 08:51:33.018000,
utxfd2tsbwbmkzwj,,,,,,,1C0736CF3744A3B87C2D2269B8BD3388C7E60552,2020-08-28 08:51:33.254000,
mywgxuopgr56dfs2,,,,,,,FF8F56B5E1A36341F84FF72927CEB3F0AC6BC6A9,2020-08-28 08:51:33.477000,
2bint37m53n2w6k7,,,,,,,19CEDE7CF85C2D1AE18FF331FFE066D251A55B77,2020-08-28 08:51:33.625000,
csurtyvkog5lllgz,,,,,,,5544620C1442CE7CA8A548CF9998AD7E2E351141,2020-08-28 08:51:33.626000,
zcy3fuzpg2gqm7yo,,,,,,,3B3F451BD58F96DC0E8EB7D01F209FC8803C33DF,2020-08-28 08:51:34.145000,
5dep6ewopkanzme4,,,,,,,C239952D0C8E4EABC3E6B0A8E0B623689174E3C6,2020-08-28 08:51:34.146000,
22qapc2e2psgoqtc,,,,,,,00C22D3BC1822EB8EA380AF04245337399E796E2,2020-08-28 08:51:34.212000,
twfqilglkaan6l2k,,,,,,,C272E4D1E9A823C724B23430123ECCBC1B0ADF2B,2020-08-28 08:51:34.212000,
7jarbnac2kiadtf3,,,,,,,BFA905EA10DFD54A38A0C119FAE00182DE4C173B,2020-08-28 08:51:34.887000,
vifboy7tduu52d3m,,,,,,,AE17FAAF8F302A506AF2167666EC62882804403F,2020-08-28 08:51:34.888000,
evzfjwkuavj4okuu,,,,,,,0367E1FFAB716AC3F418CFB7CBB3BDB9403CD9CB,2020-08-28 08:51:34.960000,
45sgwbqmsd5igxc5,,,,,,,E7F857B4B22749220BB5F0316A0A38B713DC9DAB,2020-08-28 08:51:34.961000,
fgp3dscrh5za5dpi,,,,,,,EB60858E074016216315AA6F6E8E3D4F17381D5D,2020-08-28 08:51:35.644000,
bzc7uej3474md2pu,,,,,,,FACC9EB242F4FDA0BD6508CCB86DABCE9E84677F,2020-08-28 08:51:35.645000,
yyggbipoatoiw4yv,,,,,,,EF6604B95A942F1C7AD807DF10F93B9E00C47A6B,2020-08-28 08:51:35.799000,
i56mwpze44hzsnca,,,,,,,F004C51B7C3136D7DFC20469AA5329B8372A263A,2020-08-28 08:51:35.800000,
