addr,status,reason,circ,guard_fp,middle_fp,exit_fp,hsdir_fp,start,end
cflareub6dtu7nvs3kqmoigcjdwap2azrkx5zohb2yk7gqjkwoyotwqd,received,,,,,,FAC70E0E2B41FF5DB186708D13C06985CCC116E3,2020-08-27 04:29:49.255000,2020-08-27 04:29:50.313000
r4k3ac7ravgl23r3,failed,not_found,6,B872BA6804C8C6E140AE1897B44CF32B42FD2397,288C100FFA656938C23F32207CAF0DA932ECD247,BABBE7B67010279491A1A0B5CF201B85EDB3D8DA,69C4C2CFCF6B418636976B5FFC0140A3BE211312,2020-08-27 04:29:50.294000,2020-08-27 04:29:50.587000
r4k3ac7ravgl23r3,failed,not_found,12,B872BA6804C8C6E140AE1897B44CF32B42FD2397,9BA1289CDCFD907B8D40A8AB12F36BE620DD4085,3A94EFBF4A220B35A92D0A5B4A80D6324C3C306A,0367E1FFAB716AC3F418CFB7CBB3BDB9403CD9CB,2020-08-27 04:29:50.588000,2020-08-27 04:29:51.857000
r4k3ac7ravgl23r3,failed,not_found,24,B872BA6804C8C6E140AE1897B44CF32B42FD2397,8B64F593CAC2ED05C0FA703AEF50FF71925B569C,901B90EC8B96C6451854C325229E8B37EB5819BB,034AA4B30F77DF0FE183602EA7F8251FF2CF1BA2,2020-08-27 04:29:51.858000,2020-08-27 04:29:52.650000
r4k3ac7ravgl23r3,failed,not_found,40,B872BA6804C8C6E140AE1897B44CF32B42FD2397,0F52E9652F96AD1D500AC062350A149902C128B9,20571FE948D23E8B62CEDE1B33298F1BF324EE17,69F41C1A051A6DDD659F19D9A01920ECB1E6C202,2020-08-27 04:29:52.650000,2020-08-27 04:29:53.766000
r4k3ac7ravgl23r3,failed,not_found,90,B872BA6804C8C6E140AE1897B44CF32B42FD2397,81F59E8936D0B2105182E4B8200AC07D9274961F,A1B7C1F83E5DA4376FD2E1DBA7AC28A71AB332AD,69ECFB731C2B0AA7B4D8746EF3504ADCB1F0A556,2020-08-27 04:29:53.766000,2020-08-27 04:29:54.404000
r4k3ac7ravgl23r3,failed,not_found,99,B872BA6804C8C6E140AE1897B44CF32B42FD2397,ACF165754601059ED2E472F893AD0FA4CAF1142D,CBD85D49F9C8BC2FCAB1255C7D196524FE926659,0338F9F55111FE8E3570E7DE117EF3AF999CC1D7,2020-08-27 04:29:54.405000,2020-08-27 04:29:55.096000
upkdxahmcjnl45bd,failed,not_found,7,B872BA6804C8C6E140AE1897B44CF32B42FD2397,C1B79C4CD9B713BBB6B0522155B46A7BFE3BFAAE,91E7CA6B8D0AAD77C7CFB8FEA25BF4F46DA1042A,361D33C96D0F161275EE67E2C91EE10B276E778B,2020-08-27 04:29:50.299000,2020-08-27 04:29:50.834000
upkdxahmcjnl45bd,failed,not_found,14,B872BA6804C8C6E140AE1897B44CF32B42FD2397,44DF1007B545B4D8057F279025EBB33CF99BE227,EAA823552F959DFD038E9AC8FA89345A738B6C00,361FAD570CA5DECF10A1C27EC3F8961D076E10D2,2020-08-27 04:29:50.835000,2020-08-27 04:29:51.589000
upkdxahmcjnl45bd,failed,not_found,22,B872BA6804C8C6E140AE1897B44CF32B42FD2397,274A1DC6210E91827CDF40DC0E95E4A3CA929A08,96DCD1D17C1F0FA4DED207C148E54C0A55553076,36045C1900EC3FDF1DDA9BEC72DDF7DE50DAF021,2020-08-27 04:29:51.590000,2020-08-27 04:29:52.659000
upkdxahmcjnl45bd,failed,not_found,42,B872BA6804C8C6E140AE1897B44CF32B42FD2397,0289A02185EE16A12E8701563F72EAD3EE225B93,F3A3461889BF97250F50A7BAAAE4A2B92062F6D7,9A51C5D79C30B9F3B527EC77EF901DDAB76C3AB5,2020-08-27 04:29:52.659000,2020-08-27 04:29:53.243000
upkdxahmcjnl45bd,failed,not_found,295,B872BA6804C8C6E140AE1897B44CF32B42FD2397,3EEEB7021D974D38B6D97BEFB55E5E48551A8FEA,708A968F3644F8A547156368FEA3DB664110E631,9A5754CD0C987355EB3D8AD4BEF4A2A841740520,2020-08-27 04:29:53.244000,2020-08-27 04:29:58.641000
upkdxahmcjnl45bd,failed,not_found,339,B872BA6804C8C6E140AE1897B44CF32B42FD2397,10A5EFCCD2FB9C1A4AC20FB779A5DB11B58957A7,58BC63142C881F88D08E071DEB63DBA09DE62141,9A48EC8AAFB2E8C9E20408596383DB74F1196747,2020-08-27 04:29:58.641000,2020-08-27 04:30:00.653000
sjyt4kbo7wl6ak7s,failed,not_found,8,B872BA6804C8C6E140AE1897B44CF32B42FD2397,4D2FCB3C654AD6AFCA4AF87E87AE72735F643D8B,3076FB1CCEB8341322019AD26F69BFC0AA845334,FD449127D30D8F5D124653D9EF736EDF4A12B4DC,2020-08-27 04:29:50.303000,2020-08-27 04:29:50.749000
sjyt4kbo7wl6ak7s,failed,not_found,13,B872BA6804C8C6E140AE1897B44CF32B42FD2397,645C3F0545E0975A49F69EC272C0C3EA28586825,6222334659111D99DE9D26970ACC4022B290DFD0,FD47FA4A74C2BA062EC731286930B97FA873A7D6,2020-08-27 04:29:50.750000,2020-08-27 04:29:51.237000
sjyt4kbo7wl6ak7s,failed,not_found,16,B872BA6804C8C6E140AE1897B44CF32B42FD2397,454BE75256A4A5EC2B7FE2EB2E1C62F2736AB175,1944F3A473CB77B12BDB4E3D15963A24DF58E4E7,0AD5DC3C47CAD362E5682F7FBD5E2E28B2D49899,2020-08-27 04:29:51.238000,2020-08-27 04:29:51.513000
sjyt4kbo7wl6ak7s,failed,not_found,21,B872BA6804C8C6E140AE1897B44CF32B42FD2397,F91931C25343C1B073641B5C46D2BDDBFE04B9F1,D76110E770FB5F6D09CB801D6379C33A1A6C0CC3,0ABB63CC809DE89A0A71A9BA8751C4AB5C2DC3C3,2020-08-27 04:29:51.513000,2020-08-27 04:29:52.637000
sjyt4kbo7wl6ak7s,failed,not_found,38,B872BA6804C8C6E140AE1897B44CF32B42FD2397,2507E6A97AC52DC09FA519D31340156EEC626A5B,AC00AEBA1AE2A80CF4184C4362157BF91487B902,FD2F9B881AC640100C428DF47DC9A863DC2F2536,2020-08-27 04:29:52.638000,2020-08-27 04:29:53.290000
sjyt4kbo7wl6ak7s,failed,not_found,52,B872BA6804C8C6E140AE1897B44CF32B42FD2397,1034775A01EA629979D0A601EC85FDF2F584CC45,C1B79C4CD9B713BBB6B0522155B46A7BFE3BFAAE,0AD3B16ADF3EED3E5962FA944CD501352E790814,2020-08-27 04:29:53.290000,2020-08-27 04:29:53.594000
ehydrb6kfpnybemp,failed,not_found,9,B872BA6804C8C6E140AE1897B44CF32B42FD2397,99339F3E68BCCC1391BF14C821D80766FE0C5956,6DFEB41C04CCE846871338E85DD5ACF5CFB6C1DD,9C07D2A954C68759DFDA4208A41DB47F3699B82F,2020-08-27 04:29:50.307000,2020-08-27 04:29:50.940000
ehydrb6kfpnybemp,failed,not_found,15,B872BA6804C8C6E140AE1897B44CF32B42FD2397,BE9B12FAAB7429842D643E2308390ECD8961E0A1,8737307DE84C2621E6399E99123967A9590297F2,9BEED1E03101B2BC9393C560FCF13A1E46E49352,2020-08-27 04:29:50.941000,2020-08-27 04:29:51.764000
ehydrb6kfpnybemp,failed,not_found,23,B872BA6804C8C6E140AE1897B44CF32B42FD2397,A37B77EB9C22F136A6E42E099997EA172C89FE42,CA6A1295456D14F8C78CE623EB779EF2C1CCC7F0,273AFEF6EB8C440631E1AF9B22E79E7BC473E6E9,2020-08-27 04:29:51.765000,2020-08-27 04:29:53.631000
ehydrb6kfpnybemp,failed,not_found,83,B872BA6804C8C6E140AE1897B44CF32B42FD2397,7A8A2FA4BE1C1B93B14E3C302BF19E6E1737F7BF,21A859AC7E79E4E23DAE180170A0CB4771B8EFBF,9BF4A13730774865EF6DD7102D98AF1A33E54E0C,2020-08-27 04:29:53.631000,2020-08-27 04:29:55.340000
ehydrb6kfpnybemp,failed,not_found,149,B872BA6804C8C6E140AE1897B44CF32B42FD2397,B86137AE9681701901C6720E55C16805B46BD8E3,58245CD810DE4B7BFB419E2B694E9844B77B1FF7,2757DFBECFF7B5B02680F5CE084A44FDBC08B196,2020-08-27 04:29:55.340000,2020-08-27 04:29:56.464000
ehydrb6kfpnybemp,failed,not_found,204,B872BA6804C8C6E140AE1897B44CF32B42FD2397,73E2046A1E7F0E95D36C3F979CE5FAC3609AC610,6521A3AEF9AC4B83361411F769EEDCBAB124F162,2751A18D2966DB9A955FAE0BD7D7431B9E2FECA4,2020-08-27 04:29:56.464000,2020-08-27 04:29:57.346000
v3lzla7bqyz542yd,failed,not_found,292,B872BA6804C8C6E140AE1897B44CF32B42FD2397,3A8557B067FBE53F168BBEAA7D14D1298AE52A52,8C9E4277399C612C2032CD3C98C052F0D6EA4961,B9609107E25BCA7803F7A2D205CE8FAE3F5086CE,2020-08-27 04:29:51.297000,2020-08-27 04:29:58.625000
v3lzla7bqyz542yd,failed,not_found,335,B872BA6804C8C6E140AE1897B44CF32B42FD2397,E0F638ECCE918B5455CE29D2CD9ECC9DBD8F8B21,9821523A67929331CB1126BA6A2512424EAA54C5,B96A2DF1C23DF9169D70ADE0993BD003311F51DA,2020-08-27 04:29:58.625000,2020-08-27 04:30:00.230000
v3lzla7bqyz542yd,failed,not_found,442,B872BA6804C8C6E140AE1897B44CF32B42FD2397,CD39C258265B25EAA4ABA4FDCB2DF98104CAA362,AA8B7237B4D2C76ED4AF24B3B47B375812AACC83,E3DAF067B028450B31CF5CE118F2F9AC53146ABD,2020-08-27 04:30:00.230000,2020-08-27 04:30:01.390000
v3lzla7bqyz542yd,failed,not_found,527,B872BA6804C8C6E140AE1897B44CF32B42FD2397,F641F043D50CEFA07EE41EB284466458788808ED,062EDB59B25DF2113727A0A46E750C39B894CEF3,E3D61BAEA0B7CB12CACEDC8821C520557BDFCEA3,2020-08-27 04:30:01.390000,2020-08-27 04:30:02.488000
v3lzla7bqyz542yd,failed,not_found,611,B872BA6804C8C6E140AE1897B44CF32B42FD2397,D65DB84BF1EB4DD225B9A1CD9CEFD87B595A30F5,8404E8B8AAB98208FAEFB1727B637133AD9C6FAF,E3F0C0256ED330F70347B9E71CE1EC54130C8C15,2020-08-27 04:30:02.488000,2020-08-27 04:30:03.766000
v3lzla7bqyz542yd,failed,not_found,731,B872BA6804C8C6E140AE1897B44CF32B42FD2397,4B351545DD58473F36B0A20E5500AC6ED51E8CD5,29FA511E67A31A1A874AABFB2B624AD122AE4ED4,B9609624E26C705289E57F95E30FD88D159BD8AD,2020-08-27 04:30:03.766000,2020-08-27 04:30:04.659000
nfqg33vbdw5ecsmm,failed,not_found,18,B872BA6804C8C6E140AE1897B44CF32B42FD2397,11ABDB4D0B944F186A898560CB82C70439957DCA,0E5D730466E5BB675BC9704C374DBE7E19F06165,A9DC04A5C96EE5986753A15E384BB8679EE8F319,2020-08-27 04:29:51.301000,2020-08-27 04:29:52.473000
nfqg33vbdw5ecsmm,failed,not_found,34,B872BA6804C8C6E140AE1897B44CF32B42FD2397,874D84382C892F3F61CC9E106BF08843DE0B865A,F5B58FEE44573C3BFD7D176D918BA5B4057519D7,180E99C5BA4523D8F448C106191F605D8CB40ADC,2020-08-27 04:29:52.474000,2020-08-27 04:29:53.145000
nfqg33vbdw5ecsmm,failed,not_found,59,B872BA6804C8C6E140AE1897B44CF32B42FD2397,708A968F3644F8A547156368FEA3DB664110E631,787768FEF9FBFE2D9B8E0214019A7F9960D39206,181B745BC37CA8DA49B01FAB3933747F99983656,2020-08-27 04:29:53.145000,2020-08-27 04:29:53.752000
nfqg33vbdw5ecsmm,failed,not_found,88,B872BA6804C8C6E140AE1897B44CF32B42FD2397,100195E079A761751587E31A091D2E2206F35C3A,6E4B0D429CD87AB6C25D72E298294C583FF8BA4A,A9F545AE03B731AD32F9A93D698EA20C4FA6D0D9,2020-08-27 04:29:53.753000,2020-08-27 04:29:54.240000
nfqg33vbdw5ecsmm,failed,not_found,106,B872BA6804C8C6E140AE1897B44CF32B42FD2397,62A60158A2C302E3DA792D7A4F5339F41321E5D9,1CDCB48F64E21D5ACAFE2471912E2E76F600EDFA,A9F5135AE18C7E25C7C79117CD8C7619BFEB85ED,2020-08-27 04:29:54.241000,2020-08-27 04:29:54.919000
nfqg33vbdw5ecsmm,failed,not_found,131,B872BA6804C8C6E140AE1897B44CF32B42FD2397,0D99F89BBB92BF5557F8D3F895DB218A72871089,64E257D94E739278D5954CC820C9D7EAC4E7A7B7,180A5BCC01866E09E4D229B6C084CD1E3C75636F,2020-08-27 04:29:54.919000,2020-08-27 04:29:55.442000
urapusdoq26r2x6g,failed,not_found,19,B872BA6804C8C6E140AE1897B44CF32B42FD2397,39F096961ED2576975C866D450373A9913AFDC92,DF445006932A7BA942F3EBB4457D7ABF2E4006E0,FF53774EE4F999BC3623172D44BC086290E1FAD5,2020-08-27 04:29:51.304000,2020-08-27 04:29:52.594000
urapusdoq26r2x6g,failed,not_found,25,B872BA6804C8C6E140AE1897B44CF32B42FD2397,10A1E225A56E02F66011BEA3CD51D9F694D22913,BF37445EA2A9F3D04F4B87DFAC624AEF21B559D5,FF1E4DFC8C713B2092E76401C472FDCC03B7F809,2020-08-27 04:29:52.595000,2020-08-27 04:29:53.337000
urapusdoq26r2x6g,failed,not_found,74,B872BA6804C8C6E140AE1897B44CF32B42FD2397,7260949459C2D4D4A5ABC3AC10C1AD6939E6525C,DC094A8FD7E32BFC8109FAB9241D46AF64F8DBA6,6117337636B8CB979F09B67530477DFFCA61BF88,2020-08-27 04:29:53.337000,2020-08-27 04:29:55.685000
urapusdoq26r2x6g,failed,not_found,158,B872BA6804C8C6E140AE1897B44CF32B42FD2397,15BE17C99FACE24470D40AF782D6A9C692AB36D6,1D81272219B679D511930499AD8286BCD8F6C445,FF3059E77E5D22F1C3B20CCBE125691AD27588DD,2020-08-27 04:29:55.686000,2020-08-27 04:29:56.495000
urapusdoq26r2x6g,failed,not_found,208,B872BA6804C8C6E140AE1897B44CF32B42FD2397,F5F4019509109A07E90C45A022CEED9ECA1643C8,A810FF1E5C7983D43B3517506479274B5DA5AC73,61004152C709672EE739F2667B56EF5550A51332,2020-08-27 04:29:56.495000,2020-08-27 04:29:57.234000
urapusdoq26r2x6g,failed,not_found,250,B872BA6804C8C6E140AE1897B44CF32B42FD2397,0C3D5E19E3C75B505C8ACD26F89DCA2DF970553E,C5A1D5B7CB0D12A7B7334F2915134E6DA8F5C46D,6111C6005AB56498BE5E35666B2522CEBE17D14E,2020-08-27 04:29:57.235000,2020-08-27 04:29:58.066000
kfyoyg6ea3dzt7y6,failed,not_found,20,B872BA6804C8C6E140AE1897B44CF32B42FD2397,875F74A3DC14737BECA06F8B500022154D1A29D1,3DC748C2DFF1F8E9DA5626BB3CBAAFF31D706C10,6D163F649ECBE9DC20F016236EF36D7E1559E98E,2020-08-27 04:29:51.308000,2020-08-27 04:29:52.862000
kfyoyg6ea3dzt7y6,failed,not_found,46,B872BA6804C8C6E140AE1897B44CF32B42FD2397,98138DFD3E2C8C89D8F5AB11EF9B6BFF272D83B4,EEDF0AF1F892C82F056063827B47283CC9AEAA41,68F175CCABE727AA2D2309BCD8789499CEE36ED7,2020-08-27 04:29:52.862000,2020-08-27 04:29:53.493000
kfyoyg6ea3dzt7y6,failed,not_found,79,B872BA6804C8C6E140AE1897B44CF32B42FD2397,9F466C50FE96B145D8A18BDB9260C5D9C2EA8AA8,2AA5F598F9A1812F01CD99E3B59BB87362ED7438,68EBC7615E7DE318C6B9AA530EFD6E20FDE8DF9A,2020-08-27 04:29:53.493000,2020-08-27 04:29:54.471000
kfyoyg6ea3dzt7y6,failed,not_found,121,B872BA6804C8C6E140AE1897B44CF32B42FD2397,AE9377C75CE822E839F15F74C9F346E68D7DB488,3F1581559522B27BD1342F2A3A0022F273FA93D6,68FBE72B0D411C314EC7F272CB5B3F14C2429246,2020-08-27 04:29:54.472000,2020-08-27 04:29:55.686000
kfyoyg6ea3dzt7y6,failed,not_found,159,B872BA6804C8C6E140AE1897B44CF32B42FD2397,890480E14E634C8B4467C475E355A6FBF3D99CD5,1E03D81C9744DE0E3C9DE6E6FBDF1DF9DAEA5AFC,6D4D5193A0E290C027FE6B66731133F70946A155,2020-08-27 04:29:55.686000,2020-08-27 04:29:56.347000
kfyoyg6ea3dzt7y6,failed,not_found,195,B872BA6804C8C6E140AE1897B44CF32B42FD2397,461453F94FA0E3CBB011685E22CDAFD2AF0DFDC3,5F58E9417DF94A66529864FA1134635614958A44,6D0D610D63D33584308CA672484DA699FF26A2A3,2020-08-27 04:29:56.348000,2020-08-27 04:29:56.972000
zyrnoeb72c5b5ate,failed,not_found,26,B872BA6804C8C6E140AE1897B44CF32B42FD2397,BFCDE7C44DC8F222216AACFF46D3E28D722D32D3,98138DFD3E2C8C89D8F5AB11EF9B6BFF272D83B4,92BBADCB0697F5EB1792C607EE2DC1C291A98ADC,2020-08-27 04:29:52.299000,2020-08-27 04:29:53.037000
zyrnoeb72c5b5ate,failed,not_found,54,B872BA6804C8C6E140AE1897B44CF32B42FD2397,44DC23661E05DEFD94398936D9334987ABCB6E5E,7494CB6B5C82725BAFB6C1084DC0A1BE76591B51,02758CD398E3F842EF82478078AAAE0273770DB2,2020-08-27 04:29:53.038000,2020-08-27 04:29:53.839000
zyrnoeb72c5b5ate,failed,not_found,95,B872BA6804C8C6E140AE1897B44CF32B42FD2397,AB011ACDDE6D79F81A88CD9EB63E707D48AE8454,C7FF606D59C7F6BECA8A341D3CF11B423F382D5D,92E807AC5E23CCD9FE623EA4DC020B1627A0D09B,2020-08-27 04:29:53.839000,2020-08-27 04:29:57.176000
zyrnoeb72c5b5ate,failed,not_found,247,B872BA6804C8C6E140AE1897B44CF32B42FD2397,CD6E8C548704F4CE544CD71365D46F110518FBED,0F89912E6A4C4A8ACE43C58FF8B83CA299BFF74F,92E7BD70682F392900E4E2CDAE8B48635E9C9BE0,2020-08-27 04:29:57.176000,2020-08-27 04:29:58.189000
zyrnoeb72c5b5ate,failed,not_found,306,B872BA6804C8C6E140AE1897B44CF32B42FD2397,DCE8DBF94576272AD10D996C9AA0794A4567F304,4E98AA295B7171996D18DD1F6A19F64AB4036B4A,026E53D9AA2FF22217B215B57E4C4B4EF196FCD5,2020-08-27 04:29:58.189000,2020-08-27 04:29:58.737000
zyrnoeb72c5b5ate,failed,not_found,350,B872BA6804C8C6E140AE1897B44CF32B42FD2397,837D5EA513DF7FDDA36BE569C646151CDA4B9935,8F89078575FEE57675A922E9E088918F63AC750C,02740F472D1DA5C1B77475F18940FE79F15AF4B8,2020-08-27 04:29:58.737000,2020-08-27 04:29:59.473000
mdbgqy44e63mza46,failed,not_found,27,B872BA6804C8C6E140AE1897B44CF32B42FD2397,91E7CA6B8D0AAD77C7CFB8FEA25BF4F46DA1042A,5E7467C0E00AB25C56E0887271FEE69DFC1306CD,437143A8E2D86B3BEB77B9ECD49AC77CD360FBDA,2020-08-27 04:29:52.303000,2020-08-27 04:29:53
mdbgqy44e63mza46,failed,not_found,50,B872BA6804C8C6E140AE1897B44CF32B42FD2397,7AE157E500840043C1EB431575453D1B60D6278F,E432C6B90254DD0675F86D3E4D5F3A2CA100DE8B,D2AAF933A392EF9A6BA33A9C3327C9E7322E6440,2020-08-27 04:29:53,2020-08-27 04:29:53.691000
mdbgqy44e63mza46,failed,not_found,86,B872BA6804C8C6E140AE1897B44CF32B42FD2397,E947C029087FA1C3499BEF5D4372947C51223D8F,724E86E7F5DA715529DC0ECAA013AE4BDC680E4C,D2A609578BBE69A4CD7C1DEC104B3CD704023534,2020-08-27 04:29:53.691000,2020-08-27 04:29:54.240000
mdbgqy44e63mza46,failed,not_found,297,B872BA6804C8C6E140AE1897B44CF32B42FD2397,5A224EFAC453F7EF2D0435E336890DECDC5CEBFD,B96B5141004995295FE87DCCE1A54519BD0BB48A,438DC9B6B5C5375D332BB338D7E5C1B9EF448960,2020-08-27 04:29:54.240000,2020-08-27 04:29:58.473000
mdbgqy44e63mza46,failed,not_found,650,B872BA6804C8C6E140AE1897B44CF32B42FD2397,014E24C0CD21D2B9829E841D5EC1D3C415F866BF,4B351545DD58473F36B0A20E5500AC6ED51E8CD5,437B64831B34FF9BB915095862C12A9AA3F00027,2020-08-27 04:29:58.473000,2020-08-27 04:30:06.119000
mdbgqy44e63mza46,failed,not_found,1039,B872BA6804C8C6E140AE1897B44CF32B42FD2397,44DC23661E05DEFD94398936D9334987ABCB6E5E,77A56CB237740E24AEA2D61C8C8936232AFC1BD8,D29D6B8852AFA294C0E402DF78707CC175ECDF69,2020-08-27 04:30:06.119000,2020-08-27 04:30:07.091000
mxanrylnv7behgzp,,,,,,,6FB41ED1D68FCC399DCE81600CE30360DCFFE263,2020-08-27 04:29:52.303000,
k7vxyvupgpgxoaz4,failed,not_found,294,B872BA6804C8C6E140AE1897B44CF32B42FD2397,FFD32D43308B79EC378BACDCA3552E7AA2669C69,5DDCF0831430EA966917E6266A352F4F84A755D6,9FF43973692ABA9F600E9B17880201D09DEED19C,2020-08-27 04:29:52.307000,2020-08-27 04:29:59.348000
k7vxyvupgpgxoaz4,failed,not_found,392,B872BA6804C8C6E140AE1897B44CF32B42FD2397,D8A2D0080B0C73E1DC0EC9F33B497F64E5FB3F52,31788AB4138BBC7B923094A20E925B42E555A7A6,A0261C16D15B44F7C98B470FC073EA2B9CD10D41,2020-08-27 04:29:59.348000,2020-08-27 04:30:00.588000
k7vxyvupgpgxoaz4,failed,not_found,467,B872BA6804C8C6E140AE1897B44CF32B42FD2397,79E48A3242DB3515700F8925FA8E6323F8D51D7D,E271E2A19AF6DB62E6B9E9D5EF94F86F19D87C96,A016192D0A87FC9354A7523A211BBD9CF859708B,2020-08-27 04:30:00.588000,2020-08-27 04:30:02.028000
k7vxyvupgpgxoaz4,failed,not_found,569,B872BA6804C8C6E140AE1897B44CF32B42FD2397,64A8837A97AF71775C84DE0EDA94552AAEDC424F,B5558CFA70A5308582B25767C9698E6DBE6A90B2,8C858D558310D4D5EAB3DEAF33CEE356ACA01810,2020-08-27 04:30:02.028000,2020-08-27 04:30:02.991000
k7vxyvupgpgxoaz4,failed,not_found,646,B872BA6804C8C6E140AE1897B44CF32B42FD2397,02758CD398E3F842EF82478078AAAE0273770DB2,CE6813FEA256EE63BCD2A178E453202BFAA64FA7,8C730EAF14903803BA1055202BE65C54105E5C4F,2020-08-27 04:30:02.992000,2020-08-27 04:30:03.566000
k7vxyvupgpgxoaz4,failed,not_found,708,B872BA6804C8C6E140AE1897B44CF32B42FD2397,E45EC3830D8AD7F23FF1BEF8AC1F7519555A3515,7A3E534C033E3836BD5AF223B642853C502AB33A,8C94FAB733C8F1E6C1828946DB77699DD9AC63D7,2020-08-27 04:30:03.566000,2020-08-27 04:30:04.921000
6zvwikvr7g3awala,failed,not_found,65,B872BA6804C8C6E140AE1897B44CF32B42FD2397,699388030AFC5C110822C85DE97A51545B192987,C63110BDD8736D2C2A733FF962F58D58FDE63A2D,49791A9C1CD16463868F407C3968A3DCF1E9DC49,2020-08-27 04:29:53.299000,2020-08-27 04:29:53.800000
6zvwikvr7g3awala,failed,not_found,93,B872BA6804C8C6E140AE1897B44CF32B42FD2397,9AB93B5422149E5DFF4BE6A3814E2F6D9648DB6A,F836446663F1EB816F13708955F105D0B2F5C8E0,101C18886B30BB23B36CBAAD159261188852E112,2020-08-27 04:29:53.801000,2020-08-27 04:29:54.458000
6zvwikvr7g3awala,failed,not_found,119,B872BA6804C8C6E140AE1897B44CF32B42FD2397,03910F285A33F365838EC66EF2C2EF754D046760,FA1845C313B88EF49E8BE1F23B02CD0AC702B636,495B496867C84BBC92338301D924850F226E75DA,2020-08-27 04:29:54.459000,2020-08-27 04:29:55.083000
6zvwikvr7g3awala,failed,not_found,135,B872BA6804C8C6E140AE1897B44CF32B42FD2397,C37F87C0125E26E6ACF54366FA2198209E856ABE,E6C04728E9339DF22F331B7017D4A7AA3F252F0B,100195E079A761751587E31A091D2E2206F35C3A,2020-08-27 04:29:55.083000,2020-08-27 04:29:55.573000
6zvwikvr7g3awala,failed,not_found,432,B872BA6804C8C6E140AE1897B44CF32B42FD2397,431702B3A68A6015F9955DD4FD0129175B43EA0F,3033FD18BBD658C5ECE926FB17D2269BFE337358,101C73B188E6BAF28EE4695F1C9D76DCBC7C5AB4,2020-08-27 04:29:55.573000,2020-08-27 04:30:00.972000
6zvwikvr7g3awala,failed,not_found,486,B872BA6804C8C6E140AE1897B44CF32B42FD2397,7A3E534C033E3836BD5AF223B642853C502AB33A,73CC65219889443C06E06A0B6D427B1FE1C37379,49877399DD0E82FE123148361038823368F77193,2020-08-27 04:30:00.973000,2020-08-27 04:30:01.456000
4kxse4dmvqclya67,failed,not_found,67,B872BA6804C8C6E140AE1897B44CF32B42FD2397,7260949459C2D4D4A5ABC3AC10C1AD6939E6525C,99D5C9A5A7238986D1EA1D7771CF81B4A192C4D0,CDA9361C072A86719AA3D5A283F5BFBCBF82133B,2020-08-27 04:29:53.304000,2020-08-27 04:29:53.984000
4kxse4dmvqclya67,failed,not_found,97,B872BA6804C8C6E140AE1897B44CF32B42FD2397,695D811B130673C2DE8DCFC5A9E742790BD25066,B93503D458D9FE97DE5C12D211082871D08F1284,CD9BFE309010778D64ED5E55D5EEAA92B2020DE8,2020-08-27 04:29:53.985000,2020-08-27 04:29:54.912000
4kxse4dmvqclya67,failed,not_found,128,B872BA6804C8C6E140AE1897B44CF32B42FD2397,5856DB884578915E7C7A0B7B11E4145B1D2A4E2B,A2F7674E837C4131D70A840262AFC269801F14BA,CD98A4B9F50D189177D4F8839FFA729B525DF121,2020-08-27 04:29:54.913000,2020-08-27 04:29:55.573000
4kxse4dmvqclya67,failed,not_found,133,B872BA6804C8C6E140AE1897B44CF32B42FD2397,06D0FB9C6860E8D7FB99EA310A016707AFAA71CE,15571673BCE30678EC5F895C9F59EB1C01CBBC56,26ACD3A1EFECBB695CE8DF2EB769DB9242964C6C,2020-08-27 04:29:55.573000,2020-08-27 04:29:56.594000
4kxse4dmvqclya67,failed,not_found,216,B872BA6804C8C6E140AE1897B44CF32B42FD2397,59C0D88A5B3C65541CF63D0DD88EF15A379D378E,EB6BAF902533654A3E708BE3A384CA6615A721BF,26B09A4C9F6A9D4815DB46EBA3626A0ED8D71E8F,2020-08-27 04:29:56.595000,2020-08-27 04:29:58.066000
4kxse4dmvqclya67,failed,not_found,300,B872BA6804C8C6E140AE1897B44CF32B42FD2397,6E4B0D429CD87AB6C25D72E298294C583FF8BA4A,0F977B4D6EBEECD578AC838A5FDDC81B636060A7,26B2BBE67149973AA6F631FD09E2A34E73253AB4,2020-08-27 04:29:58.066000,2020-08-27 04:30:01.633000
uheree6lk674ias3,failed,not_found,296,B872BA6804C8C6E140AE1897B44CF32B42FD2397,4FF53BC47097B50DA5B68D72C5B25CC079F4A787,6C71AC0B8FB6E0255C100DCAE0C283FB3F2F1CC2,B8F9174489CBCF8B4ABCA7A538677954148C281D,2020-08-27 04:29:53.308000,2020-08-27 04:29:58.647000
uheree6lk674ias3,failed,not_found,343,B872BA6804C8C6E140AE1897B44CF32B42FD2397,1685E8A79D1D01E4FBC135CD91341C4A4ED802E6,19D353B8AA0927DF82CB26E0396C57BE27C0ACC5,B8F7B162963287D2199D075BBAB2C4FB941BB390,2020-08-27 04:29:58.647000,2020-08-27 04:29:59.473000
uheree6lk674ias3,failed,not_found,403,B872BA6804C8C6E140AE1897B44CF32B42FD2397,7ED3D8AFAC750F8CC0BDF8C87FE3BCBA2BBE2209,4B351545DD58473F36B0A20E5500AC6ED51E8CD5,3BAACE149DB31574B327BF835B594B707D12CD58,2020-08-27 04:29:59.473000,2020-08-27 04:30:00.544000
uheree6lk674ias3,failed,not_found,464,B872BA6804C8C6E140AE1897B44CF32B42FD2397,38471394F06B2B86404768193C929313962FDC2F,CE58CF666F209857502FCEAF1CB52F638AFFBD63,B8F6E68B36BEE2BF548750BDCCC3C2A7DB56A623,2020-08-27 04:30:00.545000,2020-08-27 04:30:01.167000
uheree6lk674ias3,failed,not_found,894,B872BA6804C8C6E140AE1897B44CF32B42FD2397,A59AD84F92B2E5A76EBFE3BE62D3B28AF9BFD127,B568135C5E345BAFB080C11FDDF348E545A722E5,3BB035514F8246AC367B5370F4FE120BB11D8C6D,2020-08-27 04:30:01.167000,2020-08-27 04:30:05.704000
uheree6lk674ias3,failed,not_found,984,B872BA6804C8C6E140AE1897B44CF32B42FD2397,ED7F2BE5D2AC7FCF821A909E2486FFFB95D65272,E46C3F0533709EE2112874B13A4FE3868B33E75E,3BB34C63072D9D10E836EE42968713F7B9325F66,2020-08-27 04:30:05.704000,2020-08-27 04:30:06.592000
fb6gqdjjrf62pv52,failed,not_found,71,B872BA6804C8C6E140AE1897B44CF32B42FD2397,2F69F8C4DC02DD15A39BFDB4078A791D89ECEAA2,5751514249B4A7FA5187363BB6C4F76126729137,AFC69ACD47E4CBD5CF8EA47F9B5622C91BF2DA60,2020-08-27 04:29:53.313000,2020-08-27 04:29:55.089000
fb6gqdjjrf62pv52,failed,not_found,137,B872BA6804C8C6E140AE1897B44CF32B42FD2397,59C0D88A5B3C65541CF63D0DD88EF15A379D378E,B1E43B11A955CBA31F5261A22CBFCE204C95D5DE,AFA9E5B8D77B736CCA77704B465F9FA4B9566924,2020-08-27 04:29:55.090000,2020-08-27 04:29:56.014000
fb6gqdjjrf62pv52,failed,not_found,174,B872BA6804C8C6E140AE1897B44CF32B42FD2397,8AC597DF806EC6964E6BA047C8FDBF47F7D5D35B,221E976B546E60048A01950250399B8534D4E4B7,AFA0C24F635C3E198A151D09A796430F0778BA65,2020-08-27 04:29:56.014000,2020-08-27 04:29:56.693000
fb6gqdjjrf62pv52,failed,not_found,221,B872BA6804C8C6E140AE1897B44CF32B42FD2397,431702B3A68A6015F9955DD4FD0129175B43EA0F,8A5E7C2D09835974B4D58252BAD51FD8AD54F9CE,EC51FD38AD444AD7A8463BFDA035282755B5EEC1,2020-08-27 04:29:56.694000,2020-08-27 04:29:57.807000
fb6gqdjjrf62pv52,failed,not_found,284,B872BA6804C8C6E140AE1897B44CF32B42FD2397,7C1BEFB5D6897981ECE52817A2D3B702A9EB30D9,6111C6005AB56498BE5E35666B2522CEBE17D14E,EC65D72BB9668553999DE4E6CF380207ACA941EA,2020-08-27 04:29:57.807000,2020-08-27 04:29:59.153000
fb6gqdjjrf62pv52,failed,not_found,368,B872BA6804C8C6E140AE1897B44CF32B42FD2397,73283C4DEBC01D3E4A5FD1BB1F2B50D927379F59,EECADDB0CBB5725D4DDFE3D7E734E8261E0E9D09,EC7DF86078FCD97796087E8A8D37131E74A37CBF,2020-08-27 04:29:59.154000,2020-08-27 04:29:59.663000
yxydgoh4tm7lwt5s,failed,not_found,109,B872BA6804C8C6E140AE1897B44CF32B42FD2397,3D8A65667A03D839050DCAD120085E257E029536,A597AC866E40CAB5A67759ADE4942192E99DE684,65E6EB676633328ADE3BD3168A59134CDDD21E19,2020-08-27 04:29:54.330000,2020-08-27 04:29:56.106000
yxydgoh4tm7lwt5s,failed,not_found,179,B872BA6804C8C6E140AE1897B44CF32B42FD2397,85A3AC041E3FCD796AF5D653953D5E27A56E3719,AE95BDA37A5BB4685FEBB7F06649D6CE949B5316,CB040846C647F338EE1950C6CC03267102088C50,2020-08-27 04:29:56.107000,2020-08-27 04:29:57.293000
yxydgoh4tm7lwt5s,failed,not_found,257,B872BA6804C8C6E140AE1897B44CF32B42FD2397,8BE58BA7A28DC6B4F211CE8EE86783B85133488D,461453F94FA0E3CBB011685E22CDAFD2AF0DFDC3,65F241195AD0C8F124B134D8E1FECDDE42C379F9,2020-08-27 04:29:57.293000,2020-08-27 04:29:58.026000
yxydgoh4tm7lwt5s,failed,not_found,291,B872BA6804C8C6E140AE1897B44CF32B42FD2397,4CE6D83FFA8AD24767007E8C972F371F2468F09A,CBD00958A3B897774E333D75C24E6A75F5220DCC,65E40F7EDD28E2CF28684E30E0BAB7706819CFC3,2020-08-27 04:29:58.026000,2020-08-27 04:29:58.642000
yxydgoh4tm7lwt5s,failed,not_found,341,B872BA6804C8C6E140AE1897B44CF32B42FD2397,43FF3346A3F8E4ED27F631DC956C4CD8D6173D7A,DCE8DBF94576272AD10D996C9AA0794A4567F304,CB1CE5D58F07BCACBD06FBA82ED2359D5E8CE911,2020-08-27 04:29:58.642000,2020-08-27 04:29:59.259000
yxydgoh4tm7lwt5s,failed,not_found,379,B872BA6804C8C6E140AE1897B44CF32B42FD2397,DD0C8EEC5CA402A9FA4478F10C31A440F71F6885,B04EA2B400D9679E72284E12FB81E68756670A3A,CB19AC6FFAC13B4C1A143B423884EDEA4381ED2F,2020-08-27 04:29:59.259000,2020-08-27 04:29:59.894000
d4ay6ksc74vrr2g5,failed,not_found,111,B872BA6804C8C6E140AE1897B44CF32B42FD2397,9A51C5D79C30B9F3B527EC77EF901DDAB76C3AB5,94F16DA2BDDBA092954FF8EC29F9234A69949403,7D3307C578AD1B1D818D74E38635BDACB390A845,2020-08-27 04:29:54.342000,2020-08-27 04:29:55.946000
d4ay6ksc74vrr2g5,failed,not_found,172,B872BA6804C8C6E140AE1897B44CF32B42FD2397,C92F69EE5756200F160CCFAFE9C3C984D3E6D561,994FB6A842C0CEE1F1C4CBA9A7604C5FF6014CFC,2B5E502536A436FE36DA2C6875F4C77F3593B37F,2020-08-27 04:29:55.946000,2020-08-27 04:29:56.510000
d4ay6ksc74vrr2g5,failed,not_found,210,B872BA6804C8C6E140AE1897B44CF32B42FD2397,7992F172EDBE69B99F0190651BAC14DD0FD9E5C8,436A18F19C1212D6142BFD4894BDC9C5024F76F4,7CE954CEDB9827C34782A3F172EE01DBDC683AC8,2020-08-27 04:29:56.511000,2020-08-27 04:29:58.444000
d4ay6ksc74vrr2g5,failed,not_found,324,B872BA6804C8C6E140AE1897B44CF32B42FD2397,91DDE492833DA13509B2ABEF3E8F6D5161153385,D8A2D0080B0C73E1DC0EC9F33B497F64E5FB3F52,2B5ED281A399E1FC1C7C0964F349B12A175DDE07,2020-08-27 04:29:58.444000,2020-08-27 04:29:59.259000
d4ay6ksc74vrr2g5,failed,not_found,381,B872BA6804C8C6E140AE1897B44CF32B42FD2397,DE74E8C4F3CF0FBBCB7E761BB3072050D1D4DD88,200473B7974E8D78B75B28DBD6C218DA3A0B8059,7D31D5118D47BF86C550ABB79EDDE865EC31B67F,2020-08-27 04:29:59.259000,2020-08-27 04:30:01.083000
d4ay6ksc74vrr2g5,failed,not_found,504,B872BA6804C8C6E140AE1897B44CF32B42FD2397,C94BCB3ECFEB7CCA81E50AF265950F3321E5642C,79509683AB4C8DDAF90A120C69A4179C6CD5A387,2B4C0C18906FEE37A936815BEBB5F8EB186CE455,2020-08-27 04:30:01.083000,2020-08-27 04:30:02.263000
6qfikiegieged2p5,failed,not_found,113,B872BA6804C8C6E140AE1897B44CF32B42FD2397,4D52A12D9AD22A7E1BE5B564953A7CA9C31DA675,E39A758BD81DD27E8AA27998688E816D0A13DC82,78DF2B937849E6B7636E901377DB08A15B51525C,2020-08-27 04:29:54.350000,2020-08-27 04:29:56.179000
6qfikiegieged2p5,failed,not_found,185,B872BA6804C8C6E140AE1897B44CF32B42FD2397,6FF440DFB1D0697B942357D747900CC308DD57CC,14D57DEDF0A4554A2D21AD53CCCC43E31158C733,C37F87C0125E26E6ACF54366FA2198209E856ABE,2020-08-27 04:29:56.180000,2020-08-27 04:29:56.710000
6qfikiegieged2p5,failed,not_found,2025,B872BA6804C8C6E140AE1897B44CF32B42FD2397,07905A0D8AD1C134D3036872140B1DB1EB761772,0085057C17BD2E1809E284825F06F94E72FB418C,78E21832A3E27658CBC83BC2A885273D9BDB838D,2020-08-27 04:29:56.710000,2020-08-27 04:30:14.349000
6qfikiegieged2p5,failed,not_found,2276,B872BA6804C8C6E140AE1897B44CF32B42FD2397,9AB93B5422149E5DFF4BE6A3814E2F6D9648DB6A,DEA84F08432800346BADB35F1EAC1B2A4D5B165D,78E2BE744A53631B4AAB781468E94C52AB73968B,2020-08-27 04:30:14.349000,2020-08-27 04:30:15.481000
6qfikiegieged2p5,failed,not_found,2488,B872BA6804C8C6E140AE1897B44CF32B42FD2397,C4775A31A1D2E1F8713344BA796A5E8216FEF115,BDDF8187EA4419951CFD0A54088B634564F63AF3,C38460B0B5AE443940827FF308602E5F4A12B5C4,2020-08-27 04:30:15.481000,2020-08-27 04:30:17.070000
6qfikiegieged2p5,failed,not_found,2790,B872BA6804C8C6E140AE1897B44CF32B42FD2397,1CA5F7A1220A95E1A1CEAA11AC51A47FB04D5CC5,8FA37B93397015B2BC5A525C908485260BE9F422,C3799054BC7F0D201FB7C0F9DE31BF1F3D868A37,2020-08-27 04:30:17.070000,2020-08-27 04:30:17.710000
zu2yc2rxrabqqup3,failed,not_found,115,B872BA6804C8C6E140AE1897B44CF32B42FD2397,F741E5124CB12700DA946B78C9B2DD175D6CD2A1,61004152C709672EE739F2667B56EF5550A51332,A604086EAE838774F809811925A223DCFDBB1D17,2020-08-27 04:29:54.357000,2020-08-27 04:29:56.133000
zu2yc2rxrabqqup3,failed,not_found,181,B872BA6804C8C6E140AE1897B44CF32B42FD2397,30D457317789E20449CBC12E02F5658FA23E0BEE,4856C97DC4F2271BC896DF9CABD217EE2D869D68,A60697FF383EEEE2E88505DD4E305C07BF326B11,2020-08-27 04:29:56.133000,2020-08-27 04:29:56.730000
zu2yc2rxrabqqup3,failed,not_found,226,B872BA6804C8C6E140AE1897B44CF32B42FD2397,1C0736CF3744A3B87C2D2269B8BD3388C7E60552,97767B43E78119A613B46CEAF81A788F45CC05D9,09A70E396DE93F54D4541BBB0EC8E2B23761F34F,2020-08-27 04:29:56.730000,2020-08-27 04:29:57.479000
zu2yc2rxrabqqup3,failed,not_found,269,B872BA6804C8C6E140AE1897B44CF32B42FD2397,20386D9A32BECBE602375E015FC70117955653F1,724E86E7F5DA715529DC0ECAA013AE4BDC680E4C,A61B56A50D13DC29DBB23C6A033FA3F0C57420CF,2020-08-27 04:29:57.479000,2020-08-27 04:29:58.459000
zu2yc2rxrabqqup3,failed,not_found,327,B872BA6804C8C6E140AE1897B44CF32B42FD2397,883F49ECDF48809308C0E5409E5A264B94050140,3B65EEA3DDB890CF4899E675A7B138D04759FAFA,098B3457ABA31AD65A3AF47F61B623E35B3FAB2D,2020-08-27 04:29:58.460000,2020-08-27 04:29:59.240000
zu2yc2rxrabqqup3,failed,not_found,375,B872BA6804C8C6E140AE1897B44CF32B42FD2397,33D88F331408141F2A2CC563239E54E48F7A211B,43C83536DACCD110FF11E049A890064F6F87BEB2,098D9CF7568D27A8288FA4BB3819A99913315D6E,2020-08-27 04:29:59.240000,2020-08-27 04:29:59.772000
lbku5xo4y6alpzr7,failed,not_found,143,B872BA6804C8C6E140AE1897B44CF32B42FD2397,18CA9EA099BB9861E354D2A6FF49337A7E81C2F3,BE9B12FAAB7429842D643E2308390ECD8961E0A1,F7ACB36752F2D27A03800E505D1599F26C981B53,2020-08-27 04:29:55.308000,2020-08-27 04:29:55.905000
lbku5xo4y6alpzr7,failed,not_found,166,B872BA6804C8C6E140AE1897B44CF32B42FD2397,0B19BBFDC498CCEA23027B1D7BD8E20121B95E60,5D2A8CAA119D0528722C2438350FAB0C8DE01AB7,E0E6DEEFAD77051EDF4719134C199AC4C9ED5756,2020-08-27 04:29:55.906000,2020-08-27 04:29:56.449000
lbku5xo4y6alpzr7,failed,not_found,201,B872BA6804C8C6E140AE1897B44CF32B42FD2397,DD3F8B9643B1EA35353FC7331C92F99668A7F30C,AE95BDA37A5BB4685FEBB7F06649D6CE949B5316,F7C32D7982E63424C20373E6B41B3C1881B894D8,2020-08-27 04:29:56.449000,2020-08-27 04:29:57.684000
lbku5xo4y6alpzr7,failed,not_found,273,B872BA6804C8C6E140AE1897B44CF32B42FD2397,FF82B371BDDDA0F48D849CA38E33A9AA39C0D2BE,EC4AD91674B5AFECCA117A396776F120651E55BF,E11FC7C83F417808A4CDD84A5ABFC112844C477A,2020-08-27 04:29:57.684000,2020-08-27 04:29:59.300000
lbku5xo4y6alpzr7,failed,not_found,385,B872BA6804C8C6E140AE1897B44CF32B42FD2397,103336165A0D2EFCAD3605339843A0A7710B8B92,7A3E534C033E3836BD5AF223B642853C502AB33A,E0F638ECCE918B5455CE29D2CD9ECC9DBD8F8B21,2020-08-27 04:29:59.301000,2020-08-27 04:30:00.004000
lbku5xo4y6alpzr7,failed,not_found,426,B872BA6804C8C6E140AE1897B44CF32B42FD2397,3586697291602DC8042EB152E60701FFFE8777BD,5E58901BA30AFCCD8C107FAFAD9EF25DF50FF936,F7B024DB02C601185C202E26DFFD2AD525C16A36,2020-08-27 04:30:00.005000,2020-08-27 04:30:00.653000
euy2goejuwgiqyhh,failed,not_found,145,B872BA6804C8C6E140AE1897B44CF32B42FD2397,68D2ABD936233A569E2B46D6228816149A16B4FA,C2B45199FC6F98E21BFAFE0833348F288FA337E3,49BC7301250F6D87BCD676DFC9AF22048F96F599,2020-08-27 04:29:55.319000,2020-08-27 04:29:56.248000
euy2goejuwgiqyhh,failed,not_found,188,B872BA6804C8C6E140AE1897B44CF32B42FD2397,0B19BBFDC498CCEA23027B1D7BD8E20121B95E60,5EF0AAAEEE7B1282DA0DBAB94669B73E39DD51B6,FE857C3043412FD5454ED5FEF55C4C572E5B70CF,2020-08-27 04:29:56.248000,2020-08-27 04:29:57.045000
euy2goejuwgiqyhh,failed,not_found,239,B872BA6804C8C6E140AE1897B44CF32B42FD2397,CA95B3584C44DED8107AF5B3D8C25C562CC64DD4,5BB51E650366D14C95027DB2F1D7A69BC5B00676,49CA9262801E9DC9B414A143A58A68255149367A,2020-08-27 04:29:57.046000,2020-08-27 04:29:57.771000
euy2goejuwgiqyhh,failed,not_found,278,B872BA6804C8C6E140AE1897B44CF32B42FD2397,BE9B12FAAB7429842D643E2308390ECD8961E0A1,A7C5B40EC0FB5175E884075DDC87531D353F679C,49877399DD0E82FE123148361038823368F77193,2020-08-27 04:29:57.772000,2020-08-27 04:29:58.402000
euy2goejuwgiqyhh,failed,not_found,298,B872BA6804C8C6E140AE1897B44CF32B42FD2397,210001EE8A8E086983A3BD48F0D936996451C9CB,8C00FA7369A7A308F6A137600F0FA07990D9D451,FE88E5CC19DFAEAB52375FAB4CB6F0586DF74599,2020-08-27 04:29:58.403000,2020-08-27 04:29:59.084000
euy2goejuwgiqyhh,failed,not_found,363,B872BA6804C8C6E140AE1897B44CF32B42FD2397,EEDC92C8E4F14EFB6200FB4C92D4F957B98652B4,543F96D0C17CDBAC326F644DB0C8A17193BCCFC9,FE9CB0E0629636EBD8D0C71F46E387B944C01BCF,2020-08-27 04:29:59.085000,2020-08-27 04:29:59.788000
27wicr5ruyahhtpl,failed,not_found,146,B872BA6804C8C6E140AE1897B44CF32B42FD2397,A597AC866E40CAB5A67759ADE4942192E99DE684,7185B69E3267E71D0E4CBE30209677205DEA5E67,D01956B555BA59D422D994D41AC9634183974597,2020-08-27 04:29:55.319000,2020-08-27 04:29:55.924000
27wicr5ruyahhtpl,failed,not_found,169,B872BA6804C8C6E140AE1897B44CF32B42FD2397,1424000B86DF67D1FBFF685B204073BB9591CEFD,55A92BE2A76C64A5A0DB0D4F61D5DCA37B55EE52,D0273C8566CC9AECE4C762376C9B066FE0F1DADD,2020-08-27 04:29:55.924000,2020-08-27 04:29:56.527000
27wicr5ruyahhtpl,failed,not_found,212,B872BA6804C8C6E140AE1897B44CF32B42FD2397,286F22F5D198AB20C50C65B94A03B52CAE588946,42D47C736518BFA495CA31AEE40AE468F0BDA2A6,D0354E2C21D9C7D2882262FF2DAF35618ED58DBB,2020-08-27 04:29:56.527000,2020-08-27 04:29:57.250000
27wicr5ruyahhtpl,failed,not_found,254,B872BA6804C8C6E140AE1897B44CF32B42FD2397,4E896071CA6A712FA9CBD0E369B75962654C0D1B,9684C4D6C71131EEEF2E5C23C3EA234A684CD501,5EDD6628D5E13ED020A1EA03C1944DD6769B4974,2020-08-27 04:29:57.250000,2020-08-27 04:29:59.873000
27wicr5ruyahhtpl,failed,not_found,418,B872BA6804C8C6E140AE1897B44CF32B42FD2397,0AD3B16ADF3EED3E5962FA944CD501352E790814,3F065BB0B02FB2303E144383D16C47A7DED75AE7,5EACEBD7A3F396848F5E56B3EF028505AF80E191,2020-08-27 04:29:59.874000,2020-08-27 04:30:01.034000
27wicr5ruyahhtpl,failed,not_found,489,B872BA6804C8C6E140AE1897B44CF32B42FD2397,1FDF4D0660A7497222C3BA24FEEA316244093CD7,3A94EFBF4A220B35A92D0A5B4A80D6324C3C306A,5EBA4A9F483E07FD717BA81DD6F7344AF82F7D5D,2020-08-27 04:30:01.034000,2020-08-27 04:30:02.201000
3ywkangzuwexsmew,failed,not_found,147,B872BA6804C8C6E140AE1897B44CF32B42FD2397,EFA2E7B073AA4CE2DAF7160F23C90DB805948F4A,B5558CFA70A5308582B25767C9698E6DBE6A90B2,A2534EF23390CAE079B1586F0FDF9CE11F556062,2020-08-27 04:29:55.319000,2020-08-27 04:29:55.923000
3ywkangzuwexsmew,failed,not_found,168,B872BA6804C8C6E140AE1897B44CF32B42FD2397,461D6EA15966C7F99B43D37ADC116B5B8E47D130,63B32F7E5389E8DBC5E1BCEFE48312DA7CCEF5D6,5AB912983D3A76EC40FE0CE580835698857FEAC4,2020-08-27 04:29:55.923000,2020-08-27 04:29:56.939000
3ywkangzuwexsmew,failed,not_found,234,B872BA6804C8C6E140AE1897B44CF32B42FD2397,2F9AFDE43DC8E3F05803304C01BD3DBF329169AC,A5A0E659B7490982190475422CD42176198E2E69,A254B2BFCC7F3CEADC3F7B016663F3E421861F5C,2020-08-27 04:29:56.939000,2020-08-27 04:29:58.526000
3ywkangzuwexsmew,failed,not_found,331,B872BA6804C8C6E140AE1897B44CF32B42FD2397,27C61AE08EBDD8B26B78992C7647D890269E9E03,769A297017BB5E92A9A5A3D76725CA12D694AA30,A24908D1E26872E1715F9901E80FB5FA6EEBEE91,2020-08-27 04:29:58.527000,2020-08-27 04:29:59.348000
3ywkangzuwexsmew,failed,not_found,393,B872BA6804C8C6E140AE1897B44CF32B42FD2397,A79F94117D73D4AFA4BCE340A3CB6E345C817594,C82A233A89DC3D94CF321E1622D9A538E126C216,5AE12CAAA489A0739F56E79CC287526FAB55A6FB,2020-08-27 04:29:59.349000,2020-08-27 04:29:59.936000
3ywkangzuwexsmew,failed,not_found,422,B872BA6804C8C6E140AE1897B44CF32B42FD2397,DA8D76F5F5819693B5C96F499BA19F7404014769,116AE83220B11649C3936F8B85D75B28F86109F5,5ADA85FC78D694F57ADBDCDF3EA7CC39CA552A85,2020-08-27 04:29:59.937000,2020-08-27 04:30:00.920000
fvrgc5yutssm5m7r,failed,not_found,176,B872BA6804C8C6E140AE1897B44CF32B42FD2397,6974910EF995EF8B45D46285FD15FCF84347BB84,92BBADCB0697F5EB1792C607EE2DC1C291A98ADC,D39F2CD90A236F94A61B76616B4873329DA77888,2020-08-27 04:29:56.312000,2020-08-27 04:29:56.690000
fvrgc5yutssm5m7r,failed,not_found,219,B872BA6804C8C6E140AE1897B44CF32B42FD2397,16FD7E5D67B7054EE4E7FDDF04AFB48216CA640A,571263804EF55F49A8615AA24A20244B777BF539,D39328D2EAE3816F9C5D5D1BB19D1C14E2E79482,2020-08-27 04:29:56.691000,2020-08-27 04:29:57.237000
fvrgc5yutssm5m7r,failed,not_found,252,B872BA6804C8C6E140AE1897B44CF32B42FD2397,41E041EC676622FFEE59F56BC75B99CD0D47F653,B1B8EE3BD207009B0CBA4346BBBA559EECFC0175,D39F66DE4910D3AE1C3415E4501219D3B99E184E,2020-08-27 04:29:57.237000,2020-08-27 04:29:59.383000
fvrgc5yutssm5m7r,failed,not_found,395,B872BA6804C8C6E140AE1897B44CF32B42FD2397,45340458350C88E4C526A1D551BB144643ABA794,3B92ADC24E26522515BD3C15C678A641EA6475B0,A61B56A50D13DC29DBB23C6A033FA3F0C57420CF,2020-08-27 04:29:59.383000,2020-08-27 04:30:01.039000
fvrgc5yutssm5m7r,failed,not_found,494,B872BA6804C8C6E140AE1897B44CF32B42FD2397,6245DC873D6F613C795D48663D65BD8A2266CAF6,901B90EC8B96C6451854C325229E8B37EB5819BB,A64BD6DA33D870F3807C5775DEA23F6EE32289B3,2020-08-27 04:30:01.039000,2020-08-27 04:30:01.789000
fvrgc5yutssm5m7r,failed,not_found,552,B872BA6804C8C6E140AE1897B44CF32B42FD2397,DBEB829AC7ED58571860E4876A0F33D38D5B9E83,74312EF576DE1E7710D5420791E6BDB41808439E,A65E1523F313405BB60E4AA136A69EFA504C4F60,2020-08-27 04:30:01.790000,2020-08-27 04:30:11.512000
3jwvyuz5eqnmahmd,failed,not_found,193,B872BA6804C8C6E140AE1897B44CF32B42FD2397,AA44DDCAAF120676DC6616DF7C5DC7062AE7C208,BAE58EF7F58C11DAFD81C9EDD10EB74150AF3CFE,52BFADA8BEAA01BA46C8F767F83C18E2FE50C1B9,2020-08-27 04:29:56.327000,2020-08-27 04:29:56.940000
3jwvyuz5eqnmahmd,failed,not_found,235,B872BA6804C8C6E140AE1897B44CF32B42FD2397,EFE48A6A2A02B68D1767C13B9646FA62EA8310B2,5B1F0DAF378A1FAFCFD5FA9CDC66D1023DC0276E,D898AE80D6B0BD8EE890FC3673D99E3DEDB06AC1,2020-08-27 04:29:56.940000,2020-08-27 04:29:57.437000
3jwvyuz5eqnmahmd,failed,not_found,240,B872BA6804C8C6E140AE1897B44CF32B42FD2397,B4A96C0852DD0841579D33E09A98D641EACCD73E,438E8C214576AF13480A550D45C116F43333C319,52C189FF01FDF7FA177D6678C34D362F7BC45E85,2020-08-27 04:29:57.438000,2020-08-27 04:29:58.104000
3jwvyuz5eqnmahmd,failed,not_found,303,B872BA6804C8C6E140AE1897B44CF32B42FD2397,714425418EEEDFACC86D87544B265892E98FA32B,1687ECEA6D20E62CF371BA8D53B95E68788F98C1,D8A2D0080B0C73E1DC0EC9F33B497F64E5FB3F52,2020-08-27 04:29:58.104000,2020-08-27 04:29:59.252000
3jwvyuz5eqnmahmd,failed,not_found,651,B872BA6804C8C6E140AE1897B44CF32B42FD2397,63BF46A63F9C21FD315CD061B3EAA3EB05283A0A,C3E0E9EA1FF3FCFC27E856BFE61533020DD7F090,52BDA1A380E785C86B6ACF92CBE0D482DE48B562,2020-08-27 04:29:59.252000,2020-08-27 04:30:04.821000
3jwvyuz5eqnmahmd,failed,not_found,855,B872BA6804C8C6E140AE1897B44CF32B42FD2397,E8BAE7393740A700D50B010DED9D9EC9A66B390D,138B95F9A10E8BEBA6B142ADAC7331765C61ACE4,D89267FB10BF625D31FF7687AF7D12B03BBF757C,2020-08-27 04:30:04.822000,2020-08-27 04:30:05.703000
dcj6a6yalqcjey3y,failed,not_found,196,B872BA6804C8C6E140AE1897B44CF32B42FD2397,E81EF60A73B3809F8964F73766B01BAA0A171E20,4AD9C116A1942D58A714433CA24F087F18036A7E,37BB3233098BF9B9095C27834E65A2E17FF807F8,2020-08-27 04:29:56.348000,2020-08-27 04:29:56.878000
dcj6a6yalqcjey3y,failed,not_found,499,B872BA6804C8C6E140AE1897B44CF32B42FD2397,2FD0BA57A34DC2792AF470398F72F37F9E51DC2D,271454031B99A7F5DDE486C554D40DBC4F050D29,8B0D8D35EC9BE90675E1D054DD7F52F555C80085,2020-08-27 04:29:56.878000,2020-08-27 04:30:01.611000
dcj6a6yalqcjey3y,failed,not_found,542,B872BA6804C8C6E140AE1897B44CF32B42FD2397,539572FE3430A83E8F502052FC7E178E20A07EE0,7E7D257777019B80771C5F6FF63DB6D89AE5B067,37C1D66559D0C7884E3D21F7DEB58C75D79B98A8,2020-08-27 04:30:01.611000,2020-08-27 04:30:02.190000
dcj6a6yalqcjey3y,failed,not_found,586,B872BA6804C8C6E140AE1897B44CF32B42FD2397,0338F9F55111FE8E3570E7DE117EF3AF999CC1D7,513753D2C4A1246DCC21241C5BE5022CCBD2645C,37CED9BA892BB06999F2B8CB63861A064A26C1BB,2020-08-27 04:30:02.190000,2020-08-27 04:30:03.307000
dcj6a6yalqcjey3y,failed,not_found,674,B872BA6804C8C6E140AE1897B44CF32B42FD2397,277F5717A62B3A728C98B3168E484BC08B4997E3,96B70F86B45623B4EC71E8E953DCD61A05D5BAAC,8B152232558DC89934CFE61A5BCC42BA672F87EF,2020-08-27 04:30:03.308000,2020-08-27 04:30:03.995000
dcj6a6yalqcjey3y,failed,not_found,762,B872BA6804C8C6E140AE1897B44CF32B42FD2397,4820738C5159E6C86E1FE1321162FAF5C6F668A8,3BADB3EFFB87534736BFAC9A2024AB78401BDBC3,8AFFEAE2A917D35C4E98395F5F3BDC3A55472632,2020-08-27 04:30:03.995000,2020-08-27 04:30:05.748000
h6qhqe3axjntxjtm,failed,not_found,197,B872BA6804C8C6E140AE1897B44CF32B42FD2397,B96B5141004995295FE87DCCE1A54519BD0BB48A,1D361A2F1CAE4FDD5A85E13C168BE7075A100524,F0832608B0D52E7B4418E54E655CA18A585DEDB8,2020-08-27 04:29:56.348000,2020-08-27 04:29:57.058000
h6qhqe3axjntxjtm,failed,not_found,243,B872BA6804C8C6E140AE1897B44CF32B42FD2397,58FC2AAB3792AC37897D34331F4F4E00341DEC0C,24D0491A2ADAAB52C17625FBC926D84477AEA322,57CB4D6FB898E8B7CA9A01018AB6BCB727BF20A9,2020-08-27 04:29:57.058000,2020-08-27 04:29:57.771000
h6qhqe3axjntxjtm,failed,not_found,277,B872BA6804C8C6E140AE1897B44CF32B42FD2397,7D41FED58481A0E594C642E74176C811778D91A6,AAEB6A603C1058B9D041884E42941944B915F500,F07B89BC9D794F3D9342417C62FBA8F9972D04A3,2020-08-27 04:29:57.771000,2020-08-27 04:29:58.673000
h6qhqe3axjntxjtm,failed,not_found,345,B872BA6804C8C6E140AE1897B44CF32B42FD2397,7AAF5597B18D82CC90CA95FB7976A1CEA4A32E06,8B64F593CAC2ED05C0FA703AEF50FF71925B569C,580534A3F0676CA97BD48A3630106A10B904900E,2020-08-27 04:29:58.673000,2020-08-27 04:29:59.384000
h6qhqe3axjntxjtm,failed,not_found,396,B872BA6804C8C6E140AE1897B44CF32B42FD2397,03910F285A33F365838EC66EF2C2EF754D046760,DE4EB74B8105751568A75649F6672A31F2A3DE20,F059C76B861B25D8F1BBDA4AD37D1B69035423EC,2020-08-27 04:29:59.384000,2020-08-27 04:29:59.968000
h6qhqe3axjntxjtm,failed,not_found,424,B872BA6804C8C6E140AE1897B44CF32B42FD2397,9EB3FD84065E5622A57EFEF14E41A01B5B99A022,AC330D98115D6DA8A82E24469BFB03A5B365AB56,57C6DF5B93E54EB9C8DB90029D9E9A1111BD34D2,2020-08-27 04:29:59.969000,2020-08-27 04:30:00.696000
vsytbsvtp75af2e6,failed,not_found,259,B872BA6804C8C6E140AE1897B44CF32B42FD2397,18B160CD5E22BFC345AEE7BA84B7EA45BF457FCA,E61D63442BE06CC8CCA60C972DE1C3AE3DD7871E,234D670EAA794F092F7BD758D5D2AA7F4E3FFBE3,2020-08-27 04:29:57.312000,2020-08-27 04:29:57.970000
vsytbsvtp75af2e6,failed,not_found,289,B872BA6804C8C6E140AE1897B44CF32B42FD2397,68F175CCABE727AA2D2309BCD8789499CEE36ED7,461D6EA15966C7F99B43D37ADC116B5B8E47D130,233FE941DC6E45450D348E367C1B5D915C6A35D0,2020-08-27 04:29:57.971000,2020-08-27 04:29:58.725000
vsytbsvtp75af2e6,failed,not_found,348,B872BA6804C8C6E140AE1897B44CF32B42FD2397,5DBAFEE3BF786896947F805EE3B3BD5C986506B0,A597AC866E40CAB5A67759ADE4942192E99DE684,235D3444236ABC28F412E93814F6B783200D4630,2020-08-27 04:29:58.725000,2020-08-27 04:29:59.395000
vsytbsvtp75af2e6,failed,not_found,398,B872BA6804C8C6E140AE1897B44CF32B42FD2397,4E98AA295B7171996D18DD1F6A19F64AB4036B4A,00E1649E69FF91D7F01E74A5E62EF14F7D9915E4,74F44514E060866912DFFE1554D0D135C9DC5148,2020-08-27 04:29:59.395000,2020-08-27 04:30:00.039000
vsytbsvtp75af2e6,failed,not_found,430,B872BA6804C8C6E140AE1897B44CF32B42FD2397,EAA088440B100FF8407266B5D4853FFB16A8CB67,28912DC1BB58E60F9F5A142B99B8EAEBBCF0F6C1,74D9EAEC62D8F4280D50B08C5F369D16A04080E5,2020-08-27 04:30:00.039000,2020-08-27 04:30:00.864000
vsytbsvtp75af2e6,failed,not_found,480,B872BA6804C8C6E140AE1897B44CF32B42FD2397,59BC32EA48ED1D06A373856434C0C5C4D2D86603,2BCDDD2006A6000B8D5F6D63C7D6D200E43F8B1B,74F2329674F27CB8169A32A41D971629623B7535,2020-08-27 04:30:00.864000,2020-08-27 04:30:01.493000
nye45bdsa2pkmewa,failed,not_found,260,B872BA6804C8C6E140AE1897B44CF32B42FD2397,1188DC549FDF5E8054E1FE8C789A632CD1872F7E,25990FC54D7268C914170A118EE4EE75025451DA,AD29C3DB166A5CB1E3F9CE9DABCCA4DCC09F7CD6,2020-08-27 04:29:57.312000,2020-08-27 04:29:59.705000
nye45bdsa2pkmewa,failed,not_found,412,B872BA6804C8C6E140AE1897B44CF32B42FD2397,AE95BDA37A5BB4685FEBB7F06649D6CE949B5316,23A2D8DDF761F35CC63BDF65E604B76A7E2F6971,AD55F7D9B105E7B921FB12FF1062FEAD376D9EC0,2020-08-27 04:29:59.705000,2020-08-27 04:30:00.588000
nye45bdsa2pkmewa,failed,not_found,468,B872BA6804C8C6E140AE1897B44CF32B42FD2397,C25E583A63191C6CEF57F503F38A4C6815321A85,A1B7C1F83E5DA4376FD2E1DBA7AC28A71AB332AD,1C70C2AA7F3772CE07C4EF6B18A6E330150372EE,2020-08-27 04:30:00.589000,2020-08-27 04:30:01.344000
nye45bdsa2pkmewa,failed,not_found,523,B872BA6804C8C6E140AE1897B44CF32B42FD2397,34C532849438CF58DAE90FFA43ABF6D793DF2C3E,F3CEC87ED91E0B0B1D86BE4D7DE90F00B607ECAF,AD1FC4AE877B2FFEB3C84F1A6B76E9B057AAEF4E,2020-08-27 04:30:01.344000,2020-08-27 04:30:02.252000
nye45bdsa2pkmewa,failed,not_found,590,B872BA6804C8C6E140AE1897B44CF32B42FD2397,D2A056E6321962BD77763FE269E26400A58278F2,DEF35CE8FCC5B5ED35DEC379A9EDF420FF419677,1C7215BC0123DDA23BDED0F9D2849D3AD80183CB,2020-08-27 04:30:02.252000,2020-08-27 04:30:03.719000
nye45bdsa2pkmewa,failed,not_found,723,B872BA6804C8C6E140AE1897B44CF32B42FD2397,354F9C59F2C2636E77F857C668FCDA1700E35384,5127A719E495710CEBB0A446CD69207BA6E0D6D6,1C79261551E0F938A0D3959E1F2D74A4B48263FA,2020-08-27 04:30:03.719000,2020-08-27 04:30:04.939000
4l7h33r3yzwcd4jw,failed,not_found,261,B872BA6804C8C6E140AE1897B44CF32B42FD2397,16FD7E5D67B7054EE4E7FDDF04AFB48216CA640A,1145A39EC0CE18834E67D2799E3C5D87453C5EF2,60B1681670B185813E762B71F3C3B129A981F37B,2020-08-27 04:29:57.312000,2020-08-27 04:29:57.834000
4l7h33r3yzwcd4jw,failed,not_found,573,B872BA6804C8C6E140AE1897B44CF32B42FD2397,40CDE936B04B4573A47223396006443CA5EAC845,AD1FC4AE877B2FFEB3C84F1A6B76E9B057AAEF4E,60A5547B2203DD2E148EF9BDD6FF3891081C5DF4,2020-08-27 04:29:57.834000,2020-08-27 04:30:02.802000
4l7h33r3yzwcd4jw,failed,not_found,636,B872BA6804C8C6E140AE1897B44CF32B42FD2397,DA9E02BB8080E473157052F70439B7886AA8569D,103336165A0D2EFCAD3605339843A0A7710B8B92,061370AE41C1084B2910EB0522C8B2DB1C2CB96E,2020-08-27 04:30:02.803000,2020-08-27 04:30:03.656000
4l7h33r3yzwcd4jw,failed,not_found,717,B872BA6804C8C6E140AE1897B44CF32B42FD2397,EDB9C65B939940EC5E9DA800EE1574F1D68042B4,06432D1B5A7C132071626D186D7F1A429C5BBED9,60CA295745930AFA59DB73F877834B4100C7B712,2020-08-27 04:30:03.656000,2020-08-27 04:30:04.280000
4l7h33r3yzwcd4jw,failed,not_found,792,B872BA6804C8C6E140AE1897B44CF32B42FD2397,083C52051140DB8AF770BD40C7C8883EFFF4CAF3,8B64F593CAC2ED05C0FA703AEF50FF71925B569C,06432D1B5A7C132071626D186D7F1A429C5BBED9,2020-08-27 04:30:04.281000,2020-08-27 04:30:04.837000
4l7h33r3yzwcd4jw,failed,not_found,864,B872BA6804C8C6E140AE1897B44CF32B42FD2397,0706B3AF0059CB226E4AACDEDB6794678F402905,103336165A0D2EFCAD3605339843A0A7710B8B92,061E0496931D23A81A2B685C9339D36857DD0FA1,2020-08-27 04:30:04.837000,2020-08-27 04:30:05.321000
rb4xg65vyh2yc5hd,failed,not_found,500,B872BA6804C8C6E140AE1897B44CF32B42FD2397,58A7199712C0E52B3C5F2F8E8B27B5A62BE58BC8,CB6D9B6B1ED3E0186E3019EFA8AA34E7E57913C0,76F3558CB26F41F89DEC685BAE666018B6AB808B,2020-08-27 04:29:57.313000,2020-08-27 04:30:01.893000
rb4xg65vyh2yc5hd,failed,not_found,562,B872BA6804C8C6E140AE1897B44CF32B42FD2397,46E0487EEEFD694CE625CC6E12D032395C01DB82,7185B69E3267E71D0E4CBE30209677205DEA5E67,C51701910DEA998F4F51287A71B7E94449A3E9BC,2020-08-27 04:30:01.893000,2020-08-27 04:30:02.424000
rb4xg65vyh2yc5hd,failed,not_found,608,B872BA6804C8C6E140AE1897B44CF32B42FD2397,25067168980EDB972244C49572FDAC1DC7AE5F1F,675F05FDECF1DCF836ED274D65EBE919C4743B91,76F6698A624DD1762A5CACC832460EC9E8A34774,2020-08-27 04:30:02.425000,2020-08-27 04:30:03.302000
rb4xg65vyh2yc5hd,failed,not_found,671,B872BA6804C8C6E140AE1897B44CF32B42FD2397,926955277C7BDB6CD1E1561A91847CBCD5B079E5,B0DB2F173F0DB364BABF7A465D796B3C048F1F33,76F3A81A0784DCF536F6DE19F98EAEB1F89DECCF,2020-08-27 04:30:03.302000,2020-08-27 04:30:04.908000
rb4xg65vyh2yc5hd,failed,not_found,875,B872BA6804C8C6E140AE1897B44CF32B42FD2397,92429BB4B6FE1B166AE0347D03B3DC3ACF578BCC,40CDE936B04B4573A47223396006443CA5EAC845,C4FD2403CC929297B559A49E582516944F75C6A9,2020-08-27 04:30:04.908000,2020-08-27 04:30:05.748000
rb4xg65vyh2yc5hd,failed,not_found,991,B872BA6804C8C6E140AE1897B44CF32B42FD2397,F73036C92CD94D5A16DEA9E50FE4BEC2AF3DE171,1B5C9AA2DF96A8E6603D4EFA238AFE454A83CCCF,C545ED3BE029B226D74B3F798235951D2FEEE3E1,2020-08-27 04:30:05.749000,2020-08-27 04:30:06.216000
c6iuhbx2njshye2g,failed,not_found,574,B872BA6804C8C6E140AE1897B44CF32B42FD2397,F73036C92CD94D5A16DEA9E50FE4BEC2AF3DE171,74B8B22AF950B0BE11D8A228FB09D2F5279FB757,47E1157F7DA6DF80EC00D745D73ACD7B0A380BCF,2020-08-27 04:29:58.314000,2020-08-27 04:30:02.646000
c6iuhbx2njshye2g,failed,not_found,623,B872BA6804C8C6E140AE1897B44CF32B42FD2397,40CDE936B04B4573A47223396006443CA5EAC845,15BE17C99FACE24470D40AF782D6A9C692AB36D6,47E0EEB4E75C2C3633A7E294885F146B1E786DA9,2020-08-27 04:30:02.646000,2020-08-27 04:30:03.271000
c6iuhbx2njshye2g,failed,not_found,666,B872BA6804C8C6E140AE1897B44CF32B42FD2397,1FC89C159EA0F96D52D8A7092BF938C509DB6984,D52A160303C638D9FB03463F8A6B7934D5787F4C,47A3D00525F041F382B398BF95BC58E0EC23276B,2020-08-27 04:30:03.271000,2020-08-27 04:30:04.006000
c6iuhbx2njshye2g,failed,not_found,770,B872BA6804C8C6E140AE1897B44CF32B42FD2397,1D54F7CCB7C7A185EE8AA5616C079DD923EB57F2,509EAB4C5D10C9A9A24B4EA0CE402C047A2D64E6,61AF790EF78C2D73C8E3D8E2596D42A1AACE1359,2020-08-27 04:30:04.006000,2020-08-27 04:30:04.861000
c6iuhbx2njshye2g,failed,not_found,867,B872BA6804C8C6E140AE1897B44CF32B42FD2397,400C053623F36C5C3D1CFC73F1AB9DA6E24DEEB7,CC651A7620A8129209BF865CA6ECC1F09023DD28,619A18E2960058B7BD38719D7ABFDECCB354780E,2020-08-27 04:30:04.862000,2020-08-27 04:30:05.634000
c6iuhbx2njshye2g,failed,not_found,966,B872BA6804C8C6E140AE1897B44CF32B42FD2397,B058FBDEA69774C28EAC1111E167BC0AD4A904E0,27EE4854D03F81FAEA3884A44303BE00DEEEE555,619E413D0C8AFF95B456622707016A7AB7B4DA5D,2020-08-27 04:30:05.634000,2020-08-27 04:30:07.090000
53ga6qbmd2wyy523,failed,not_found,312,B872BA6804C8C6E140AE1897B44CF32B42FD2397,055B155A44A968491D71EEF11D3B6AE38082F6FC,3C79699D4FBC37DE1A212D5033B56DAE079AC0EF,83AEDBDB4BE3AD0ED91850BF1A521B843077759E,2020-08-27 04:29:58.322000,2020-08-27 04:29:59.402000
53ga6qbmd2wyy523,failed,not_found,400,B872BA6804C8C6E140AE1897B44CF32B42FD2397,557B39146EB121C8CFA22C48AD78BDBDBC8FF3A1,1DC17C4A52A458B5C8B1E79157F8665696210E10,838749E0065B79086D12B5C1D7869B99EEFE1DB0,2020-08-27 04:29:59.402000,2020-08-27 04:30:00.063000
53ga6qbmd2wyy523,failed,not_found,436,B872BA6804C8C6E140AE1897B44CF32B42FD2397,037BCD0EBDF7DB9F3D562DA27D463F0F78F1494B,3B953203AF332D8FE1452E1CE7CB50A3B5297DB2,837D5EA513DF7FDDA36BE569C646151CDA4B9935,2020-08-27 04:30:00.064000,2020-08-27 04:30:00.872000
53ga6qbmd2wyy523,failed,not_found,483,B872BA6804C8C6E140AE1897B44CF32B42FD2397,CFA7447C66A709932F038FEE6B028B84A6E676E8,A0DFB31231C718829FA18EAB4D0CD51DEDBAE08C,D139F8FECDD1184B180A19AF98E4421586E6CF6C,2020-08-27 04:30:00.873000,2020-08-27 04:30:01.456000
53ga6qbmd2wyy523,failed,not_found,531,B872BA6804C8C6E140AE1897B44CF32B42FD2397,A785BB0757BE625BD938BD2D1DD015DBC3AF46F6,33D88F331408141F2A2CC563239E54E48F7A211B,D12032F45328C06F053921479CF770A208378B9F,2020-08-27 04:30:01.456000,2020-08-27 04:30:02.770000
53ga6qbmd2wyy523,failed,not_found,633,B872BA6804C8C6E140AE1897B44CF32B42FD2397,4DAC4367E09033A742DB7DAEDD3EE8208DF63158,B04EA2B400D9679E72284E12FB81E68756670A3A,D14EC16949648CEE84EA1664445029EA4B597074,2020-08-27 04:30:02.770000,2020-08-27 04:30:03.585000
nd2lufl7zrh5jnyd,failed,not_found,313,B872BA6804C8C6E140AE1897B44CF32B42FD2397,E5AA85FA69CDC31900C86E6427C7E5DE11DE9E2D,9EFF16EA25FF27BC438A3FBF23C5315E576467AF,E58A48A62336A08CC3C6B40802923754E65A2609,2020-08-27 04:29:58.323000,2020-08-27 04:29:59.154000
nd2lufl7zrh5jnyd,failed,not_found,369,B872BA6804C8C6E140AE1897B44CF32B42FD2397,C7946D9A192BBE44C1C8A926A8B135AC495D6636,4FAB66DD36CF53A4D1F8D933037FA509ADE063BA,E56F07759E704C4F53334E161066F12FAF7F7C97,2020-08-27 04:29:59.154000,2020-08-27 04:30:00.794000
nd2lufl7zrh5jnyd,failed,not_found,475,B872BA6804C8C6E140AE1897B44CF32B42FD2397,DC9564AE8BC7BF5F722E3677C897ED1B578C8D81,7C22E89AB620E77DF1B4A33787A5EC3F2AB4A8D1,4076A35D83DFF84E75639378FDF68FEF3302D8EB,2020-08-27 04:30:00.794000,2020-08-27 04:30:01.831000
nd2lufl7zrh5jnyd,failed,not_found,558,B872BA6804C8C6E140AE1897B44CF32B42FD2397,EAD55050858426172B16017918BB21349ACEA913,0B25110BA3473A6DC04AB58A3A0D5E4D6922A0E0,4071417389E4D1CE127F155CF8BE7E85088E37D0,2020-08-27 04:30:01.831000,2020-08-27 04:30:02.613000
nd2lufl7zrh5jnyd,failed,not_found,618,B872BA6804C8C6E140AE1897B44CF32B42FD2397,B0DB2F173F0DB364BABF7A465D796B3C048F1F33,F9246DEF2B653807236DA134F2AEAB103D58ABFE,E57BEA283D2332DCF4CED2E34441A6BB38914DB4,2020-08-27 04:30:02.614000,2020-08-27 04:30:03.655000
nd2lufl7zrh5jnyd,failed,not_found,716,B872BA6804C8C6E140AE1897B44CF32B42FD2397,11ABDB4D0B944F186A898560CB82C70439957DCA,E0A3471C24C9021CC58FBF774203046FD2BC893F,40711843922575CFB306E81C856B8BD8C3F2417C,2020-08-27 04:30:03.656000,2020-08-27 04:30:05.121000
6udp3m4g7vayuazg,failed,not_found,315,B872BA6804C8C6E140AE1897B44CF32B42FD2397,0F6E56C326DC9719942E8BBA58C22F71332DA891,D123C0F8F562804693C47D68C61786023B295E98,FAF3236D37B0B18D8438C46317940F642E296924,2020-08-27 04:29:58.330000,2020-08-27 04:29:59.067000
6udp3m4g7vayuazg,failed,not_found,361,B872BA6804C8C6E140AE1897B44CF32B42FD2397,993845A39881E6A1C4DD6C9A73F45541DB1092AE,4A72492BACE7815554E45F4AB9AF05D549136D8F,FAE19F64F4C3B5351D95D1794CDC6A6AD0C8CB83,2020-08-27 04:29:59.067000,2020-08-27 04:30:00.486000
6udp3m4g7vayuazg,failed,not_found,459,B872BA6804C8C6E140AE1897B44CF32B42FD2397,21A859AC7E79E4E23DAE180170A0CB4771B8EFBF,303509AB910EF207B7438C27435C4A2FD579F1B1,982A103489DF8410585B8077B7FD813217093EB4,2020-08-27 04:30:00.487000,2020-08-27 04:30:01.634000
6udp3m4g7vayuazg,failed,not_found,547,B872BA6804C8C6E140AE1897B44CF32B42FD2397,71539D1911ECB826069A4D156771AC4F9F4632A7,91DDE492833DA13509B2ABEF3E8F6D5161153385,FAF09B35EB9B890C44C36392100C52B7F2326DD4,2020-08-27 04:30:01.634000,2020-08-27 04:30:02.189000
6udp3m4g7vayuazg,failed,not_found,585,B872BA6804C8C6E140AE1897B44CF32B42FD2397,1C84C89198911D0C8962AA65C3E4E6530075396E,795790C25BDE834B836EA54DD96DB2610829573B,98350B16551452ABC7F3457D06032CD30F7280CE,2020-08-27 04:30:02.190000,2020-08-27 04:30:03.098000
6udp3m4g7vayuazg,failed,not_found,656,B872BA6804C8C6E140AE1897B44CF32B42FD2397,174D93DF6242BD4ABE2C09E6607892C3A3905675,844AE9CAD04325E955E2BE1521563B79FE7094B7,98138DFD3E2C8C89D8F5AB11EF9B6BFF272D83B4,2020-08-27 04:30:03.098000,2020-08-27 04:30:03.719000
a5njqb2lbpgpig7j,failed,not_found,359,B872BA6804C8C6E140AE1897B44CF32B42FD2397,7A2A6F39F485C4FC95FB885FFF37C436FD2BB7E5,9C900A7F6F5DD034CFFD192DAEC9CCAA813DB022,271454031B99A7F5DDE486C554D40DBC4F050D29,2020-08-27 04:29:59.295000,2020-08-27 04:29:59.588000
a5njqb2lbpgpig7j,failed,not_found,410,B872BA6804C8C6E140AE1897B44CF32B42FD2397,CCF38C8682E5936852F6F33A0A333AFF30CA453F,CCF2FD0048FCC9A842BE881472CEC148BB4EF458,ECF1B53C3096AD1E75C1995F575F490B0F61AA97,2020-08-27 04:29:59.588000,2020-08-27 04:30:00.818000
a5njqb2lbpgpig7j,failed,not_found,478,B872BA6804C8C6E140AE1897B44CF32B42FD2397,34979DBD475FFED9CF6556E349DDEDEE69104345,B42C797CC8CD63C60FB643E820A11D113DF4F5C8,ED0BBC5BDDEB3EEF837B7F13BD8BB6AC64D084BB,2020-08-27 04:30:00.818000,2020-08-27 04:30:02.003000
a5njqb2lbpgpig7j,failed,not_found,566,B872BA6804C8C6E140AE1897B44CF32B42FD2397,F8DE8132E599A194E20DDB738AF64A7200CD5949,A9EDB4EBF9EF5F3A129A58AE28EF92DB4B5078A3,ED2BF11CB3C0205CADC94596DC688A5153FCAB35,2020-08-27 04:30:02.003000,2020-08-27 04:30:02.669000
a5njqb2lbpgpig7j,failed,not_found,627,B872BA6804C8C6E140AE1897B44CF32B42FD2397,CC35A0069EAD4DB32C21AA6BFE2F872FE30742FD,0C6D3655763B1A3A60FC42135CD60765AFE953BA,270934A4F7B669AA387F2D475FBE793D03694547,2020-08-27 04:30:02.669000,2020-08-27 04:30:03.292000
a5njqb2lbpgpig7j,failed,not_found,669,B872BA6804C8C6E140AE1897B44CF32B42FD2397,38471394F06B2B86404768193C929313962FDC2F,F37374DB9FA6EF14CED64FD294E8D8683F032EC8,270A22B37FD94BFE381B982206CFDF3C4C2C670C,2020-08-27 04:30:03.292000,2020-08-27 04:30:03.878000
dcsyaxl2z4zcu4an,failed,not_found,387,B872BA6804C8C6E140AE1897B44CF32B42FD2397,FB4531817DB73168B0410AD4BFEAAFE206F1A763,356B94BAD3096790E409790898144A4030AC225C,8A91128C84415B64F3DB85B49EB88342EAE31249,2020-08-27 04:29:59.306000,2020-08-27 04:30:00.143000
dcsyaxl2z4zcu4an,failed,not_found,439,B872BA6804C8C6E140AE1897B44CF32B42FD2397,77A56CB237740E24AEA2D61C8C8936232AFC1BD8,08030D75D691B04FEFCBADCD9B512DCC8DD7FC0F,8AAD0B090311B7A43D44FD353F32D21628C85D52,2020-08-27 04:30:00.143000,2020-08-27 04:30:01.034000
dcsyaxl2z4zcu4an,failed,not_found,490,B872BA6804C8C6E140AE1897B44CF32B42FD2397,3031327C6769D7224F945C3A7D1DEEC6B3897A5B,6CFC47B46E42A9D76D47B911FB719E65308014EE,EC469289B6E8B0AAD8A60785551028EC4BB36237,2020-08-27 04:30:01.034000,2020-08-27 04:30:01.807000
dcsyaxl2z4zcu4an,failed,not_found,555,B872BA6804C8C6E140AE1897B44CF32B42FD2397,5DDCF0831430EA966917E6266A352F4F84A755D6,B74DABBE248B935CDC1038CD5C9280878C8C94E7,8ABC4D5F6182C7E79B087D1ED9E5CF652C83E52C,2020-08-27 04:30:01.807000,2020-08-27 04:30:02.955000
dcsyaxl2z4zcu4an,failed,not_found,643,B872BA6804C8C6E140AE1897B44CF32B42FD2397,58FC2AAB3792AC37897D34331F4F4E00341DEC0C,72C2EB697C3CD4CE7408359B386DEE6B2888F714,EC3EC2E26C9C57B46686E9EFE7EEABD4B570D6D3,2020-08-27 04:30:02.955000,2020-08-27 04:30:03.628000
dcsyaxl2z4zcu4an,failed,not_found,713,B872BA6804C8C6E140AE1897B44CF32B42FD2397,D8380E08DEDF6C90A09EC378D1F6C1881EF79476,FB016E16B8CD7A0E53DEEF31ED8754E4F6B8E837,EC1FD607F27BA0023B48BEAA470E8CB267E023B1,2020-08-27 04:30:03.629000,2020-08-27 04:30:04.416000
2oxp2n3gsbbdfs3z,failed,not_found,389,B872BA6804C8C6E140AE1897B44CF32B42FD2397,8EA58F28DCA60F56C6F2131BDFE9BF5FAF2233CE,3CCF9573F59137E52787D9C322AC19D2BD090B70,F88721B0D184361AD24B14CFD56832824A0E79F2,2020-08-27 04:29:59.315000,2020-08-27 04:30:01.477000
2oxp2n3gsbbdfs3z,failed,not_found,534,B872BA6804C8C6E140AE1897B44CF32B42FD2397,90A5D1355C4B5840E950EB61E673863A6AE3ACA1,DF0605518567D637ABA846CAE2EDE50E8A2BD57D,F8957D61E29A626400029A03A6348400E7502604,2020-08-27 04:30:01.478000,2020-08-27 04:30:02.669000
2oxp2n3gsbbdfs3z,failed,not_found,626,B872BA6804C8C6E140AE1897B44CF32B42FD2397,94890F37CE0CD5D020773CA7A0E397AA592E5AF3,87987C8B85AEB73A866A67AC696114CFE27E7E77,F878E3AD594F013195A051CD1072BF33D543A235,2020-08-27 04:30:02.669000,2020-08-27 04:30:03.270000
2oxp2n3gsbbdfs3z,failed,not_found,664,B872BA6804C8C6E140AE1897B44CF32B42FD2397,6FBD65C22C2996B2038A090BF5E55AA7AEDEE120,461A6DAE35C7ABA7EF7ECC7F72849F611BB8BA23,FA5A0820B4D068F37A65B80C9315404553B5A053,2020-08-27 04:30:03.270000,2020-08-27 04:30:04.396000
2oxp2n3gsbbdfs3z,failed,not_found,809,B872BA6804C8C6E140AE1897B44CF32B42FD2397,DBE82FA23B9FE3CB2462A6FCF5289DED3CBF4AEE,390142CBD75401F37E8A77353004A05EB35B8801,FA5647DE9745BA239C9F34E262512C99605472C9,2020-08-27 04:30:04.396000,2020-08-27 04:30:05.377000
2oxp2n3gsbbdfs3z,failed,not_found,896,B872BA6804C8C6E140AE1897B44CF32B42FD2397,F3F3F4900B87CF4A6B4A7F9402502FC457B7B1FC,2CE96A8A1DA032664C90F574AFFBECE18A6E8DFC,FA3A95CD696CB78072AB127B8AC1497DBC43C40D,2020-08-27 04:30:05.377000,2020-08-27 04:30:05.760000
3e2wlbc5h2e2cyod,failed,not_found,390,B872BA6804C8C6E140AE1897B44CF32B42FD2397,599A708756048993A1029B2775EEF8C9E40BB640,023EBBC57BEB7F45473B3DC2AA811FB3AABA4466,E6C04728E9339DF22F331B7017D4A7AA3F252F0B,2020-08-27 04:29:59.315000,2020-08-27 04:30:00.356000
3e2wlbc5h2e2cyod,failed,not_found,433,B872BA6804C8C6E140AE1897B44CF32B42FD2397,9C4DAED4759AA66D0E93EB27093BD21CFE2C2271,F878E3AD594F013195A051CD1072BF33D543A235,00E89DDEF944B42FD652F80C2480D5E20DF13194,2020-08-27 04:30:00.356000,2020-08-27 04:30:00.794000
3e2wlbc5h2e2cyod,failed,not_found,476,B872BA6804C8C6E140AE1897B44CF32B42FD2397,F5E1B96BFE700FF8BF09DE5A02181EBB48E218F7,648E97719EDEC4F0E08F1CEB8D24F2C8F587344C,E6C532D7C7614F19EF809F50AA735054BAB47979,2020-08-27 04:30:00.795000,2020-08-27 04:30:01.626000
3e2wlbc5h2e2cyod,failed,not_found,545,B872BA6804C8C6E140AE1897B44CF32B42FD2397,AA44DDCAAF120676DC6616DF7C5DC7062AE7C208,CBCF24E8E68222A9D2E7FA802AF284F1D2FDE9BE,E747773C61CF671A222EB913DE17DA33074A6D76,2020-08-27 04:30:01.626000,2020-08-27 04:30:02.636000
3e2wlbc5h2e2cyod,failed,not_found,620,B872BA6804C8C6E140AE1897B44CF32B42FD2397,AC00AEBA1AE2A80CF4184C4362157BF91487B902,B04EA2B400D9679E72284E12FB81E68756670A3A,0109706984AA5E15836E9B20A144185DD774411E,2020-08-27 04:30:02.636000,2020-08-27 04:30:03.664000
3e2wlbc5h2e2cyod,failed,not_found,720,B872BA6804C8C6E140AE1897B44CF32B42FD2397,872B18761953254914F77C71846E8A2623C52591,0289A02185EE16A12E8701563F72EAD3EE225B93,00E1649E69FF91D7F01E74A5E62EF14F7D9915E4,2020-08-27 04:30:03.664000,2020-08-27 04:30:05.390000
qtltvb3fpaufcs7i,failed,not_found,444,B872BA6804C8C6E140AE1897B44CF32B42FD2397,88748052843CC93A02BE1D9E9B5B358AB3A104AA,04C3468BE24740347CBCC00534C940DBCBCABC82,F8B133B285A78E7FAF8A54F27C153C8C609207E2,2020-08-27 04:30:00.314000,2020-08-27 04:30:01.034000
qtltvb3fpaufcs7i,failed,not_found,491,B872BA6804C8C6E140AE1897B44CF32B42FD2397,6FB20BB05A841CDDB308E85A4D117FCFC911F5EA,54FF87E18CF4B351BB078A640A4DC5265969485E,4AC4F120C119C72356BC9C33BF14E26D2BF052D4,2020-08-27 04:30:01.034000,2020-08-27 04:30:01.831000
qtltvb3fpaufcs7i,failed,not_found,559,B872BA6804C8C6E140AE1897B44CF32B42FD2397,69534B8B5FCCD0BF1124945B1D0F5A35FB0A3542,901CBA6FF3B90618D3FFEFF040353C267F690DF8,4AE1CF679B48A6C6461F6415C37F44306A6B7EEC,2020-08-27 04:30:01.831000,2020-08-27 04:30:02.407000
qtltvb3fpaufcs7i,failed,not_found,606,B872BA6804C8C6E140AE1897B44CF32B42FD2397,AF77AA5BD924319510F99B30CD0932D32B01B5C5,5CCC3569C67B7F1BB733664D43DF4645F2A4B04D,F8957D61E29A626400029A03A6348400E7502604,2020-08-27 04:30:02.408000,2020-08-27 04:30:03.399000
qtltvb3fpaufcs7i,failed,not_found,694,B872BA6804C8C6E140AE1897B44CF32B42FD2397,A55E513A283DF2CD89FC1DED396B0AF4FC8F25F4,502774BA0466D3AE9B7A7A0EA2259CC62B8398A9,F8AA8D8CCBA0C5F2836DE6315CDFA6E4A31A0890,2020-08-27 04:30:03.400000,2020-08-27 04:30:04.408000
qtltvb3fpaufcs7i,failed,not_found,818,B872BA6804C8C6E140AE1897B44CF32B42FD2397,BB0C636DE89CAC6C995CB380AAC8C4AAAB731BA8,3C79699D4FBC37DE1A212D5033B56DAE079AC0EF,4AC424FBB4DAC4B028366C0C2EE9C9DD11A7BE2D,2020-08-27 04:30:04.408000,2020-08-27 04:30:05.419000
55ychbh5ealtrk4u,failed,not_found,446,B872BA6804C8C6E140AE1897B44CF32B42FD2397,9B5ED3370E002AEBB2A9B25E3213C1817CCD2D88,03910F285A33F365838EC66EF2C2EF754D046760,787403EB1E2F7C9BA1B38D0389AA6719463F0F7E,2020-08-27 04:30:00.322000,2020-08-27 04:30:01.039000
55ychbh5ealtrk4u,failed,not_found,893,B872BA6804C8C6E140AE1897B44CF32B42FD2397,CBD85D49F9C8BC2FCAB1255C7D196524FE926659,2AE2CA4BD2B7754F29432C25E03314D52AC4CAF1,7863A1C08114FF834E9C38990D6B2EA8AB3749FE,2020-08-27 04:30:01.039000,2020-08-27 04:30:06.408000
55ychbh5ealtrk4u,failed,not_found,1086,B872BA6804C8C6E140AE1897B44CF32B42FD2397,6B7ABD237CF25E5F787F365AF5FC4C86F0213A9F,61FA7E7C766577D76EBABF19330993DEFA8AF3C3,78B8FBD7BBBED2DBF568DE5CE90345C3102152EA,2020-08-27 04:30:06.408000,2020-08-27 04:30:07.077000
55ychbh5ealtrk4u,failed,not_found,1159,B872BA6804C8C6E140AE1897B44CF32B42FD2397,7E47D28F07443B57F8262E1412936B3E258694A3,CACD9D63B759B35555D8C965A3E01071E9DFB44C,D2A609578BBE69A4CD7C1DEC104B3CD704023534,2020-08-27 04:30:07.077000,2020-08-27 04:30:07.799000
55ychbh5ealtrk4u,failed,not_found,1256,B872BA6804C8C6E140AE1897B44CF32B42FD2397,E4F7869E2E9AF579EC93F5CCB823ECFCB297DA4E,8EE28EAF0874AF9B03EBBD79B5EB5059E2547355,D29D6B8852AFA294C0E402DF78707CC175ECDF69,2020-08-27 04:30:07.799000,2020-08-27 04:30:08.773000
55ychbh5ealtrk4u,failed,not_found,1398,B872BA6804C8C6E140AE1897B44CF32B42FD2397,8101421BEFCCF4C271D5483C5AABCAAD245BBB9D,64B43A6198B6C1F97D9ED8929F5A8913C3815935,D2AAF933A392EF9A6BA33A9C3327C9E7322E6440,2020-08-27 04:30:08.774000,2020-08-27 04:30:09.627000
ngdcvxvjv6nkhzl2,failed,not_found,447,B872BA6804C8C6E140AE1897B44CF32B42FD2397,35BC414B0606C0B5F20678A0CB02D08E760CB66A,0677DF0B05ECDA2EF45F26C3332731043BB89AB8,8E1EFE623F0BF0622F2A6F135E13EA6E3AE5826E,2020-08-27 04:30:00.323000,2020-08-27 04:30:01.421000
ngdcvxvjv6nkhzl2,failed,not_found,529,B872BA6804C8C6E140AE1897B44CF32B42FD2397,8F89078575FEE57675A922E9E088918F63AC750C,0B25110BA3473A6DC04AB58A3A0D5E4D6922A0E0,8DCB526722FBE2B3F4C0CE9D020B0589170F8BDA,2020-08-27 04:30:01.421000,2020-08-27 04:30:02.126000
ngdcvxvjv6nkhzl2,failed,not_found,1029,B872BA6804C8C6E140AE1897B44CF32B42FD2397,9715C81BA8C5B0C698882035F75C67D6D643DBE3,855BC2DABE24C861CD887DB9B2E950424B49FC34,E006EA04C696BBD6E35407538131305FF3CB8C16,2020-08-27 04:30:02.126000,2020-08-27 04:30:07.704000
ngdcvxvjv6nkhzl2,failed,not_found,1240,B872BA6804C8C6E140AE1897B44CF32B42FD2397,39CF2F22E5018C01FD57DEB1AB8FDFA4592633FB,8111FEB45EF2950EB8F84BFD8FF070AB07AEE9DD,8DC832ABDC9C97B8B71F74AB041D3CB3FA9578AA,2020-08-27 04:30:07.704000,2020-08-27 04:30:08.450000
ngdcvxvjv6nkhzl2,failed,not_found,1298,B872BA6804C8C6E140AE1897B44CF32B42FD2397,B96B5141004995295FE87DCCE1A54519BD0BB48A,B7F60A81737CE635E751C5BCA67BFD20DAF2615C,E0023AC14180112A2FFF00A84C6049862BB3E6C3,2020-08-27 04:30:08.451000,2020-08-27 04:30:09.054000
ngdcvxvjv6nkhzl2,failed,not_found,2029,B872BA6804C8C6E140AE1897B44CF32B42FD2397,E76E2BC2FC9273BFBA38947EB5572076270D49D5,60AB497573021910A2DE9BAB69573CA57D01395A,E00764EDD2D5DA338CEA2EED8691E1FCAAF4A6E9,2020-08-27 04:30:09.055000,2020-08-27 04:30:14.248000
iujezwa3wjue4qfg,failed,not_found,449,B872BA6804C8C6E140AE1897B44CF32B42FD2397,881F09279F94E9AAD3DE30727DF3AD7C2CE900DF,4D7495E2EC2BC0CA6D2B4028C0131E68E8DFCED9,DF2A241897F04A7D0C2A195D81E0CB1271AD5B6F,2020-08-27 04:30:00.328000,2020-08-27 04:30:01.148000
iujezwa3wjue4qfg,failed,not_found,507,B872BA6804C8C6E140AE1897B44CF32B42FD2397,B4A96C0852DD0841579D33E09A98D641EACCD73E,D1B60888344E2EFF6317A272061E426D1FB54BA7,6C143720FFF8469EF6A5C5B4066366340CF6C0D1,2020-08-27 04:30:01.149000,2020-08-27 04:30:02.109000
iujezwa3wjue4qfg,failed,not_found,580,B872BA6804C8C6E140AE1897B44CF32B42FD2397,F641F043D50CEFA07EE41EB284466458788808ED,D7316BF7FD633DD7474B18C33E1D5FDEB04D26A7,6C251FA7F45E9DEDF5F69BA3D167F6BA736F49CD,2020-08-27 04:30:02.109000,2020-08-27 04:30:03.269000
iujezwa3wjue4qfg,failed,not_found,663,B872BA6804C8C6E140AE1897B44CF32B42FD2397,D14EC16949648CEE84EA1664445029EA4B597074,4586DF1934953F38206B5117237F79C1C8797FC4,DF445006932A7BA942F3EBB4457D7ABF2E4006E0,2020-08-27 04:30:03.269000,2020-08-27 04:30:04.005000
iujezwa3wjue4qfg,failed,not_found,767,B872BA6804C8C6E140AE1897B44CF32B42FD2397,6315278A91710062D90B288199EFA06E4AAA9E8F,42D47C736518BFA495CA31AEE40AE468F0BDA2A6,6C1A8CBE589906EEC6E73F4F286AC29AF7521E1D,2020-08-27 04:30:04.005000,2020-08-27 04:30:04.494000
iujezwa3wjue4qfg,failed,not_found,827,B872BA6804C8C6E140AE1897B44CF32B42FD2397,BCDE75725B927738B6FD34EA2D78F4FA77B99848,CBA653B8678CF7BEF7C2C1BCDCA0807CD449A8AB,DF390860B5610B8E99C5A78B4099A3705CD36B17,2020-08-27 04:30:04.494000,2020-08-27 04:30:05.084000
5amjopj332dasphh,failed,not_found,501,B872BA6804C8C6E140AE1897B44CF32B42FD2397,DA4B488C2826DFBBD04D635DA1E71A2BA5B20747,465D17C6FC297E3857B5C6F152006A1E212944EA,0C039F35C2E40DCB71CD8A07E97C7FD7787D42D6,2020-08-27 04:30:01.303000,2020-08-27 04:30:01.714000
5amjopj332dasphh,failed,not_found,550,B872BA6804C8C6E140AE1897B44CF32B42FD2397,322C6E3A973BC10FC36DE3037AD27BC89F14723B,8A00CE9638BDB4686B91F1F0B229DB3F8C9B8415,CBD0D1BD110EC52963082D839AC6A89D0AE243E7,2020-08-27 04:30:01.714000,2020-08-27 04:30:02.252000
5amjopj332dasphh,failed,not_found,591,B872BA6804C8C6E140AE1897B44CF32B42FD2397,636CA2469D3B461FC730BAB9F5AA94EA323FC332,34979DBD475FFED9CF6556E349DDEDEE69104345,CBD00958A3B897774E333D75C24E6A75F5220DCC,2020-08-27 04:30:02.252000,2020-08-27 04:30:03.330000
5amjopj332dasphh,failed,not_found,681,B872BA6804C8C6E140AE1897B44CF32B42FD2397,D777D31F95081D0F7223AAD5F8A74977D524145D,3F65766ADE067D9D08920E3B74DAB9040EDD26B2,0BF606DE836D4C794CAFF7CA78720F8C87660998,2020-08-27 04:30:03.331000,2020-08-27 04:30:04.059000
5amjopj332dasphh,failed,not_found,773,B872BA6804C8C6E140AE1897B44CF32B42FD2397,BD6FFF1AD5A88A8D43870D43EC4450081B4B2BBA,6ED48ED0DD8CB8C626FFD8597C01F2D43AEE8D01,CBD85D49F9C8BC2FCAB1255C7D196524FE926659,2020-08-27 04:30:04.059000,2020-08-27 04:30:04.939000
5amjopj332dasphh,failed,not_found,878,B872BA6804C8C6E140AE1897B44CF32B42FD2397,12B1A5769D38FF47CF68C2235E1BDA315DF400F2,F1624D70C3AD373C849A5B2A8D07A20C73C0C7AD,0C3599079EF21C4994AD6DDE91F72A48F16E8A98,2020-08-27 04:30:04.939000,2020-08-27 04:30:06.034000
5wcngebfnnqxyea5,failed,not_found,515,B872BA6804C8C6E140AE1897B44CF32B42FD2397,A785BB0757BE625BD938BD2D1DD015DBC3AF46F6,CCF2FD0048FCC9A842BE881472CEC148BB4EF458,46A4E56C9CA59A3B07FD1DFE9891194E0C8FD6F0,2020-08-27 04:30:01.313000,2020-08-27 04:30:03.888000
5wcngebfnnqxyea5,failed,not_found,756,B872BA6804C8C6E140AE1897B44CF32B42FD2397,63540827C4832D214984EA47B7A68C593F9F862F,EE010EF80A27AC0B02CDC2B8B214A6201BB02D2B,46A91ECF7C4F36F830E015EF484BE3B5A53B74DD,2020-08-27 04:30:03.888000,2020-08-27 04:30:04.407000
5wcngebfnnqxyea5,failed,not_found,777,B872BA6804C8C6E140AE1897B44CF32B42FD2397,CDA2C336AD87E22DF02983887A3F74B21070D02D,FC1E441E097BA36930AA2F615EFB325AF76D2595,469305AE56D9F446468E8BE8780219EED54EEF25,2020-08-27 04:30:04.407000,2020-08-27 04:30:04.822000
5wcngebfnnqxyea5,failed,not_found,856,B872BA6804C8C6E140AE1897B44CF32B42FD2397,EC80EECFCD599612C9A74678C8001146450141E8,66BD39FE805AED414ADE400CAAD862C9CC3AC34E,CCF2FD0048FCC9A842BE881472CEC148BB4EF458,2020-08-27 04:30:04.822000,2020-08-27 04:30:05.319000
5wcngebfnnqxyea5,failed,not_found,927,B872BA6804C8C6E140AE1897B44CF32B42FD2397,543F96D0C17CDBAC326F644DB0C8A17193BCCFC9,80C113BCE9356B4DECF94E7CF4A8C0BD315EE8E8,CCF28BC8FB26C8C172DEE741702056914D2849BD,2020-08-27 04:30:05.319000,2020-08-27 04:30:05.814000
5wcngebfnnqxyea5,failed,not_found,996,B872BA6804C8C6E140AE1897B44CF32B42FD2397,4E98AA295B7171996D18DD1F6A19F64AB4036B4A,795790C25BDE834B836EA54DD96DB2610829573B,CCD879EE5FBC5FE758C8EC098D40372C7C82C5C0,2020-08-27 04:30:05.814000,2020-08-27 04:30:06.432000
w7gsa7b6v53ml7id,failed,not_found,518,B872BA6804C8C6E140AE1897B44CF32B42FD2397,2F69F8C4DC02DD15A39BFDB4078A791D89ECEAA2,34979DBD475FFED9CF6556E349DDEDEE69104345,9149A87E1C8AD684494580FBB3F65AD131A77C56,2020-08-27 04:30:01.323000,2020-08-27 04:30:02.033000
w7gsa7b6v53ml7id,failed,not_found,571,B872BA6804C8C6E140AE1897B44CF32B42FD2397,F0F13714732C347312426EC2B8D5C4940EAA45BA,6E4B0D429CD87AB6C25D72E298294C583FF8BA4A,9155DBF11CA246908A5410EDA79FCF01DA44901B,2020-08-27 04:30:02.034000,2020-08-27 04:30:02.636000
w7gsa7b6v53ml7id,failed,not_found,621,B872BA6804C8C6E140AE1897B44CF32B42FD2397,4B351545DD58473F36B0A20E5500AC6ED51E8CD5,230A8B2A8BA861210D9B4BA97745AEC217A94207,91517F219F7648E4B8BBF3C162C77DDC55315612,2020-08-27 04:30:02.636000,2020-08-27 04:30:03.349000
w7gsa7b6v53ml7id,,,,,,,24F97F98C45E4754655BE66799049763DAEE99CE,2020-08-27 04:30:03.350000,
d6rqaxxw2ugpc73v,failed,not_found,519,B872BA6804C8C6E140AE1897B44CF32B42FD2397,F73036C92CD94D5A16DEA9E50FE4BEC2AF3DE171,CD052DE28C5C790D043C96571A5E66B3C2ACDBEF,1841CB960128806151B61FC6D87AFBE9A98B99D7,2020-08-27 04:30:01.323000,2020-08-27 04:30:02.263000
d6rqaxxw2ugpc73v,failed,not_found,593,B872BA6804C8C6E140AE1897B44CF32B42FD2397,3BADB3EFFB87534736BFAC9A2024AB78401BDBC3,05C383DC813C464B7132569722BE5243A9FF735C,21EB2176DFD7364A8E3705ABF518E880362425FC,2020-08-27 04:30:02.264000,2020-08-27 04:30:03.785000
d6rqaxxw2ugpc73v,failed,not_found,736,B872BA6804C8C6E140AE1897B44CF32B42FD2397,F5C3DA7642BB037E0D279359AE88CD7FC03A98A0,72C2EB697C3CD4CE7408359B386DEE6B2888F714,183C8C6727E2137AF278B3850AD5D9C2304B98C9,2020-08-27 04:30:03.785000,2020-08-27 04:30:04.644000
d6rqaxxw2ugpc73v,failed,not_found,844,B872BA6804C8C6E140AE1897B44CF32B42FD2397,1B5C9AA2DF96A8E6603D4EFA238AFE454A83CCCF,6A35EE13D4354FF0A03374C063B10290614BB6A9,21E9162916687FDC3CD966D11F34766F51902B45,2020-08-27 04:30:04.644000,2020-08-27 04:30:05.190000
d6rqaxxw2ugpc73v,failed,not_found,910,B872BA6804C8C6E140AE1897B44CF32B42FD2397,1D8ED54EA9DF2D46558AD0096DD5D9DD297F13A8,59EA74708A9C1A24D2EB1A2F150C27119A5FC2A6,21E54A1CB86144A4CAF60C636227ABB3D23C30D0,2020-08-27 04:30:05.190000,2020-08-27 04:30:05.895000
d6rqaxxw2ugpc73v,failed,not_found,1013,B872BA6804C8C6E140AE1897B44CF32B42FD2397,BDDF8187EA4419951CFD0A54088B634564F63AF3,0AD5DC3C47CAD362E5682F7FBD5E2E28B2D49899,1850585BE9BCA1F80D0A051909C94E49D1C49ED3,2020-08-27 04:30:05.895000,2020-08-27 04:30:06.540000
ospnqsltvzmb74ms,failed,not_found,596,B872BA6804C8C6E140AE1897B44CF32B42FD2397,FE9CB0E0629636EBD8D0C71F46E387B944C01BCF,24E1C6412183972BFD76D838AC04D1ED261743D3,F0A97AAF092015293EC63D7E75D9C2B70B7C360B,2020-08-27 04:30:02.306000,2020-08-27 04:30:02.928000
ospnqsltvzmb74ms,failed,not_found,640,B872BA6804C8C6E140AE1897B44CF32B42FD2397,9DB400402B545DC41DE342E14644F74B7DA4F789,EAA088440B100FF8407266B5D4853FFB16A8CB67,A7C5B40EC0FB5175E884075DDC87531D353F679C,2020-08-27 04:30:02.928000,2020-08-27 04:30:03.474000
ospnqsltvzmb74ms,failed,not_found,703,B872BA6804C8C6E140AE1897B44CF32B42FD2397,EA3616A0B9BBBDC74121D8D6F01EABDDCF6BE35D,D80EA21626BFAE8044E4037FE765252E157E3586,F0A3054C76604DC75D3F57F55C27F1BFB643F107,2020-08-27 04:30:03.475000,2020-08-27 04:30:04.186000
ospnqsltvzmb74ms,failed,not_found,785,B872BA6804C8C6E140AE1897B44CF32B42FD2397,BAE58EF7F58C11DAFD81C9EDD10EB74150AF3CFE,6B7ABD237CF25E5F787F365AF5FC4C86F0213A9F,F090D06DD908C91487F0A65DFFDFB1E4CD664288,2020-08-27 04:30:04.186000,2020-08-27 04:30:04.837000
ospnqsltvzmb74ms,failed,not_found,863,B872BA6804C8C6E140AE1897B44CF32B42FD2397,42B4F52C5B11E4D39855F654955425B0D5A0598B,872B18761953254914F77C71846E8A2623C52591,A7D17597A67F0AD64EE1F3A414A0ADCA00801747,2020-08-27 04:30:04.837000,2020-08-27 04:30:05.487000
ospnqsltvzmb74ms,failed,not_found,954,B872BA6804C8C6E140AE1897B44CF32B42FD2397,5293A831F0EF51460B37B37C239BC975C077E920,208D900D0E19338C290CAE206CD7BC14FE6982AF,A7C7EB2A0DFB2E3FFFC12B7756707433DD550F9E,2020-08-27 04:30:05.488000,2020-08-27 04:30:06.197000
dxvaj4r5ktabhray,failed,not_found,599,B872BA6804C8C6E140AE1897B44CF32B42FD2397,B2E0F33B1A7E70F21744C3EC37B475F8EC0712E2,5DE37A3371AAE7638748EB43C9F1CE66E09D4470,3F5689B1ED8217540F0F6C46390AA18370765827,2020-08-27 04:30:02.313000,2020-08-27 04:30:03.878000
dxvaj4r5ktabhray,failed,not_found,753,B872BA6804C8C6E140AE1897B44CF32B42FD2397,875F74A3DC14737BECA06F8B500022154D1A29D1,8EE28EAF0874AF9B03EBBD79B5EB5059E2547355,3F43D0584A2613C9DB631382FF486DC6B95EA1C8,2020-08-27 04:30:03.878000,2020-08-27 04:30:04.644000
dxvaj4r5ktabhray,failed,not_found,845,B872BA6804C8C6E140AE1897B44CF32B42FD2397,E7EF73B4722CFAF0E8AA2151D3AA78701DE5F19B,638D91FC9EF661348A6994D04C3499BC03F50BBE,3F62F05E859D7F98B086F702A31F7714D566E49A,2020-08-27 04:30:04.644000,2020-08-27 04:30:05.149000
dxvaj4r5ktabhray,failed,not_found,903,B872BA6804C8C6E140AE1897B44CF32B42FD2397,257342F27502A108EECA766F3B125441B3DD4F4E,5B0DBAC2C854B8EB0E0DD39AD94B66F2FEDC4871,DC9E3C6576CC9A04AAE1C465210A972A722571A0,2020-08-27 04:30:05.149000,2020-08-27 04:30:05.858000
dxvaj4r5ktabhray,failed,not_found,1009,B872BA6804C8C6E140AE1897B44CF32B42FD2397,0677DF0B05ECDA2EF45F26C3332731043BB89AB8,B00B6BA943600447CF72D58DB7A35B16754E43C8,DCAA176F75B04287131C6D78B7CFDDAC6F2691D9,2020-08-27 04:30:05.858000,2020-08-27 04:30:06.540000
dxvaj4r5ktabhray,failed,not_found,1101,B872BA6804C8C6E140AE1897B44CF32B42FD2397,994FB6A842C0CEE1F1C4CBA9A7604C5FF6014CFC,DA9E02BB8080E473157052F70439B7886AA8569D,DCB5A6BF7EC2D8277459E288115706286C4B9C86,2020-08-27 04:30:06.540000,2020-08-27 04:30:07.270000
assoltbbt62nzd5x,failed,not_found,601,B872BA6804C8C6E140AE1897B44CF32B42FD2397,8C00FA7369A7A308F6A137600F0FA07990D9D451,0B25110BA3473A6DC04AB58A3A0D5E4D6922A0E0,64E257D94E739278D5954CC820C9D7EAC4E7A7B7,2020-08-27 04:30:02.324000,2020-08-27 04:30:02.928000
assoltbbt62nzd5x,failed,not_found,641,B872BA6804C8C6E140AE1897B44CF32B42FD2397,2FFE5FAF70D20E76B0474AE9E40C2A0B53F8D9F0,39A551CD188151147DC4D19523D06A09B5287C29,64CB2B32C10ADD4B93D725B7DED238CCCD6D6DBA,2020-08-27 04:30:02.929000,2020-08-27 04:30:03.749000
assoltbbt62nzd5x,failed,not_found,1296,B872BA6804C8C6E140AE1897B44CF32B42FD2397,EE010EF80A27AC0B02CDC2B8B214A6201BB02D2B,1804C06A266F0DA26DF58CD559E01C2F7C3FC42A,64E1231D87844BB5861A9D3ED4FDDF93B4A76704,2020-08-27 04:30:03.750000,2020-08-27 04:30:08.795000
assoltbbt62nzd5x,failed,not_found,1405,B872BA6804C8C6E140AE1897B44CF32B42FD2397,5E7467C0E00AB25C56E0887271FEE69DFC1306CD,590136C13CC2747B8C48BF73D815454279F60C5D,B0C68DDD4265C850DC08CDE01154025E9EBEC14F,2020-08-27 04:30:08.795000,2020-08-27 04:30:09.981000
assoltbbt62nzd5x,failed,not_found,1576,B872BA6804C8C6E140AE1897B44CF32B42FD2397,6395B4A0EE1968966F82E7FA6A9D122DBA30139D,43016344D7E4CB2E73F289D57EFF9D64ACAA827B,B0DB2F173F0DB364BABF7A465D796B3C048F1F33,2020-08-27 04:30:09.981000,2020-08-27 04:30:11.530000
assoltbbt62nzd5x,failed,not_found,1780,B872BA6804C8C6E140AE1897B44CF32B42FD2397,DCAA176F75B04287131C6D78B7CFDDAC6F2691D9,C1B79C4CD9B713BBB6B0522155B46A7BFE3BFAAE,B0DA07C71D8E5066C2C391EA963260B4F584D84C,2020-08-27 04:30:11.531000,2020-08-27 04:30:12.841000
ffw6iysbp44a5imn,failed,not_found,575,B872BA6804C8C6E140AE1897B44CF32B42FD2397,BD6FFF1AD5A88A8D43870D43EC4450081B4B2BBA,A4A25EDAB880FF4200F4C21316F3B9E072C9F466,73DCA56424912F69F1478D6630DF27CFE8F41439,2020-08-27 04:30:02.328000,2020-08-27 04:30:02.758000
ffw6iysbp44a5imn,failed,not_found,1454,B872BA6804C8C6E140AE1897B44CF32B42FD2397,61FA7E7C766577D76EBABF19330993DEFA8AF3C3,2F69F8C4DC02DD15A39BFDB4078A791D89ECEAA2,73E0EAD7C2A9E9603C0DB7EE4743CCEF935EAC3D,2020-08-27 04:30:02.758000,2020-08-27 04:30:09.804000
ffw6iysbp44a5imn,failed,not_found,1548,B872BA6804C8C6E140AE1897B44CF32B42FD2397,4B351545DD58473F36B0A20E5500AC6ED51E8CD5,5CCC3569C67B7F1BB733664D43DF4645F2A4B04D,E7F857B4B22749220BB5F0316A0A38B713DC9DAB,2020-08-27 04:30:09.804000,2020-08-27 04:30:11.452000
ffw6iysbp44a5imn,failed,not_found,1716,B872BA6804C8C6E140AE1897B44CF32B42FD2397,EAD250EE6D1BDB1BBACFFD1C3C262D59FD55A41A,CA95B3584C44DED8107AF5B3D8C25C562CC64DD4,E7C1FAFB7525149A0E911512F511D942BA5EEAAF,2020-08-27 04:30:11.452000,2020-08-27 04:30:11.912000
ffw6iysbp44a5imn,failed,not_found,1830,B872BA6804C8C6E140AE1897B44CF32B42FD2397,31135CFF07050C0048508FC9D736818E848F8687,3E53D3979DB07EFD736661C934A1DED14127B684,E7EF73B4722CFAF0E8AA2151D3AA78701DE5F19B,2020-08-27 04:30:11.913000,2020-08-27 04:30:12.499000
ffw6iysbp44a5imn,failed,not_found,1920,B872BA6804C8C6E140AE1897B44CF32B42FD2397,836460C721577873AD1FF8AB000112A9360EB3A0,1CD48F4ED0F1821FFBF1940802A13EEFD4C27502,73A5A81688BD536BFBABE18630F5BD6306C9AC8E,2020-08-27 04:30:12.499000,2020-08-27 04:30:13.095000
lcghu2yge7siyh36,failed,not_found,676,B872BA6804C8C6E140AE1897B44CF32B42FD2397,CBB5AE37E2927A915D70FA71572D2EA203F03E83,8A7742ADFF91823A1A35FA11D18C4E3A50FA12A7,5BA19B5D5AB0CB9EF8EA33DA77585B75449400B0,2020-08-27 04:30:03.320000,2020-08-27 04:30:04.059000
lcghu2yge7siyh36,failed,not_found,774,B872BA6804C8C6E140AE1897B44CF32B42FD2397,FB016E16B8CD7A0E53DEEF31ED8754E4F6B8E837,83AEDBDB4BE3AD0ED91850BF1A521B843077759E,F01AAA640FF4EA025DB8449BD61C055273B4A328,2020-08-27 04:30:04.059000,2020-08-27 04:30:05.217000
lcghu2yge7siyh36,failed,not_found,918,B872BA6804C8C6E140AE1897B44CF32B42FD2397,0A58B05D403A2663EB56124F8C7AAB0CABFAA115,E5CC91BAFE7CCD68003E873D32E38027638D49D7,F01E382DA524A57F2BFB3C4FF270A23D5CD3311D,2020-08-27 04:30:05.217000,2020-08-27 04:30:06.034000
lcghu2yge7siyh36,failed,not_found,1027,B872BA6804C8C6E140AE1897B44CF32B42FD2397,C0F3C0EF81D84182379AA4CA5AD5A5289D011145,71EFE4314646C4613895509723BFD354D8EABCAF,F0149CBAE8953B7157CC54BFC414DBAF859E0B33,2020-08-27 04:30:06.034000,2020-08-27 04:30:06.794000
lcghu2yge7siyh36,failed,not_found,1126,B872BA6804C8C6E140AE1897B44CF32B42FD2397,BDEC565B8B5E3DCCB57E4E7C4C245EDA717D2087,855BC2DABE24C861CD887DB9B2E950424B49FC34,5BB51E650366D14C95027DB2F1D7A69BC5B00676,2020-08-27 04:30:06.795000,2020-08-27 04:30:07.474000
lcghu2yge7siyh36,failed,not_found,1215,B872BA6804C8C6E140AE1897B44CF32B42FD2397,2CD5474E33D12629156B92FBD61FAAB22D07B0F7,35513B1D2EA70649346C3C6D34F63D6982E3948A,5B7ECD80310B35E6B95FC887E143C889CF8C2841,2020-08-27 04:30:07.475000,2020-08-27 04:30:08.267000
b4gyghu6gziqvroe,failed,not_found,677,B872BA6804C8C6E140AE1897B44CF32B42FD2397,261E29D740EBB5FC5593FACB65E4CD78E933266E,C7E332093AD8D8CBBED8AA6136BDDBC337A87BF4,07A8A66164B8752A9E06D44AAB6219D89D6C10F6,2020-08-27 04:30:03.321000,2020-08-27 04:30:06.391000
b4gyghu6gziqvroe,failed,not_found,1032,B872BA6804C8C6E140AE1897B44CF32B42FD2397,11ABDB4D0B944F186A898560CB82C70439957DCA,651A05E6651DDA283B85223303A01066B1FFAEF8,07B8FC5B66719C355FABF84B4F5E0131E127DF01,2020-08-27 04:30:06.391000,2020-08-27 04:30:06.795000
b4gyghu6gziqvroe,failed,not_found,1715,B872BA6804C8C6E140AE1897B44CF32B42FD2397,7ED3D8AFAC750F8CC0BDF8C87FE3BCBA2BBE2209,6395B4A0EE1968966F82E7FA6A9D122DBA30139D,12AD30E5D25AA67F519780E2111E611A455FDC89,2020-08-27 04:30:06.795000,2020-08-27 04:30:11.804000
b4gyghu6gziqvroe,failed,not_found,1816,B872BA6804C8C6E140AE1897B44CF32B42FD2397,D7829A21726220AF77401BE5B2B132963A0BE82B,24D0491A2ADAAB52C17625FBC926D84477AEA322,07905A0D8AD1C134D3036872140B1DB1EB761772,2020-08-27 04:30:11.804000,2020-08-27 04:30:12.499000
b4gyghu6gziqvroe,failed,not_found,1919,B872BA6804C8C6E140AE1897B44CF32B42FD2397,088A6237EED87EDEB0E1E3AD0A4A419F963F0787,198F12E2DEFBE6BEEBC38B2FEDD615AECB38DA7A,12B3C5C30C92E649B9CE0D313071D9429A8710A2,2020-08-27 04:30:12.499000,2020-08-27 04:30:13.233000
b4gyghu6gziqvroe,failed,not_found,2040,B872BA6804C8C6E140AE1897B44CF32B42FD2397,EAA088440B100FF8407266B5D4853FFB16A8CB67,C25E583A63191C6CEF57F503F38A4C6815321A85,12CF6DB4DAE106206D6C6B09988E865C0509843B,2020-08-27 04:30:13.233000,2020-08-27 04:30:14.003000
h7e5mzllq7kvefbx,failed,not_found,678,B872BA6804C8C6E140AE1897B44CF32B42FD2397,AEDFB1F1F69DC74A90BCF87B587252334D7D180E,7D2595ABBB2F83E10275C0F3D2944DC580B4B55E,950134F4ABA3291EEE4E7A2F26546DB7070776A4,2020-08-27 04:30:03.321000,2020-08-27 04:30:04.075000
h7e5mzllq7kvefbx,failed,not_found,780,B872BA6804C8C6E140AE1897B44CF32B42FD2397,BD6FFF1AD5A88A8D43870D43EC4450081B4B2BBA,05B451C0562FDE23307AFA84FD6A37652E615233,01664D41A81F817A3E71400D6BFD40947AA40AFB,2020-08-27 04:30:04.075000,2020-08-27 04:30:05.057000
h7e5mzllq7kvefbx,failed,not_found,890,B872BA6804C8C6E140AE1897B44CF32B42FD2397,F6740DEABFD5F62612FA025A5079EA72846B1F67,A6C983C2F7EEADD55CE9169E540EBD95423FC260,94F16DA2BDDBA092954FF8EC29F9234A69949403,2020-08-27 04:30:05.058000,2020-08-27 04:30:05.662000
h7e5mzllq7kvefbx,failed,not_found,973,B872BA6804C8C6E140AE1897B44CF32B42FD2397,3049EFE686931232C81EA4DD975AF60C962CED01,F1E6676A0551B4D88262536FAAB488B861AACA1A,016093EE4BAE9AF473FC0C811A9D10FDAA9CA34B,2020-08-27 04:30:05.662000,2020-08-27 04:30:06.477000
h7e5mzllq7kvefbx,failed,not_found,1094,B872BA6804C8C6E140AE1897B44CF32B42FD2397,4CD4DFFEF3971C902A22100D911CAC639BE2EF5C,6E4B0D429CD87AB6C25D72E298294C583FF8BA4A,01729F10A81DDD8A92D770B2133082EB56C75E26,2020-08-27 04:30:06.478000,2020-08-27 04:30:07.156000
h7e5mzllq7kvefbx,failed,not_found,1171,B872BA6804C8C6E140AE1897B44CF32B42FD2397,C22BA9ED6DEE071D2B37B9718DCCFB6A53EAD5E6,60B1681670B185813E762B71F3C3B129A981F37B,94F367A130296C9EB92BE32E25AAEB7F227DE0D6,2020-08-27 04:30:07.156000,2020-08-27 04:30:07.879000
k45zb5ecz4mwvjwi,failed,not_found,680,B872BA6804C8C6E140AE1897B44CF32B42FD2397,A9EDB4EBF9EF5F3A129A58AE28EF92DB4B5078A3,DE4EB74B8105751568A75649F6672A31F2A3DE20,0D6E25BD8C540178C309EE2A84C7A74496360D6E,2020-08-27 04:30:03.330000,2020-08-27 04:30:03.974000
k45zb5ecz4mwvjwi,failed,not_found,759,B872BA6804C8C6E140AE1897B44CF32B42FD2397,AD1FC4AE877B2FFEB3C84F1A6B76E9B057AAEF4E,383CFCF03B225B3EDCA519197BAA310A58CEAABC,0D35A457BE0304F2656310C90C774695A3773A6B,2020-08-27 04:30:03.974000,2020-08-27 04:30:04.660000
k45zb5ecz4mwvjwi,failed,not_found,848,B872BA6804C8C6E140AE1897B44CF32B42FD2397,0F89912E6A4C4A8ACE43C58FF8B83CA299BFF74F,A55E513A283DF2CD89FC1DED396B0AF4FC8F25F4,714425418EEEDFACC86D87544B265892E98FA32B,2020-08-27 04:30:04.660000,2020-08-27 04:30:05.389000
k45zb5ecz4mwvjwi,failed,not_found,946,B872BA6804C8C6E140AE1897B44CF32B42FD2397,7272FA27A7F99E88D59BE2018E3F14FB88BF9786,8DC832ABDC9C97B8B71F74AB041D3CB3FA9578AA,0D364448C8E55D5A89AF19AF4399AE559ED82759,2020-08-27 04:30:05.389000,2020-08-27 04:30:07.100000
k45zb5ecz4mwvjwi,failed,not_found,1167,B872BA6804C8C6E140AE1897B44CF32B42FD2397,F7ACB36752F2D27A03800E505D1599F26C981B53,DD7BD3E5BD0BA48A8C70B0CDF017FA5988B87E27,7145E72C955B5A8A2CDACA6C3953BC5ECD79E102,2020-08-27 04:30:07.100000,2020-08-27 04:30:07.969000
k45zb5ecz4mwvjwi,failed,not_found,1272,B872BA6804C8C6E140AE1897B44CF32B42FD2397,63B32F7E5389E8DBC5E1BCEFE48312DA7CCEF5D6,6ED00DB18B4516A9097FC005BE1679BFC9A4C752,71539D1911ECB826069A4D156771AC4F9F4632A7,2020-08-27 04:30:07.969000,2020-08-27 04:30:08.621000
xvh2kmfnhtrsyvoz,failed,not_found,797,B872BA6804C8C6E140AE1897B44CF32B42FD2397,71BBBC406506ACB5AFCF9BE4476283363EEC1B66,55A92BE2A76C64A5A0DB0D4F61D5DCA37B55EE52,2751A18D2966DB9A955FAE0BD7D7431B9E2FECA4,2020-08-27 04:30:04.309000,2020-08-27 04:30:05.418000
xvh2kmfnhtrsyvoz,failed,not_found,951,B872BA6804C8C6E140AE1897B44CF32B42FD2397,046F2D59A85FAE693676A87533717C57436261C2,6315278A91710062D90B288199EFA06E4AAA9E8F,2757DFBECFF7B5B02680F5CE084A44FDBC08B196,2020-08-27 04:30:05.418000,2020-08-27 04:30:06.592000
xvh2kmfnhtrsyvoz,failed,not_found,1108,B872BA6804C8C6E140AE1897B44CF32B42FD2397,066735D43FB476FA64578C5D829E176DF53E5A00,6E4B0D429CD87AB6C25D72E298294C583FF8BA4A,D24D0C28AB48768CF8B79DD762D61DB4FD015677,2020-08-27 04:30:06.592000,2020-08-27 04:30:07.250000
xvh2kmfnhtrsyvoz,failed,not_found,1188,B872BA6804C8C6E140AE1897B44CF32B42FD2397,42B4F52C5B11E4D39855F654955425B0D5A0598B,ACF165754601059ED2E472F893AD0FA4CAF1142D,D245C3E824456945C6759599CB8A0547135A066D,2020-08-27 04:30:07.250000,2020-08-27 04:30:08.150000
xvh2kmfnhtrsyvoz,failed,not_found,1311,B872BA6804C8C6E140AE1897B44CF32B42FD2397,20FD9F93C8C67E198929FD9A0B8ED84134877FBB,994FB6A842C0CEE1F1C4CBA9A7604C5FF6014CFC,273AFEF6EB8C440631E1AF9B22E79E7BC473E6E9,2020-08-27 04:30:08.150000,2020-08-27 04:30:08.994000
xvh2kmfnhtrsyvoz,failed,not_found,1430,B872BA6804C8C6E140AE1897B44CF32B42FD2397,E432C6B90254DD0675F86D3E4D5F3A2CA100DE8B,CB72A74E8197DF3B33EE6A0895E5BB871D10CF92,D23F48B37526F904EECB3C8ED0747EF254C11BB4,2020-08-27 04:30:08.994000,2020-08-27 04:30:09.806000
jw3v4zidjvfyarpk,failed,not_found,798,B872BA6804C8C6E140AE1897B44CF32B42FD2397,C5D91B75D9B991FB53C41AB694D97C961D37B5AB,6D163F649ECBE9DC20F016236EF36D7E1559E98E,C37F87C0125E26E6ACF54366FA2198209E856ABE,2020-08-27 04:30:04.309000,2020-08-27 04:30:05.204000
jw3v4zidjvfyarpk,failed,not_found,913,B872BA6804C8C6E140AE1897B44CF32B42FD2397,7A6873B86D82BC8B4F0E790828626107820F7B9E,5665A3904C89E22E971305EE8C1997BCA4123C69,C3799054BC7F0D201FB7C0F9DE31BF1F3D868A37,2020-08-27 04:30:05.204000,2020-08-27 04:30:05.846000
jw3v4zidjvfyarpk,failed,not_found,1005,B872BA6804C8C6E140AE1897B44CF32B42FD2397,C38460B0B5AE443940827FF308602E5F4A12B5C4,D777D31F95081D0F7223AAD5F8A74977D524145D,C36A434DB54C66E1A97A5653858CE36024352C4D,2020-08-27 04:30:05.846000,2020-08-27 04:30:06.856000
jw3v4zidjvfyarpk,failed,not_found,1134,B872BA6804C8C6E140AE1897B44CF32B42FD2397,E0DE41FDE623BBDF644C8E820012AEE3B70AE4CD,1E0C555FA666B2C3B7E8B6068540A2356A1D167D,4FDDFAD51B24DDABB62FB59071F4DC421E76C685,2020-08-27 04:30:06.857000,2020-08-27 04:30:08.451000
jw3v4zidjvfyarpk,failed,not_found,1350,B872BA6804C8C6E140AE1897B44CF32B42FD2397,6D163F649ECBE9DC20F016236EF36D7E1559E98E,35513B1D2EA70649346C3C6D34F63D6982E3948A,4FE3FD67F2F06D8AD929217A357F623FC7C692D9,2020-08-27 04:30:08.451000,2020-08-27 04:30:09.212000
jw3v4zidjvfyarpk,failed,not_found,2030,B872BA6804C8C6E140AE1897B44CF32B42FD2397,8C00FA7369A7A308F6A137600F0FA07990D9D451,E81993EA52B73285CFFD02FEC003569D21483001,4FCF975D71A8663E8066BD1431D8E9459DBE2EAB,2020-08-27 04:30:09.212000,2020-08-27 04:30:13.849000
kisv2w5a4el2mckw,failed,not_found,801,B872BA6804C8C6E140AE1897B44CF32B42FD2397,1B3E48D75E7F7E61D1B9BBE24BA15A38B454380D,9A48EC8AAFB2E8C9E20408596383DB74F1196747,3AE9B85D5945000C2A65F4E054171928D5BDE91E,2020-08-27 04:30:04.321000,2020-08-27 04:30:05.633000
kisv2w5a4el2mckw,failed,not_found,1588,B872BA6804C8C6E140AE1897B44CF32B42FD2397,1F4105C688E835A56AF3D66C787677B57240FFA2,2AA5F598F9A1812F01CD99E3B59BB87362ED7438,3AD29FE1241B73595F99BA2C6D830AF0B6874043,2020-08-27 04:30:05.634000,2020-08-27 04:30:10.671000
kisv2w5a4el2mckw,failed,not_found,1667,B872BA6804C8C6E140AE1897B44CF32B42FD2397,87B529BCF6B52BE28BBB22EC4AA702F9AE42D551,0006DE2E77E3C3EC5E1825B076E5257FD200ED0A,3AF69B3ECCB000879CA1BCD0B36B619DBF712291,2020-08-27 04:30:10.671000,2020-08-27 04:30:12.167000
kisv2w5a4el2mckw,failed,not_found,1873,B872BA6804C8C6E140AE1897B44CF32B42FD2397,2F09BD6D9A2D5A7D6D26C17651CE8ECF0B7BA257,06B308F54B4A779D74B30536964182A09C08AB8F,A8610EDC749A3818A3D5325419B35483B4DEBF45,2020-08-27 04:30:12.167000,2020-08-27 04:30:13.207000
kisv2w5a4el2mckw,failed,not_found,2036,B872BA6804C8C6E140AE1897B44CF32B42FD2397,504F23DC734459DBBA58B2F11A4799EB945188A3,E7882187F6FA695450719FD3738D640FBDFF5D48,A86EC24F5B8B964F67AC7C27CE92842025983274,2020-08-27 04:30:13.207000,2020-08-27 04:30:13.877000
kisv2w5a4el2mckw,failed,not_found,2180,B872BA6804C8C6E140AE1897B44CF32B42FD2397,18B160CD5E22BFC345AEE7BA84B7EA45BF457FCA,3A56936CC69F13737872697DBC8415444F499FFC,A87D19DD1A89327B8DB878DC2793426752799B5C,2020-08-27 04:30:13.878000,2020-08-27 04:30:14.512000
tdpfusjkbwfu5wep,failed,not_found,802,B872BA6804C8C6E140AE1897B44CF32B42FD2397,22E6FBDB8D77B4C0FA017D6C5F9B45BECDCBCFF8,64E257D94E739278D5954CC820C9D7EAC4E7A7B7,3033FD18BBD658C5ECE926FB17D2269BFE337358,2020-08-27 04:30:04.321000,2020-08-27 04:30:04.882000
tdpfusjkbwfu5wep,failed,not_found,872,B872BA6804C8C6E140AE1897B44CF32B42FD2397,8AAD0B090311B7A43D44FD353F32D21628C85D52,F4A4D78F16E9A0353AD5BBEF4632C7022E20FB20,296DD68C9017BF7FC7CEC9ACB43A6FAA942408FF,2020-08-27 04:30:04.882000,2020-08-27 04:30:05.834000
tdpfusjkbwfu5wep,failed,not_found,1001,B872BA6804C8C6E140AE1897B44CF32B42FD2397,6919A8656F85830ED5778FE3FDD522F3F18FFF6F,D1F2C5C820B3F96BE6144CBFB84FDDF9D0EC0810,296A9A2C96249BC5D8CA8CF196EF5E3FCC80488E,2020-08-27 04:30:05.834000,2020-08-27 04:30:06.432000
tdpfusjkbwfu5wep,failed,not_found,1090,B872BA6804C8C6E140AE1897B44CF32B42FD2397,15571673BCE30678EC5F895C9F59EB1C01CBBC56,8DBEF8D824437770261B4C7453F2815DB7FC9165,296B2178FD742AB35AB20C9ADF04D5DFD3D407EB,2020-08-27 04:30:06.432000,2020-08-27 04:30:07.432000
tdpfusjkbwfu5wep,failed,not_found,1163,B872BA6804C8C6E140AE1897B44CF32B42FD2397,234D670EAA794F092F7BD758D5D2AA7F4E3FFBE3,8C5B316ED73018484765C3E0944E4508DCAE0944,304229B6F0C10A4465F5B32D080159CB360FDD15,2020-08-27 04:30:07.433000,2020-08-27 04:30:08.258000
tdpfusjkbwfu5wep,failed,not_found,1322,B872BA6804C8C6E140AE1897B44CF32B42FD2397,D16A75E422664448F8A7E7D536D359D512B91256,EC4AD91674B5AFECCA117A396776F120651E55BF,303509AB910EF207B7438C27435C4A2FD579F1B1,2020-08-27 04:30:08.258000,2020-08-27 04:30:09.820000
oaopt67us5rf5dxa,failed,not_found,930,B872BA6804C8C6E140AE1897B44CF32B42FD2397,D80EA21626BFAE8044E4037FE765252E157E3586,729AD65959E59B3D6D7160D65B6B66DBBCE40A19,F059C76B861B25D8F1BBDA4AD37D1B69035423EC,2020-08-27 04:30:05.333000,2020-08-27 04:30:07.264000
oaopt67us5rf5dxa,failed,not_found,1192,B872BA6804C8C6E140AE1897B44CF32B42FD2397,6C333B5BDBA3DFE7A782E40CB970C271ABFED119,BFEC9FDCD15CDC54FBEFB4BC18B6A57CD186B3CE,F07B89BC9D794F3D9342417C62FBA8F9972D04A3,2020-08-27 04:30:07.265000,2020-08-27 04:30:07.969000
oaopt67us5rf5dxa,failed,not_found,1273,B872BA6804C8C6E140AE1897B44CF32B42FD2397,CA4E9DFE87DE87E502F3B503D07EC8EFCAEE2549,1034775A01EA629979D0A601EC85FDF2F584CC45,F0832608B0D52E7B4418E54E655CA18A585DEDB8,2020-08-27 04:30:07.969000,2020-08-27 04:30:08.611000
oaopt67us5rf5dxa,failed,not_found,1364,B872BA6804C8C6E140AE1897B44CF32B42FD2397,B6495EB04241A8D95996F7C8ACAF790B62E8111B,F059C76B861B25D8F1BBDA4AD37D1B69035423EC,97755455E7DC4E95F0F2EE660FCF11726B6BF69A,2020-08-27 04:30:08.612000,2020-08-27 04:30:10.643000
oaopt67us5rf5dxa,failed,not_found,1590,B872BA6804C8C6E140AE1897B44CF32B42FD2397,296DD68C9017BF7FC7CEC9ACB43A6FAA942408FF,B8F7B162963287D2199D075BBAB2C4FB941BB390,97767B43E78119A613B46CEAF81A788F45CC05D9,2020-08-27 04:30:10.643000,2020-08-27 04:30:11.380000
oaopt67us5rf5dxa,failed,not_found,1763,B872BA6804C8C6E140AE1897B44CF32B42FD2397,CACD9D63B759B35555D8C965A3E01071E9DFB44C,D80EA21626BFAE8044E4037FE765252E157E3586,979B2E677F6D94820CD8D645626ED776DCB1CB6C,2020-08-27 04:30:11.381000,2020-08-27 04:30:12.898000
hnu7hz5fock4uydm,failed,not_found,933,B872BA6804C8C6E140AE1897B44CF32B42FD2397,1F97BE0788A261FF978C082E0AB44ADD96AF1F7A,672A56A583C658372E63ACEB43E7F791C2819548,E23931923121DA64C12CB6AA20B6F2C3E55627FF,2020-08-27 04:30:05.350000,2020-08-27 04:30:05.846000
hnu7hz5fock4uydm,,,,,,,5CFC486780CBD4446B764E51608D6574003B350D,2020-08-27 04:30:05.846000,
6ulnwui6sarvmxfn,failed,not_found,934,B872BA6804C8C6E140AE1897B44CF32B42FD2397,FD7ED9F4871E2EC46035FC602960EACC32E08FF8,930106E732385FD01810AB243E7022C42639BC06,098D9CF7568D27A8288FA4BB3819A99913315D6E,2020-08-27 04:30:05.350000,2020-08-27 04:30:06.020000
6ulnwui6sarvmxfn,failed,not_found,1023,B872BA6804C8C6E140AE1897B44CF32B42FD2397,724E86E7F5DA715529DC0ECAA013AE4BDC680E4C,16FD7E5D67B7054EE4E7FDDF04AFB48216CA640A,09A70E396DE93F54D4541BBB0EC8E2B23761F34F,2020-08-27 04:30:06.020000,2020-08-27 04:30:06.701000
6ulnwui6sarvmxfn,failed,not_found,1119,B872BA6804C8C6E140AE1897B44CF32B42FD2397,D2F16CBF1BD891968D65D44CD21507E3371279F3,53E73B74B930BCF51621E6F06E65A3E3BC78E83A,098B3457ABA31AD65A3AF47F61B623E35B3FAB2D,2020-08-27 04:30:06.702000,2020-08-27 04:30:08.150000
6ulnwui6sarvmxfn,failed,not_found,1310,B872BA6804C8C6E140AE1897B44CF32B42FD2397,438E8C214576AF13480A550D45C116F43333C319,4E98AA295B7171996D18DD1F6A19F64AB4036B4A,5293A831F0EF51460B37B37C239BC975C077E920,2020-08-27 04:30:08.150000,2020-08-27 04:30:09.466000
6ulnwui6sarvmxfn,failed,not_found,1457,B872BA6804C8C6E140AE1897B44CF32B42FD2397,CD249CC13B6ADD3426D603B9ED5B51FC71B8D728,B74DABBE248B935CDC1038CD5C9280878C8C94E7,529CA3EB08AD6EC1791B5110AA3540A4CFA1197F,2020-08-27 04:30:09.466000,2020-08-27 04:30:10.026000
6ulnwui6sarvmxfn,failed,not_found,1585,B872BA6804C8C6E140AE1897B44CF32B42FD2397,F5C3DA7642BB037E0D279359AE88CD7FC03A98A0,A5EB3D3967327169EE882910D712FD9EB666499E,529D9C84E0D6A6141D409C1B02DB81B2B8E8E973,2020-08-27 04:30:10.026000,2020-08-27 04:30:11.061000
5p4fk6yuy72oexw3,failed,not_found,935,B872BA6804C8C6E140AE1897B44CF32B42FD2397,874D84382C892F3F61CC9E106BF08843DE0B865A,B45B62C13CFD37235790359B4C81B017A70BE11A,6CBACBF2C525B09A55464D836432812A30FEF414,2020-08-27 04:30:05.350000,2020-08-27 04:30:06.603000
5p4fk6yuy72oexw3,failed,not_found,1112,B872BA6804C8C6E140AE1897B44CF32B42FD2397,45582F4CCEE4BBF79B44A4853FDD82908B08D4A8,7D28E11CFC86285A22456956C7E37AABD7AEF8BC,5EDD6628D5E13ED020A1EA03C1944DD6769B4974,2020-08-27 04:30:06.604000,2020-08-27 04:30:07.651000
5p4fk6yuy72oexw3,failed,not_found,1230,B872BA6804C8C6E140AE1897B44CF32B42FD2397,BF7168623AD4FF542A9E940C4CCF575D9BE16323,BF37445EA2A9F3D04F4B87DFAC624AEF21B559D5,5EACEBD7A3F396848F5E56B3EF028505AF80E191,2020-08-27 04:30:07.652000,2020-08-27 04:30:09.623000
5p4fk6yuy72oexw3,failed,not_found,1530,B872BA6804C8C6E140AE1897B44CF32B42FD2397,3351BC69807F3C9BACF7C317263D917252160462,FBD20387F64D67ED53AC5BD2E0302D44B2DA360C,6C9F1A9CA87546159E5D4C33C78128C26DF3CECD,2020-08-27 04:30:09.623000,2020-08-27 04:30:10.565000
5p4fk6yuy72oexw3,failed,not_found,1654,B872BA6804C8C6E140AE1897B44CF32B42FD2397,6FF440DFB1D0697B942357D747900CC308DD57CC,B6E0AADF2BB776063B984CFEEF1188D9116E35A1,5EBA4A9F483E07FD717BA81DD6F7344AF82F7D5D,2020-08-27 04:30:10.566000,2020-08-27 04:30:12.874000
5p4fk6yuy72oexw3,failed,not_found,1977,B872BA6804C8C6E140AE1897B44CF32B42FD2397,1FC89C159EA0F96D52D8A7092BF938C509DB6984,724E86E7F5DA715529DC0ECAA013AE4BDC680E4C,6CA1E52071B159D74AF35AD3B0DCE128A1B32AE9,2020-08-27 04:30:12.875000,2020-08-27 04:30:13.818000
gn4spyydg56ki6xd,failed,not_found,1064,B872BA6804C8C6E140AE1897B44CF32B42FD2397,88748052843CC93A02BE1D9E9B5B358AB3A104AA,9EFF16EA25FF27BC438A3FBF23C5315E576467AF,1AED1571D5FA7385AC3C25FB3E86F49E706ABD99,2020-08-27 04:30:06.341000,2020-08-27 04:30:08.246000
gn4spyydg56ki6xd,failed,not_found,1318,B872BA6804C8C6E140AE1897B44CF32B42FD2397,288DA2F27E30BC73FC8A84367696C9DF6B4C1B90,F1E6676A0551B4D88262536FAAB488B861AACA1A,5E1207FC5BE02728D9D0B540384EB081B53987E6,2020-08-27 04:30:08.247000,2020-08-27 04:30:08.885000
gn4spyydg56ki6xd,failed,not_found,1412,B872BA6804C8C6E140AE1897B44CF32B42FD2397,C0DAAAE5EE461BBE13945FE4B52F32ABDC6BC376,4E98AA295B7171996D18DD1F6A19F64AB4036B4A,5E16EF9247D192830EF696B554B5C633188FFE27,2020-08-27 04:30:08.886000,2020-08-27 04:30:09.481000
gn4spyydg56ki6xd,failed,not_found,1508,B872BA6804C8C6E140AE1897B44CF32B42FD2397,F37997F89070869A34C456A2F54577A3276AACB2,3BAACE149DB31574B327BF835B594B707D12CD58,5DE37A3371AAE7638748EB43C9F1CE66E09D4470,2020-08-27 04:30:09.482000,2020-08-27 04:30:09.981000
gn4spyydg56ki6xd,failed,not_found,1577,B872BA6804C8C6E140AE1897B44CF32B42FD2397,29DDD25C8383FDA559D4E0E88F820AB88C26212A,A0C59410B9030AC1385C4CA44C8DBFE13AF4BC9B,1AE180250D80A692077EDA35CC8E7387A9FDF220,2020-08-27 04:30:09.981000,2020-08-27 04:30:10.831000
gn4spyydg56ki6xd,failed,not_found,1682,B872BA6804C8C6E140AE1897B44CF32B42FD2397,B2D03CDF45EB4D74A65FAC4F00EBA785C9663A5F,EAB20BD4083C820EC8329ED5AEBF12019A7749F3,1AE039EE0B11DB79E4B4B29CBA9F752864A0259E,2020-08-27 04:30:10.831000,2020-08-27 04:30:11.632000
t7zaslsc4cmdksic,failed,not_found,1065,B872BA6804C8C6E140AE1897B44CF32B42FD2397,A3C0C4B34CDBCE03A85CDA06E9EE2F7E165551DB,0E300A0942899B995AE08CEF58062BCFEB51EEDF,C646F3F0880F56F967719F013EF97E833B696EF5,2020-08-27 04:30:06.341000,2020-08-27 04:30:07.648000
t7zaslsc4cmdksic,failed,not_found,1226,B872BA6804C8C6E140AE1897B44CF32B42FD2397,2ED8654AD1B8C25F3EB83156B07EA35BE6132F0C,0D13FEFB150903100AF2F9E52A5852EC105A817E,2659ACAA140B6845E38F189B4080817B9819EB9A,2020-08-27 04:30:07.648000,2020-08-27 04:30:08.321000
t7zaslsc4cmdksic,failed,not_found,1337,B872BA6804C8C6E140AE1897B44CF32B42FD2397,B74DABBE248B935CDC1038CD5C9280878C8C94E7,32E6CC6C6B428B2043F0B3E78F7332F1016D73E1,26220AEA188B8D0E47BB541E1A616EB3AD70295F,2020-08-27 04:30:08.321000,2020-08-27 04:30:08.756000
t7zaslsc4cmdksic,failed,not_found,1394,B872BA6804C8C6E140AE1897B44CF32B42FD2397,C3E0E9EA1FF3FCFC27E856BFE61533020DD7F090,7D928720EC0CB5C2AFE04DF0EBC37BD59B00EAB4,260B86A04CBEDE605F183624C2FCA3CE81FD24A1,2020-08-27 04:30:08.757000,2020-08-27 04:30:09.525000
t7zaslsc4cmdksic,failed,not_found,1519,B872BA6804C8C6E140AE1897B44CF32B42FD2397,20462CBA5DA4C2D963567D17D0B7249718114A68,CD5316A75554C2DADB87EF3624E95D848C309CE8,C656B41AEFB40A141967EBF49D6E69603C9B4A11,2020-08-27 04:30:09.525000,2020-08-27 04:30:10.471000
t7zaslsc4cmdksic,failed,not_found,1630,B872BA6804C8C6E140AE1897B44CF32B42FD2397,E36536404200A74930DB165858BD5BB554D2BEA2,10A5EFCCD2FB9C1A4AC20FB779A5DB11B58957A7,C63D7C4FAE5424D6286411D33497A2191882EB0A,2020-08-27 04:30:10.471000,2020-08-27 04:30:11.150000
reopppgb3cjhrpd2,failed,not_found,1072,B872BA6804C8C6E140AE1897B44CF32B42FD2397,987D0706D42070F1E2142A9FCCB56B3887808D34,79E3B585803DE805CCBC00C1EF36B1E74372861D,026E53D9AA2FF22217B215B57E4C4B4EF196FCD5,2020-08-27 04:30:06.354000,2020-08-27 04:30:07.223000
reopppgb3cjhrpd2,failed,not_found,1184,B872BA6804C8C6E140AE1897B44CF32B42FD2397,6ED3BE22B2261258017B3F0584706265985D7AE9,B86137AE9681701901C6720E55C16805B46BD8E3,C92367D6DF9570160CD0D6503D88F192B4C09458,2020-08-27 04:30:07.224000,2020-08-27 04:30:08.072000
reopppgb3cjhrpd2,failed,not_found,1863,B872BA6804C8C6E140AE1897B44CF32B42FD2397,BF0FB582E37F738CD33C3651125F2772705BB8E8,61004152C709672EE739F2667B56EF5550A51332,C92ECAF73512E2CCB15827A192B7AF3E9DBC896E,2020-08-27 04:30:08.072000,2020-08-27 04:30:13.273000
reopppgb3cjhrpd2,failed,not_found,2044,B872BA6804C8C6E140AE1897B44CF32B42FD2397,8EA58F28DCA60F56C6F2131BDFE9BF5FAF2233CE,49791A9C1CD16463868F407C3968A3DCF1E9DC49,021DDCD687FD505B7EA7E75DA6CEF0D778AA07FB,2020-08-27 04:30:13.273000,2020-08-27 04:30:14.174000
reopppgb3cjhrpd2,failed,not_found,2223,B872BA6804C8C6E140AE1897B44CF32B42FD2397,E68CC9C2E262E01C4C71C8F66F07517B0AB5E245,5CF2BC575B3537AEE1E531021E2DB682B591C5A4,025B66CEBC070FCB0519D206CF0CF4965C20C96E,2020-08-27 04:30:14.174000,2020-08-27 04:30:15.148000
reopppgb3cjhrpd2,failed,not_found,3270,B872BA6804C8C6E140AE1897B44CF32B42FD2397,96CFE178A1D12489D9D59A0CAE17FE86F5A3A79F,60F2139EA3E06410A05CBD6E8254E60A9063AD9D,C92F69EE5756200F160CCFAFE9C3C984D3E6D561,2020-08-27 04:30:15.148000,2020-08-27 04:30:20.303000
f4lwt7pa4htg4mpo,failed,not_found,1073,B872BA6804C8C6E140AE1897B44CF32B42FD2397,B70629C29A032979E5AD00CC51D2330845AAFD6A,29A39144AD141242436D07901F7A8B91F7516A66,4053B3A8BE12DF3F47C993700761853F0BF9B964,2020-08-27 04:30:06.354000,2020-08-27 04:30:07.489000
f4lwt7pa4htg4mpo,failed,not_found,1219,B872BA6804C8C6E140AE1897B44CF32B42FD2397,CCBB2D86A63075F4A2B799A36EF0338F488B0F14,9E6BA60AFBF9A4946A52770ABCDFC95703DAD6CB,2BCDDD2006A6000B8D5F6D63C7D6D200E43F8B1B,2020-08-27 04:30:07.489000,2020-08-27 04:30:08.059000
f4lwt7pa4htg4mpo,failed,not_found,1286,B872BA6804C8C6E140AE1897B44CF32B42FD2397,44BD70C13DAA7513D6F47773804178B009F21ED5,D8A2D0080B0C73E1DC0EC9F33B497F64E5FB3F52,4055CDDFF7B3F9E6A50447609A3014753A82EB26,2020-08-27 04:30:08.059000,2020-08-27 04:30:08.709000
f4lwt7pa4htg4mpo,failed,not_found,1381,B872BA6804C8C6E140AE1897B44CF32B42FD2397,91DDE492833DA13509B2ABEF3E8F6D5161153385,B13C2C569F3FD0C530B7D96E5FF7933DF7A0E834,405F35A10556611FB81CA3E5C01BF1A54F11BD4C,2020-08-27 04:30:08.709000,2020-08-27 04:30:09.677000
f4lwt7pa4htg4mpo,failed,not_found,1534,B872BA6804C8C6E140AE1897B44CF32B42FD2397,B568135C5E345BAFB080C11FDDF348E545A722E5,6A8B54FB9F79E33A307AD0319B62916504A28049,2BD1936E0B4D5BB615CF99B0CFF74EAF19426888,2020-08-27 04:30:09.678000,2020-08-27 04:30:12.495000
f4lwt7pa4htg4mpo,failed,not_found,1865,B872BA6804C8C6E140AE1897B44CF32B42FD2397,B0537CD220A60ECF8045439658A53254C0D63DCB,6940247E04C839D268543E7F62566A91E40567E3,2BE597D0A2255A4E8F44CBFB126B7A7A12A9737B,2020-08-27 04:30:12.496000,2020-08-27 04:30:13.191000
th5eiiuxz4ranqn4,failed,not_found,1199,B872BA6804C8C6E140AE1897B44CF32B42FD2397,81A1D777C023EBB1DEE9E7FA8735629BA8F7497C,224C3DD1DFF6F11219604870D48953249EE3C26F,E41B16F7DDF52EBB1DB4268AB2FE340B37AD8904,2020-08-27 04:30:07.321000,2020-08-27 04:30:08.321000
th5eiiuxz4ranqn4,failed,not_found,1336,B872BA6804C8C6E140AE1897B44CF32B42FD2397,0B25110BA3473A6DC04AB58A3A0D5E4D6922A0E0,99774357E7FD1F113F242C469D1D399D444AA51A,E3F98C86C9E01138DD8EA06B1E660A0CDB4B2782,2020-08-27 04:30:08.321000,2020-08-27 04:30:09.008000
th5eiiuxz4ranqn4,failed,not_found,1437,B872BA6804C8C6E140AE1897B44CF32B42FD2397,B7F60A81737CE635E751C5BCA67BFD20DAF2615C,91799AD097018FD5F83B70B978068FB83F72934F,E4012D3B0DFB5CB743A21C2CA41231BBA29786BB,2020-08-27 04:30:09.008000,2020-08-27 04:30:09.919000
th5eiiuxz4ranqn4,failed,not_found,1561,B872BA6804C8C6E140AE1897B44CF32B42FD2397,D965855F77A59FBBC5D1224DFB9C12A992355079,7C1BEFB5D6897981ECE52817A2D3B702A9EB30D9,D8EA105E79803FB0040A8C2A676D93DAEA2CFFF0,2020-08-27 04:30:09.919000,2020-08-27 04:30:10.531000
th5eiiuxz4ranqn4,failed,not_found,1647,B872BA6804C8C6E140AE1897B44CF32B42FD2397,1E1A7C9134637383BE653C41973995A229D81595,9288B75B5FF8861EFF32A6BE8825CC38A4F9F8C2,D8DF9660261B158A9DF6C3D7D63DD92B0FD5B9F7,2020-08-27 04:30:10.531000,2020-08-27 04:30:11.149000
th5eiiuxz4ranqn4,failed,not_found,1720,B872BA6804C8C6E140AE1897B44CF32B42FD2397,EFA2E7B073AA4CE2DAF7160F23C90DB805948F4A,881F09279F94E9AAD3DE30727DF3AD7C2CE900DF,D8E832DD333476940DD083E80230E17BC2C16F5F,2020-08-27 04:30:11.150000,2020-08-27 04:30:11.807000
cfnrzzul2g675g76,failed,not_found,1200,B872BA6804C8C6E140AE1897B44CF32B42FD2397,B86137AE9681701901C6720E55C16805B46BD8E3,CA95B3584C44DED8107AF5B3D8C25C562CC64DD4,0A9AA2C0526F1C91746256D94049DE54A7704C48,2020-08-27 04:30:07.321000,2020-08-27 04:30:08.135000
cfnrzzul2g675g76,failed,not_found,1305,B872BA6804C8C6E140AE1897B44CF32B42FD2397,0512FE6BE9CCA0ED133152E64010B2FBA141EB10,EBE718E1A49EE229071702964F8DB1F318075FF8,25C5206EE19969289F291F22B23052DA48F948A5,2020-08-27 04:30:08.135000,2020-08-27 04:30:08.688000
cfnrzzul2g675g76,failed,not_found,1374,B872BA6804C8C6E140AE1897B44CF32B42FD2397,A08B3E65331F29C960A8EB6F5D90B66A05D26CB5,901CBA6FF3B90618D3FFEFF040353C267F690DF8,25E078CD1E537A7418318168F7E1990EF2A160C8,2020-08-27 04:30:08.688000,2020-08-27 04:30:09.273000
cfnrzzul2g675g76,failed,not_found,1470,B872BA6804C8C6E140AE1897B44CF32B42FD2397,B8123550BE6A39FF7EC2D015C86755517907557E,5CE3AD8AD04ADE66C0037A3CF5F7F7A40D48A20B,0A9C43087B47C52C960EB362B79A7663C4A70BDB,2020-08-27 04:30:09.273000,2020-08-27 04:30:10.224000
cfnrzzul2g675g76,failed,not_found,1601,B872BA6804C8C6E140AE1897B44CF32B42FD2397,987D0706D42070F1E2142A9FCCB56B3887808D34,CE694BA8D019EE60D8E7838CC177E689CEA825EA,0A9771723D8DE2E015718303DCC8BCD88AFC620A,2020-08-27 04:30:10.224000,2020-08-27 04:30:11.357000
cfnrzzul2g675g76,failed,not_found,1756,B872BA6804C8C6E140AE1897B44CF32B42FD2397,F2E60DE0F39BEA826B50EB619A014ADCE9619359,4B4D7C727B603EF6777DC0BC3D169179CA977140,25F49247646F1F9C9C4B31217AE004308B271359,2020-08-27 04:30:11.357000,2020-08-27 04:30:12.495000
ph2ngrpqo6yvfal6,failed,not_found,1201,B872BA6804C8C6E140AE1897B44CF32B42FD2397,AECBAD3537B7E5D2BF2967B627D23E36283B3D2A,1C0736CF3744A3B87C2D2269B8BD3388C7E60552,01981F09AF08EB1EC69F91B31D89B6C76757620A,2020-08-27 04:30:07.321000,2020-08-27 04:30:08.135000
ph2ngrpqo6yvfal6,failed,not_found,1864,B872BA6804C8C6E140AE1897B44CF32B42FD2397,F740DDDB1A6B536B5CC47111BFE4E2F7CF9B4C28,7600899E54FA28AABB1764548ED28CDEC96673B1,01729F10A81DDD8A92D770B2133082EB56C75E26,2020-08-27 04:30:08.135000,2020-08-27 04:30:12.875000
ph2ngrpqo6yvfal6,failed,not_found,1978,B872BA6804C8C6E140AE1897B44CF32B42FD2397,CC35A0069EAD4DB32C21AA6BFE2F872FE30742FD,3E53D3979DB07EFD736661C934A1DED14127B684,E747773C61CF671A222EB913DE17DA33074A6D76,2020-08-27 04:30:12.875000,2020-08-27 04:30:13.794000
ph2ngrpqo6yvfal6,failed,not_found,2152,B872BA6804C8C6E140AE1897B44CF32B42FD2397,7FF1A673A5E1F7E9D2495A36C185B890DBD96553,061E0496931D23A81A2B685C9339D36857DD0FA1,0173A7A8BA9D32043641B69726D32A9ADFE26D16,2020-08-27 04:30:13.794000,2020-08-27 04:30:14.558000
ph2ngrpqo6yvfal6,failed,not_found,2230,B872BA6804C8C6E140AE1897B44CF32B42FD2397,B204DE75B37064EF6A4C6BAF955C5724578D0B32,44DC23661E05DEFD94398936D9334987ABCB6E5E,E75F2ACA1A18291AFE52E6BE0BAC1F805ABC1439,2020-08-27 04:30:14.558000,2020-08-27 04:30:15.098000
ph2ngrpqo6yvfal6,failed,not_found,2424,B872BA6804C8C6E140AE1897B44CF32B42FD2397,AE95BDA37A5BB4685FEBB7F06649D6CE949B5316,D123C0F8F562804693C47D68C61786023B295E98,E75ABF29D4B417D3D3565AEDAF89E4F9D16E736F,2020-08-27 04:30:15.099000,2020-08-27 04:30:15.756000
4ptm7euyvdhc26m7,failed,not_found,1202,B872BA6804C8C6E140AE1897B44CF32B42FD2397,E8BAE7393740A700D50B010DED9D9EC9A66B390D,9F688C46E0046AD2C026C18D9343252279E42535,F5B58FEE44573C3BFD7D176D918BA5B4057519D7,2020-08-27 04:30:07.321000,2020-08-27 04:30:08.611000
4ptm7euyvdhc26m7,failed,not_found,1363,B872BA6804C8C6E140AE1897B44CF32B42FD2397,9684C4D6C71131EEEF2E5C23C3EA234A684CD501,D079D6818926684C5979C18171FB18862A4A5792,F5C2EB578B9842069DE560F00F808B6BD3554E2A,2020-08-27 04:30:08.611000,2020-08-27 04:30:09.228000
4ptm7euyvdhc26m7,failed,not_found,2031,B872BA6804C8C6E140AE1897B44CF32B42FD2397,6BE9FC8A297D896B23460F2FB15EF854DFCDC98B,3E1FC6220A79BE7FB74CC9EFDC2B285FC02D56C7,C2F653A5CEE30C8D5713FA4AE7F75E992A479196,2020-08-27 04:30:09.229000,2020-08-27 04:30:14.824000
4ptm7euyvdhc26m7,failed,not_found,2348,B872BA6804C8C6E140AE1897B44CF32B42FD2397,19D353B8AA0927DF82CB26E0396C57BE27C0ACC5,CBD00958A3B897774E333D75C24E6A75F5220DCC,F5BF2C835E86DF291DC7D86DD1E1542F4887E3A7,2020-08-27 04:30:14.825000,2020-08-27 04:30:15.549000
4ptm7euyvdhc26m7,failed,not_found,2449,B872BA6804C8C6E140AE1897B44CF32B42FD2397,CC09DFB016081AD50686DAC96440BB2D6F343251,C7B5E3D50D91EF0F7B6C65A2270A22B2A7DDAC71,C2FB346ECEA48FC980AD442BADB7CD10E14E53A6,2020-08-27 04:30:15.549000,2020-08-27 04:30:19.738000
4ptm7euyvdhc26m7,failed,not_found,3420,B872BA6804C8C6E140AE1897B44CF32B42FD2397,13B2354C74CCE29815B4E1F692F2F0E86C7F13DD,49791A9C1CD16463868F407C3968A3DCF1E9DC49,C2EE40EE8451F27C2357E8B1EA1E8E6F642273EB,2020-08-27 04:30:19.738000,2020-08-27 04:30:20.883000
ieir6n55tb2vdonv,failed,not_found,1326,B872BA6804C8C6E140AE1897B44CF32B42FD2397,29A39144AD141242436D07901F7A8B91F7516A66,61FA7E7C766577D76EBABF19330993DEFA8AF3C3,101C73B188E6BAF28EE4695F1C9D76DCBC7C5AB4,2020-08-27 04:30:08.303000,2020-08-27 04:30:08.886000
ieir6n55tb2vdonv,failed,not_found,1413,B872BA6804C8C6E140AE1897B44CF32B42FD2397,EAA823552F959DFD038E9AC8FA89345A738B6C00,672A56A583C658372E63ACEB43E7F791C2819548,C414F28FD2BEC1553024299B31D4E726BEB8E788,2020-08-27 04:30:08.886000,2020-08-27 04:30:09.482000
ieir6n55tb2vdonv,failed,not_found,1523,B872BA6804C8C6E140AE1897B44CF32B42FD2397,71D15B4A7DD9FB70B0E1439F7D350B8FACCFC306,F8DE8132E599A194E20DDB738AF64A7200CD5949,C4336D75C121D306DD4FAFBE33F826AD53FAD50F,2020-08-27 04:30:09.482000,2020-08-27 04:30:11.172000
ieir6n55tb2vdonv,failed,not_found,1728,B872BA6804C8C6E140AE1897B44CF32B42FD2397,DA9E02BB8080E473157052F70439B7886AA8569D,562434D987CF49D45649B76ADCA993BEA8F78471,10231E08F19C03D5A2FE3AAD03D863ABDE2081BC,2020-08-27 04:30:11.172000,2020-08-27 04:30:11.940000
ieir6n55tb2vdonv,failed,not_found,1834,B872BA6804C8C6E140AE1897B44CF32B42FD2397,F3F3F4900B87CF4A6B4A7F9402502FC457B7B1FC,68FBE72B0D411C314EC7F272CB5B3F14C2429246,101C18886B30BB23B36CBAAD159261188852E112,2020-08-27 04:30:11.941000,2020-08-27 04:30:12.841000
ieir6n55tb2vdonv,failed,not_found,2830,B872BA6804C8C6E140AE1897B44CF32B42FD2397,B9877C7A9EAD7439C186B6B4C2885612BA379874,5DC40F5357EDF4809A9010828172072C95A73514,C41ADE229598201F913426E9C6B9647098AEE28D,2020-08-27 04:30:12.841000,2020-08-27 04:30:18.140000
n4asmfqw5vg7wnqg,failed,not_found,1330,B872BA6804C8C6E140AE1897B44CF32B42FD2397,0F89912E6A4C4A8ACE43C58FF8B83CA299BFF74F,3FE39429CB7077BBB13D2774591A1B80EE493742,B0DA07C71D8E5066C2C391EA963260B4F584D84C,2020-08-27 04:30:08.319000,2020-08-27 04:30:09.273000
n4asmfqw5vg7wnqg,failed,not_found,1469,B872BA6804C8C6E140AE1897B44CF32B42FD2397,20974D28EB668E689D4256046E0E32034375A0A2,1FC89C159EA0F96D52D8A7092BF938C509DB6984,4495DEA0FE1200E8675065F0DA58E21C93A616CA,2020-08-27 04:30:09.273000,2020-08-27 04:30:09.992000
n4asmfqw5vg7wnqg,failed,not_found,1581,B872BA6804C8C6E140AE1897B44CF32B42FD2397,03910F285A33F365838EC66EF2C2EF754D046760,E7EF73B4722CFAF0E8AA2151D3AA78701DE5F19B,B0C68DDD4265C850DC08CDE01154025E9EBEC14F,2020-08-27 04:30:09.992000,2020-08-27 04:30:10.739000
n4asmfqw5vg7wnqg,failed,not_found,1674,B872BA6804C8C6E140AE1897B44CF32B42FD2397,FE1AF5E909002134BFF834F4AD5E1DE723779002,61B2102DB3D97F16FBB359EFE86EC6887A1B3B5A,B0DB2F173F0DB364BABF7A465D796B3C048F1F33,2020-08-27 04:30:10.740000,2020-08-27 04:30:11.319000
n4asmfqw5vg7wnqg,failed,not_found,1746,B872BA6804C8C6E140AE1897B44CF32B42FD2397,F73036C92CD94D5A16DEA9E50FE4BEC2AF3DE171,F5E1B96BFE700FF8BF09DE5A02181EBB48E218F7,4488EEA8CA1674020D9FCC2A176E1FDB9606F0B3,2020-08-27 04:30:11.319000,2020-08-27 04:30:12.128000
n4asmfqw5vg7wnqg,failed,not_found,1858,B872BA6804C8C6E140AE1897B44CF32B42FD2397,A597AC866E40CAB5A67759ADE4942192E99DE684,E8BAE7393740A700D50B010DED9D9EC9A66B390D,449D8A5D4B4ECC0FBB659C14DCD712ADCC3E41DE,2020-08-27 04:30:12.128000,2020-08-27 04:30:12.713000
xwamxwfjtqfn673t,failed,not_found,1331,B872BA6804C8C6E140AE1897B44CF32B42FD2397,AC5CECEF6AF649F2A7F047D102FE9B461DA9234E,6FF440DFB1D0697B942357D747900CC308DD57CC,0E2EEC125A6AC8D5EBF5DB36B776A3DA5510E7A0,2020-08-27 04:30:08.319000,2020-08-27 04:30:08.898000
xwamxwfjtqfn673t,failed,not_found,2028,B872BA6804C8C6E140AE1897B44CF32B42FD2397,5C218453D5EACE29367D631A2A20E3259BA67255,94318CC2299A3826D81899EB23C25A2B7D6B1FFE,0DDC190D45A6C452F6814408284DDF7DA8175006,2020-08-27 04:30:08.898000,2020-08-27 04:30:14.085000
xwamxwfjtqfn673t,failed,not_found,2218,B872BA6804C8C6E140AE1897B44CF32B42FD2397,288DA2F27E30BC73FC8A84367696C9DF6B4C1B90,EC8C36BC209BA499263E93D0826046667AAC14BA,0DD04EF0B081BBFDE3082D4ECC8A63FD0022FCAF,2020-08-27 04:30:14.085000,2020-08-27 04:30:14.890000
xwamxwfjtqfn673t,failed,not_found,2377,B872BA6804C8C6E140AE1897B44CF32B42FD2397,3BADB3EFFB87534736BFAC9A2024AB78401BDBC3,EE4B332F13C3F8CCD9DCD86961B47F4AECA02CE6,1AE180250D80A692077EDA35CC8E7387A9FDF220,2020-08-27 04:30:14.890000,2020-08-27 04:30:15.739000
xwamxwfjtqfn673t,failed,not_found,2543,B872BA6804C8C6E140AE1897B44CF32B42FD2397,74B8B22AF950B0BE11D8A228FB09D2F5279FB757,AE17FAAF8F302A506AF2167666EC62882804403F,1AE039EE0B11DB79E4B4B29CBA9F752864A0259E,2020-08-27 04:30:15.739000,2020-08-27 04:30:16.375000
xwamxwfjtqfn673t,failed,not_found,2662,B872BA6804C8C6E140AE1897B44CF32B42FD2397,2CE9BE1FC88B9D0FA03F387C9E4F000B5D4B2AE9,049852A10805835E9AB2C551D6C438BE6DE8B24C,1AED1571D5FA7385AC3C25FB3E86F49E706ABD99,2020-08-27 04:30:16.375000,2020-08-27 04:30:17.056000
52echgsfdhlftr3o,failed,not_found,1332,B872BA6804C8C6E140AE1897B44CF32B42FD2397,BD3FBEC1D67C48A2583DB378B92A59C5E9AB4DA2,E88F8E72100709E226F22DF6A50365480054ECD2,F47B13BFCE4EF48CDEF6C4D7C7A99208EBB972B5,2020-08-27 04:30:08.320000,2020-08-27 04:30:09.076000
52echgsfdhlftr3o,failed,not_found,1448,B872BA6804C8C6E140AE1897B44CF32B42FD2397,16FD7E5D67B7054EE4E7FDDF04AFB48216CA640A,E5A3CA10182C35F691BCF678F193D10F4B0F972F,F4873B3EC3325B81DC36C7E38AD3A5ED12B2F339,2020-08-27 04:30:09.076000,2020-08-27 04:30:09.790000
52echgsfdhlftr3o,failed,not_found,3018,B872BA6804C8C6E140AE1897B44CF32B42FD2397,E46777C6EFB6036190EFAAD9B13EE9D0E75C5510,A39721D284AA1ED1AE87AE63523535484AA14FB5,D86BAD5ED54EBA055E796C87BE99BBC4B5A87E14,2020-08-27 04:30:09.791000,2020-08-27 04:30:19.205000
52echgsfdhlftr3o,failed,not_found,3265,B872BA6804C8C6E140AE1897B44CF32B42FD2397,7D8EBB86CF2EB560F938BEF018E1D8FD6B36B327,A1B28D636A56AAFFE92ADCCA937AA4BD5333BB4C,D82943434B24204FBF1B4B818CFEA64F205DEAC3,2020-08-27 04:30:19.206000,2020-08-27 04:30:20.353000
52echgsfdhlftr3o,failed,not_found,3591,B872BA6804C8C6E140AE1897B44CF32B42FD2397,695D811B130673C2DE8DCFC5A9E742790BD25066,55804F9D37F7B27BD0426B3CB06C64B4D0F95546,F475E5987E44A2B7B143A2BEE3F8128EEFD7E5A3,2020-08-27 04:30:20.353000,2020-08-27 04:30:21.146000
52echgsfdhlftr3o,failed,not_found,3804,B872BA6804C8C6E140AE1897B44CF32B42FD2397,EC80EECFCD599612C9A74678C8001146450141E8,5B701D5C806F91D8A3C6B3E92624727EC43E26C2,D89267FB10BF625D31FF7687AF7D12B03BBF757C,2020-08-27 04:30:21.147000,2020-08-27 04:30:21.927000
3o22hwqqegrinm27,failed,not_found,1489,B872BA6804C8C6E140AE1897B44CF32B42FD2397,11ABDB4D0B944F186A898560CB82C70439957DCA,E459E02374D0385D2E2515CBBE707EA208966BCF,8EF052033309D854D6206A4C30F17AD27C87893E,2020-08-27 04:30:09.336000,2020-08-27 04:30:10.157000
3o22hwqqegrinm27,failed,not_found,1594,B872BA6804C8C6E140AE1897B44CF32B42FD2397,0C6CA58153400FA077EABB14773E36FD61BF0D75,EFCCA5852D18207A7A93C13EF3460458CAAEA9D9,69A06CBBB6C16EEE3F1702A2413CE80F9E2906E2,2020-08-27 04:30:10.157000,2020-08-27 04:30:10.791000
3o22hwqqegrinm27,failed,not_found,1678,B872BA6804C8C6E140AE1897B44CF32B42FD2397,9EA4649400C7D35E20C734FA737CF615E925F1E4,1079E628FC6B0025656AC024F2D9975C441498CD,8EE28EAF0874AF9B03EBBD79B5EB5059E2547355,2020-08-27 04:30:10.791000,2020-08-27 04:30:11.381000
3o22hwqqegrinm27,failed,not_found,2447,B872BA6804C8C6E140AE1897B44CF32B42FD2397,AE95BDA37A5BB4685FEBB7F06649D6CE949B5316,163303F0583A1917326214379BD1AB2D286046EA,8EE44717FA55705C12086F3ECD1F8D9C8676FD05,2020-08-27 04:30:11.381000,2020-08-27 04:30:15.866000
3o22hwqqegrinm27,failed,not_found,2580,B872BA6804C8C6E140AE1897B44CF32B42FD2397,9F5068310818ED7C70B0BC4087AB55CB12CB4377,210001EE8A8E086983A3BD48F0D936996451C9CB,69C4C2CFCF6B418636976B5FFC0140A3BE211312,2020-08-27 04:30:15.866000,2020-08-27 04:30:16.622000
3o22hwqqegrinm27,failed,not_found,2717,B872BA6804C8C6E140AE1897B44CF32B42FD2397,C9B68C802CA20C3E4FA46D77153D6EDC80F13CF5,AC2275831607A95CD8B939C3B8DC466CCF48E2B9,69B53A5AE5025DA8947F7C32F69CA90375ED2A4E,2020-08-27 04:30:16.622000,2020-08-27 04:30:17.097000
ujhapszy6hgthmad,failed,not_found,1686,B872BA6804C8C6E140AE1897B44CF32B42FD2397,CDAF0B74C45FD5B1955198A8D92C8A518A53D07B,2AA5F598F9A1812F01CD99E3B59BB87362ED7438,7EAF163A3E82397A9B9557E26364CC403AB253B4,2020-08-27 04:30:09.336000,2020-08-27 04:30:12.342000
ujhapszy6hgthmad,failed,not_found,1896,B872BA6804C8C6E140AE1897B44CF32B42FD2397,7010EF5D1F61EC9CB65658239B8DDA0439E78ACB,25067168980EDB972244C49572FDAC1DC7AE5F1F,F315EF93E2CC9D9EDFB9991978AF8B4B3C942207,2020-08-27 04:30:12.343000,2020-08-27 04:30:12.958000
ujhapszy6hgthmad,failed,not_found,2000,B872BA6804C8C6E140AE1897B44CF32B42FD2397,E459E02374D0385D2E2515CBBE707EA208966BCF,5856DB884578915E7C7A0B7B11E4145B1D2A4E2B,7E7D257777019B80771C5F6FF63DB6D89AE5B067,2020-08-27 04:30:12.958000,2020-08-27 04:30:14.411000
ujhapszy6hgthmad,failed,not_found,2303,B872BA6804C8C6E140AE1897B44CF32B42FD2397,6C9F1A9CA87546159E5D4C33C78128C26DF3CECD,F94A7BAC5D1E3D9372437141E10695A625B8B533,F31C03A766FAA33B62B12105D822FFE69A3BB0E5,2020-08-27 04:30:14.411000,2020-08-27 04:30:15.038000
ujhapszy6hgthmad,failed,not_found,2408,B872BA6804C8C6E140AE1897B44CF32B42FD2397,98867F5242505A2DD581C85B1CE256090B87F138,F741E5124CB12700DA946B78C9B2DD175D6CD2A1,7E8597BB39D4C7EDC4ABF7538B6531655A2DA334,2020-08-27 04:30:15.038000,2020-08-27 04:30:15.773000
ujhapszy6hgthmad,failed,not_found,2552,B872BA6804C8C6E140AE1897B44CF32B42FD2397,1145A39EC0CE18834E67D2799E3C5D87453C5EF2,63B32F7E5389E8DBC5E1BCEFE48312DA7CCEF5D6,F34E681AF8226DEBC9135A48F61DEF9F68966BA5,2020-08-27 04:30:15.774000,2020-08-27 04:30:16.376000
6gqj5pfrvuaxyy4i,failed,not_found,1491,B872BA6804C8C6E140AE1897B44CF32B42FD2397,CA95B3584C44DED8107AF5B3D8C25C562CC64DD4,1E6B6975DA40EFCC52B23806D5704FF6D5746560,AB10D5040BCBBA912FA448B8CF2A653DC8ACDC2C,2020-08-27 04:30:09.337000,2020-08-27 04:30:09.961000
6gqj5pfrvuaxyy4i,failed,not_found,1572,B872BA6804C8C6E140AE1897B44CF32B42FD2397,81F59E8936D0B2105182E4B8200AC07D9274961F,EFCCA5852D18207A7A93C13EF3460458CAAEA9D9,BD2A34ADE4E603A272FAAD23AEF389801BB223BB,2020-08-27 04:30:09.962000,2020-08-27 04:30:10.484000
6gqj5pfrvuaxyy4i,failed,not_found,1637,B872BA6804C8C6E140AE1897B44CF32B42FD2397,A2E6BB5C391CD46B38C55B4329C35304540771F1,E96C071A67833C2C93D74F7C84C99148E15181F8,AAFF4A997543DB0D881F4F11638485B7D471FECE,2020-08-27 04:30:10.484000,2020-08-27 04:30:11.234000
6gqj5pfrvuaxyy4i,failed,not_found,1738,B872BA6804C8C6E140AE1897B44CF32B42FD2397,6B7ABD237CF25E5F787F365AF5FC4C86F0213A9F,BF37445EA2A9F3D04F4B87DFAC624AEF21B559D5,AB0CC19517476E610B86FF796B703643BFE21E89,2020-08-27 04:30:11.235000,2020-08-27 04:30:11.881000
6gqj5pfrvuaxyy4i,failed,not_found,2617,B872BA6804C8C6E140AE1897B44CF32B42FD2397,7D2595ABBB2F83E10275C0F3D2944DC580B4B55E,AE6A8C18E7499B586CD36246AC4BCAFFBBF93AB2,BD187CF1B44A84EC7DD1BC2AC9C4F7DE23D16619,2020-08-27 04:30:11.882000,2020-08-27 04:30:17.085000
6gqj5pfrvuaxyy4i,failed,not_found,2795,B872BA6804C8C6E140AE1897B44CF32B42FD2397,7E65527BBA5AF598471999BB36734CA6FE389A8C,0C93559D6D7E95B41561424345B0B176FBE66F00,BD3FBEC1D67C48A2583DB378B92A59C5E9AB4DA2,2020-08-27 04:30:17.085000,2020-08-27 04:30:18.572000
kvsegs44udsmyamd,failed,not_found,1495,B872BA6804C8C6E140AE1897B44CF32B42FD2397,E4A7CF32D1EC81521E234C8BF46384E75838A8D7,9B047A91AC809AA020A1F42E3E785DBCEBF3652F,28AA7AFE8B1EDD7D4278D2A02027E09A75B528D0,2020-08-27 04:30:09.347000,2020-08-27 04:30:09.948000
kvsegs44udsmyamd,failed,not_found,1568,B872BA6804C8C6E140AE1897B44CF32B42FD2397,CD39C258265B25EAA4ABA4FDCB2DF98104CAA362,76678E6D3663BBC4DD7AE5B3F794066C1E022AA1,6B0962E99C62CFDFCAD6D91384B11D499FCE6D46,2020-08-27 04:30:09.948000,2020-08-27 04:30:11.972000
kvsegs44udsmyamd,failed,not_found,1841,B872BA6804C8C6E140AE1897B44CF32B42FD2397,154D82D7EA5783913F107C2C0E98E217B9E04E88,D0E9CA0156E25E14E18CB1567A607F191E919BB1,28C52CDBB78DA46124DA62EC1D6796689E719210,2020-08-27 04:30:11.972000,2020-08-27 04:30:13.084000
kvsegs44udsmyamd,failed,not_found,2007,B872BA6804C8C6E140AE1897B44CF32B42FD2397,04C3468BE24740347CBCC00534C940DBCBCABC82,0F89912E6A4C4A8ACE43C58FF8B83CA299BFF74F,6B13A2C3331FB5F8B37F0AEE9341D5CF1C21F3AD,2020-08-27 04:30:13.084000,2020-08-27 04:30:13.848000
kvsegs44udsmyamd,failed,not_found,2170,B872BA6804C8C6E140AE1897B44CF32B42FD2397,F83A64E0FA85BC224807919772FE14E1BA07CEF5,2AFF47D161619E32C21B90AE7C65DC2057150294,6AE6C0AF05A3F2688CD6241FAAF5F2027E8032B0,2020-08-27 04:30:13.848000,2020-08-27 04:30:14.454000
kvsegs44udsmyamd,failed,not_found,2312,B872BA6804C8C6E140AE1897B44CF32B42FD2397,103336165A0D2EFCAD3605339843A0A7710B8B92,0E300A0942899B995AE08CEF58062BCFEB51EEDF,2935E0F03B71BE44F6F265FEF976E810BAAD6F4E,2020-08-27 04:30:14.454000,2020-08-27 04:30:15.266000
ckpjx4dse3nsw7sl,failed,not_found,1608,B872BA6804C8C6E140AE1897B44CF32B42FD2397,37C1D66559D0C7884E3D21F7DEB58C75D79B98A8,754CB99117E6ED570DFCFB7D9F12674B97A4E28E,527826EF1856C0614DE01EB40A4B97C3F7DFC6A5,2020-08-27 04:30:10.316000,2020-08-27 04:30:11.633000
ckpjx4dse3nsw7sl,failed,not_found,1790,B872BA6804C8C6E140AE1897B44CF32B42FD2397,D1B853ED27E4DFDCA3A54D3F2E269C4D94677F66,509EAB4C5D10C9A9A24B4EA0CE402C047A2D64E6,12F8E58310CF07EB3F2E9AAD6F78BCD5065D3930,2020-08-27 04:30:11.633000,2020-08-27 04:30:12.331000
ckpjx4dse3nsw7sl,failed,not_found,1892,B872BA6804C8C6E140AE1897B44CF32B42FD2397,3585FD0E06C32A8C5C29E15ECE4FB49796133CFA,1804C06A266F0DA26DF58CD559E01C2F7C3FC42A,12FD624EE73CEF37137C90D38B2406A66F68FAA2,2020-08-27 04:30:12.331000,2020-08-27 04:30:13.317000
ckpjx4dse3nsw7sl,failed,not_found,2054,B872BA6804C8C6E140AE1897B44CF32B42FD2397,F6EC46933CE8D4FAD5CCDAA8B1C5A377685FC521,3A8557B067FBE53F168BBEAA7D14D1298AE52A52,12F4C3DB1C8FE1C49FE984B02364CFB1946A8BB9,2020-08-27 04:30:13.317000,2020-08-27 04:30:14.313000
ckpjx4dse3nsw7sl,failed,not_found,2270,B872BA6804C8C6E140AE1897B44CF32B42FD2397,7ED3D8AFAC750F8CC0BDF8C87FE3BCBA2BBE2209,F07B89BC9D794F3D9342417C62FBA8F9972D04A3,529CA3EB08AD6EC1791B5110AA3540A4CFA1197F,2020-08-27 04:30:14.313000,2020-08-27 04:30:15.059000
ckpjx4dse3nsw7sl,failed,not_found,2414,B872BA6804C8C6E140AE1897B44CF32B42FD2397,FEDE31337E4E19E06B97D282F08B0A0E8B9C5526,07B35BCCF6211E6D970A015012FC9A2C676848F9,5293A831F0EF51460B37B37C239BC975C077E920,2020-08-27 04:30:15.059000,2020-08-27 04:30:15.824000
bprwiptom3b22nev,failed,not_found,1615,B872BA6804C8C6E140AE1897B44CF32B42FD2397,356ACBA2D112CA4D1457F27D2EA0759BF82EE898,71A05B576836F54050348AA0D63185B12DBA51E3,9F90783A672015D4D40F22902964B92AD0EA0C17,2020-08-27 04:30:10.328000,2020-08-27 04:30:11.118000
bprwiptom3b22nev,failed,not_found,1711,B872BA6804C8C6E140AE1897B44CF32B42FD2397,66F8C32B94D73B51A5D2FA079C6A09047C9ABA71,74AC10CA94E400BA4D69E397562597CA04FC5352,1BE46B6CB88D29BEB8E107CAE4B1277668019239,2020-08-27 04:30:11.119000,2020-08-27 04:30:11.792000
bprwiptom3b22nev,failed,not_found,1812,B872BA6804C8C6E140AE1897B44CF32B42FD2397,88748052843CC93A02BE1D9E9B5B358AB3A104AA,DD0C8EEC5CA402A9FA4478F10C31A440F71F6885,9FB2A07867929EA404667247AEE9656F3DF72447,2020-08-27 04:30:11.793000,2020-08-27 04:30:12.595000
bprwiptom3b22nev,failed,not_found,1936,B872BA6804C8C6E140AE1897B44CF32B42FD2397,3970FA79EC2752446D668ECD575354101C5E29AA,F6CD4DBF5850AC4386DD9A424918AD3C6BA2716F,1C0736CF3744A3B87C2D2269B8BD3388C7E60552,2020-08-27 04:30:12.595000,2020-08-27 04:30:13.401000
bprwiptom3b22nev,failed,not_found,2078,B872BA6804C8C6E140AE1897B44CF32B42FD2397,ED9A731373456FA071C12A3E63E2C8BEF0A6E721,62CF4982747BFDE3C0395A3894554BD8DC3C5D92,9FA8A16163FB6BDF228E45E329B0E5ACEDBD8309,2020-08-27 04:30:13.401000,2020-08-27 04:30:14.230000
bprwiptom3b22nev,failed,not_found,2240,B872BA6804C8C6E140AE1897B44CF32B42FD2397,E38CCCE275ADC46DF35FB764AA28D4EF722CFA54,60F2139EA3E06410A05CBD6E8254E60A9063AD9D,1BDBE9C0F7034E6789A9BF7BED82BE2045F0F5B7,2020-08-27 04:30:14.230000,2020-08-27 04:30:15.264000
daihq3ho57d7ts2g,failed,not_found,1619,B872BA6804C8C6E140AE1897B44CF32B42FD2397,F08A525ACA965CF6A55F0587BF4B7373D98B954E,8B64F593CAC2ED05C0FA703AEF50FF71925B569C,9FD640851514532C1CFCFF6B0240FA453B930FF7,2020-08-27 04:30:10.351000,2020-08-27 04:30:11.150000
daihq3ho57d7ts2g,failed,not_found,1724,B872BA6804C8C6E140AE1897B44CF32B42FD2397,2CE9BE1FC88B9D0FA03F387C9E4F000B5D4B2AE9,AC330D98115D6DA8A82E24469BFB03A5B365AB56,9FF43973692ABA9F600E9B17880201D09DEED19C,2020-08-27 04:30:11.150000,2020-08-27 04:30:12.145000
daihq3ho57d7ts2g,failed,not_found,1869,B872BA6804C8C6E140AE1897B44CF32B42FD2397,AC61D1722091F2FC4760776AF2C230D9DC679C03,4FF53BC47097B50DA5B68D72C5B25CC079F4A787,A016192D0A87FC9354A7523A211BBD9CF859708B,2020-08-27 04:30:12.145000,2020-08-27 04:30:12.825000
daihq3ho57d7ts2g,failed,not_found,1966,B872BA6804C8C6E140AE1897B44CF32B42FD2397,A13281DBD8F8E484E95DD273B3EE7FC14C1B0A7A,9B047A91AC809AA020A1F42E3E785DBCEBF3652F,B32B93C90DCAF0012328A8D55D621D26B186E11A,2020-08-27 04:30:12.825000,2020-08-27 04:30:13.472000
daihq3ho57d7ts2g,failed,not_found,2032,B872BA6804C8C6E140AE1897B44CF32B42FD2397,30D457317789E20449CBC12E02F5658FA23E0BEE,3547FAF7D6526BBE81CC07FACAD612A99BDD9876,B2E0F33B1A7E70F21744C3EC37B475F8EC0712E2,2020-08-27 04:30:13.472000,2020-08-27 04:30:14.080000
daihq3ho57d7ts2g,failed,not_found,2213,B872BA6804C8C6E140AE1897B44CF32B42FD2397,9EB3FD84065E5622A57EFEF14E41A01B5B99A022,3CD5F7766CF8E96FE315678B0CAC6A5B999FC47D,B3218417B7C6CF4F7ABEC98FC51ACF96D313C68F,2020-08-27 04:30:14.080000,2020-08-27 04:30:17.194000
yhjr3ue4nn7ml4jg,failed,not_found,3019,B872BA6804C8C6E140AE1897B44CF32B42FD2397,68D2ABD936233A569E2B46D6228816149A16B4FA,495B496867C84BBC92338301D924850F226E75DA,0367E1FFAB716AC3F418CFB7CBB3BDB9403CD9CB,2020-08-27 04:30:10.351000,2020-08-27 04:30:18.973000
yhjr3ue4nn7ml4jg,failed,not_found,3210,B872BA6804C8C6E140AE1897B44CF32B42FD2397,CBBA40F7D9F284F47A243EE2C081E96682741D22,D2F4DAC5918BB082A5CFAC5275B29FAC9B399B2B,0338F9F55111FE8E3570E7DE117EF3AF999CC1D7,2020-08-27 04:30:18.973000,2020-08-27 04:30:19.647000
yhjr3ue4nn7ml4jg,failed,not_found,3404,B872BA6804C8C6E140AE1897B44CF32B42FD2397,3BADB3EFFB87534736BFAC9A2024AB78401BDBC3,EAA823552F959DFD038E9AC8FA89345A738B6C00,A4E7318199A347B70E85B4C8581E608CAEDAD8AC,2020-08-27 04:30:19.647000,2020-08-27 04:30:20.965000
yhjr3ue4nn7ml4jg,failed,not_found,3738,B872BA6804C8C6E140AE1897B44CF32B42FD2397,92E7BD70682F392900E4E2CDAE8B48635E9C9BE0,3C79699D4FBC37DE1A212D5033B56DAE079AC0EF,034AA4B30F77DF0FE183602EA7F8251FF2CF1BA2,2020-08-27 04:30:20.965000,2020-08-27 04:30:22.126000
yhjr3ue4nn7ml4jg,failed,not_found,4056,B872BA6804C8C6E140AE1897B44CF32B42FD2397,C0C3CBD893296CBA045B61104F765699158FB39E,3FFDFB5A9A278C7C303745606DB5B68FC5B9FADF,A4E120350425BAD920307FFA74440F95D0172302,2020-08-27 04:30:22.126000,2020-08-27 04:30:23.800000
yhjr3ue4nn7ml4jg,failed,not_found,4344,B872BA6804C8C6E140AE1897B44CF32B42FD2397,8AAD0B090311B7A43D44FD353F32D21628C85D52,2ACEC0EB4F92729B8CA22C868545866B9529431C,A4F11D693FAB6E949B2B7C18153C3F7989896007,2020-08-27 04:30:23.800000,2020-08-27 04:30:24.597000
nyxoprn37wpuh2th,failed,not_found,1742,B872BA6804C8C6E140AE1897B44CF32B42FD2397,0F89912E6A4C4A8ACE43C58FF8B83CA299BFF74F,DBA2DBB852E06B58BAAF09BD1BE91FA30A1243C8,6A2F0C055A1CDE77741BA7D93D8FAE856C86F54C,2020-08-27 04:30:11.309000,2020-08-27 04:30:12.110000
nyxoprn37wpuh2th,failed,not_found,1854,B872BA6804C8C6E140AE1897B44CF32B42FD2397,3B953203AF332D8FE1452E1CE7CB50A3B5297DB2,4280688117CB33E2D1A07CD84DDAD3B3FC9685AF,6A2676DACAFDBD00C5B94BD343690957A12BB758,2020-08-27 04:30:12.111000,2020-08-27 04:30:12.726000
nyxoprn37wpuh2th,failed,not_found,1950,B872BA6804C8C6E140AE1897B44CF32B42FD2397,8C5B316ED73018484765C3E0944E4508DCAE0944,EE7CD2A763435C7006095BD167C790ABE5BC4DEA,6A32F74B851D283DA9B3D27EAB30C632C55385D3,2020-08-27 04:30:12.726000,2020-08-27 04:30:13.505000
nyxoprn37wpuh2th,failed,not_found,2103,B872BA6804C8C6E140AE1897B44CF32B42FD2397,7A3E534C033E3836BD5AF223B642853C502AB33A,1C0736CF3744A3B87C2D2269B8BD3388C7E60552,5368AB8D9033A357729D3578617A6493AB5DA3A8,2020-08-27 04:30:13.505000,2020-08-27 04:30:14.349000
nyxoprn37wpuh2th,failed,not_found,2275,B872BA6804C8C6E140AE1897B44CF32B42FD2397,6ED3BE22B2261258017B3F0584706265985D7AE9,790EB3E544E70809FA760DC793469FC5ABAF1E28,537DFC2019C77FF60A0A29BEF358F7F6D6C68688,2020-08-27 04:30:14.349000,2020-08-27 04:30:16.297000
nyxoprn37wpuh2th,failed,not_found,3547,B872BA6804C8C6E140AE1897B44CF32B42FD2397,4D52A12D9AD22A7E1BE5B564953A7CA9C31DA675,9E1E4F5B5F94812D02C4D18CB4086CE71CA5C614,53412DCC555335B400DB72750ED0BE08D034D779,2020-08-27 04:30:16.298000,2020-08-27 04:30:21.113000
ztwnjrqoabwb7z4n,failed,not_found,1750,B872BA6804C8C6E140AE1897B44CF32B42FD2397,F5C3DA7642BB037E0D279359AE88CD7FC03A98A0,61B2102DB3D97F16FBB359EFE86EC6887A1B3B5A,963074F6481D3F98C76D2F1A7B1FD9E1CBB4EC56,2020-08-27 04:30:11.337000,2020-08-27 04:30:12.128000
ztwnjrqoabwb7z4n,failed,not_found,1859,B872BA6804C8C6E140AE1897B44CF32B42FD2397,BFA905EA10DFD54A38A0C119FAE00182DE4C173B,C81B6B1A13CC474700D0F3FCAE9533E2BAFAC3DD,963879BB424D9A637A63105D5C26A2453C2C2272,2020-08-27 04:30:12.128000,2020-08-27 04:30:12.726000
ztwnjrqoabwb7z4n,failed,not_found,2829,B872BA6804C8C6E140AE1897B44CF32B42FD2397,A835BE6AAFF5A71D8699737588530FDE141B209E,0ED0EA324C931CF41CB5272BFB1D015B3D5772A9,18C74F4FF294C4AE9C3E1C3DC1DE47E8DC957A91,2020-08-27 04:30:12.726000,2020-08-27 04:30:18.248000
ztwnjrqoabwb7z4n,failed,not_found,3027,B872BA6804C8C6E140AE1897B44CF32B42FD2397,1804C06A266F0DA26DF58CD559E01C2F7C3FC42A,91BA193FB362FB7B6679A7A83A3050F3C44A5468,18C585E153DFBCC414B8259FE7994BA520B5EB6F,2020-08-27 04:30:18.248000,2020-08-27 04:30:19.227000
ztwnjrqoabwb7z4n,failed,not_found,3279,B872BA6804C8C6E140AE1897B44CF32B42FD2397,37A8BA9E3F05417EFE93DF626641EFF271E0A3C2,E2CF09F998248C71139B24B2C92740AEDB1C6D2A,18E9B9EF2D6BD6DEBB0F6A443CB195E041389398,2020-08-27 04:30:19.227000,2020-08-27 04:30:20.353000
ztwnjrqoabwb7z4n,failed,not_found,3598,B872BA6804C8C6E140AE1897B44CF32B42FD2397,A8D68ED61673B314CC8CD31C2275ABF1E07387CC,5184B773C183CBDE68B70E0F36FF4BA076ECA798,96275921105DC2D41B79AD75804A301738B51E47,2020-08-27 04:30:20.354000,2020-08-27 04:30:21.827000
q7vk7sfej27xrsso,failed,not_found,1751,B872BA6804C8C6E140AE1897B44CF32B42FD2397,C239952D0C8E4EABC3E6B0A8E0B623689174E3C6,A7B204645DAC7AFDB5046EF0013C5BDC2CF09456,05AD6F4906142276C606558C9C3B8876B43CD90F,2020-08-27 04:30:11.337000,2020-08-27 04:30:12.875000
q7vk7sfej27xrsso,failed,not_found,1979,B872BA6804C8C6E140AE1897B44CF32B42FD2397,56927E61B51E6F363FB55498150A6DDFCF7077F2,2D70583AFDE90C7C3D9CFF9F0C076F0C022CC29C,05B451C0562FDE23307AFA84FD6A37652E615233,2020-08-27 04:30:12.875000,2020-08-27 04:30:13.622000
q7vk7sfej27xrsso,failed,not_found,2126,B872BA6804C8C6E140AE1897B44CF32B42FD2397,8358BDDA9C9A680B4E3A2809E5C24F5B3624D5C2,390142CBD75401F37E8A77353004A05EB35B8801,7584319D0E19DAE85621223E2A22F92123EAB815,2020-08-27 04:30:13.622000,2020-08-27 04:30:15.774000
q7vk7sfej27xrsso,failed,not_found,2557,B872BA6804C8C6E140AE1897B44CF32B42FD2397,390142CBD75401F37E8A77353004A05EB35B8801,088A6237EED87EDEB0E1E3AD0A4A419F963F0787,75A931404453030821C547A4FAA9094A06C48C7A,2020-08-27 04:30:15.774000,2020-08-27 04:30:16.454000
q7vk7sfej27xrsso,failed,not_found,2686,B872BA6804C8C6E140AE1897B44CF32B42FD2397,B0B26AEDB0D1E21EA8E06530CAAD953B464286FB,AC5CECEF6AF649F2A7F047D102FE9B461DA9234E,759BB10724C622B1238184FE43773B6481B1AD43,2020-08-27 04:30:16.454000,2020-08-27 04:30:17.053000
q7vk7sfej27xrsso,failed,not_found,2780,B872BA6804C8C6E140AE1897B44CF32B42FD2397,9A38565F568FE7E540D9CBF0C421B146D15CAD95,CF1E74E9EEEAA4302B55CCA227771582DF93B42D,05C383DC813C464B7132569722BE5243A9FF735C,2020-08-27 04:30:17.054000,2020-08-27 04:30:22.126000
vsq5iqb6mvfpt3xm,failed,not_found,1752,B872BA6804C8C6E140AE1897B44CF32B42FD2397,2C7C1F00F34C205EAFED1AA6EBA9EFD26B73D07B,690C190822B240351DD1A19D0337E8373B1290E8,21B55072C00F4522857655FBB0F3E25D75A5357B,2020-08-27 04:30:11.337000,2020-08-27 04:30:12.893000
vsq5iqb6mvfpt3xm,failed,not_found,1989,B872BA6804C8C6E140AE1897B44CF32B42FD2397,7992F172EDBE69B99F0190651BAC14DD0FD9E5C8,0C6D3655763B1A3A60FC42135CD60765AFE953BA,270934A4F7B669AA387F2D475FBE793D03694547,2020-08-27 04:30:12.893000,2020-08-27 04:30:13.516000
vsq5iqb6mvfpt3xm,failed,not_found,2112,B872BA6804C8C6E140AE1897B44CF32B42FD2397,E97DAC45ED2AB46DD830A279BDCC7AFCE10EE674,3CEA56B817455E13C4B063E7D3E7726C286F7C9B,21AC6EF15C86641CE623B8A08D64144BCAC14AEC,2020-08-27 04:30:13.516000,2020-08-27 04:30:14.349000
vsq5iqb6mvfpt3xm,failed,not_found,2281,B872BA6804C8C6E140AE1897B44CF32B42FD2397,91517F219F7648E4B8BBF3C162C77DDC55315612,B143D439B72D239A419F8DCE07B8A8EB1B486FA7,271454031B99A7F5DDE486C554D40DBC4F050D29,2020-08-27 04:30:14.350000,2020-08-27 04:30:15.073000
vsq5iqb6mvfpt3xm,failed,not_found,2419,B872BA6804C8C6E140AE1897B44CF32B42FD2397,B00B6BA943600447CF72D58DB7A35B16754E43C8,6ACAB4394A94BBFFF391497143E3B49C84798672,270A22B37FD94BFE381B982206CFDF3C4C2C670C,2020-08-27 04:30:15.073000,2020-08-27 04:30:15.881000
vsq5iqb6mvfpt3xm,failed,not_found,2708,B872BA6804C8C6E140AE1897B44CF32B42FD2397,08F06A0DDAFABF9A26FCB2E392A1435F9E048216,8EB722FA1AE9DDE1914BC21FEA22819D4DE99DB4,21A183AB1F0B207B50A1E08687685A8D940C5F80,2020-08-27 04:30:15.882000,2020-08-27 04:30:17.356000
rfviykjhvukkelhs,failed,not_found,1900,B872BA6804C8C6E140AE1897B44CF32B42FD2397,F4F605AA21C4633CCB5B8DBBC1CEEE5C590C6DCE,13B2354C74CCE29815B4E1F692F2F0E86C7F13DD,6ACAB4394A94BBFFF391497143E3B49C84798672,2020-08-27 04:30:12.362000,2020-08-27 04:30:13.621000
rfviykjhvukkelhs,failed,not_found,2125,B872BA6804C8C6E140AE1897B44CF32B42FD2397,7C494B5BBC1558303DB1CFB840D980A0B4BCC324,6222334659111D99DE9D26970ACC4022B290DFD0,56DEFDD8CDE21A6FC7A45017AC3999D5255B6D2F,2020-08-27 04:30:13.622000,2020-08-27 04:30:14.645000
rfviykjhvukkelhs,failed,not_found,2334,B872BA6804C8C6E140AE1897B44CF32B42FD2397,A597AC866E40CAB5A67759ADE4942192E99DE684,74AC10CA94E400BA4D69E397562597CA04FC5352,56DCA89A6B41ADA30E891EF65FDCC071DC05079B,2020-08-27 04:30:14.645000,2020-08-27 04:30:15.738000
rfviykjhvukkelhs,failed,not_found,2542,B872BA6804C8C6E140AE1897B44CF32B42FD2397,D079D6818926684C5979C18171FB18862A4A5792,7D2595ABBB2F83E10275C0F3D2944DC580B4B55E,57071A79665F3107F6AAEEED96C6BBC40EBD1D91,2020-08-27 04:30:15.739000,2020-08-27 04:30:16.662000
rfviykjhvukkelhs,failed,not_found,2730,B872BA6804C8C6E140AE1897B44CF32B42FD2397,903044B185D293317A0CB4E7EB7FF898B076E3CB,3AE9B85D5945000C2A65F4E054171928D5BDE91E,6AD2D73B1A0A931AD792117D58A6C65EF411EBC2,2020-08-27 04:30:16.663000,2020-08-27 04:30:17.405000
rfviykjhvukkelhs,failed,not_found,2868,B872BA6804C8C6E140AE1897B44CF32B42FD2397,CAC1EEB324F8CEDAE9C432E99CE8F42DDF4CB490,924B24AFA7F075D059E8EEB284CC400B33D3D036,6AC9235F43975B26E57568B811F663491A9E2891,2020-08-27 04:30:17.406000,2020-08-27 04:30:18.419000
xdcy47nxewqempqc,failed,not_found,1901,B872BA6804C8C6E140AE1897B44CF32B42FD2397,4CD4DFFEF3971C902A22100D911CAC639BE2EF5C,16FD7E5D67B7054EE4E7FDDF04AFB48216CA640A,68EBC7615E7DE318C6B9AA530EFD6E20FDE8DF9A,2020-08-27 04:30:12.362000,2020-08-27 04:30:13.095000
xdcy47nxewqempqc,failed,not_found,2014,B872BA6804C8C6E140AE1897B44CF32B42FD2397,FA32998AF5628483D8E7B7BB0A4641D33A206A28,01384A5D9C6D34352701BF86D04E5F406CB256AE,5B701D5C806F91D8A3C6B3E92624727EC43E26C2,2020-08-27 04:30:13.095000,2020-08-27 04:30:13.755000
xdcy47nxewqempqc,failed,not_found,2139,B872BA6804C8C6E140AE1897B44CF32B42FD2397,3E04505D362AA324E6E4E1C8516CCD9EF4D41B9C,D8E8B73CEE4849D6956CF4D4F64A806AC2258FB1,5BA19B5D5AB0CB9EF8EA33DA77585B75449400B0,2020-08-27 04:30:13.755000,2020-08-27 04:30:14.387000
xdcy47nxewqempqc,failed,not_found,2298,B872BA6804C8C6E140AE1897B44CF32B42FD2397,66F8C32B94D73B51A5D2FA079C6A09047C9ABA71,573051CAA3EEEE2B75EBD096BB1F70D3FDAC5F3A,68773D3FF7B8CEFCEEFCA32AE72015E2D38C62C1,2020-08-27 04:30:14.388000,2020-08-27 04:30:14.984000
xdcy47nxewqempqc,failed,not_found,2394,B872BA6804C8C6E140AE1897B44CF32B42FD2397,43C83536DACCD110FF11E049A890064F6F87BEB2,71D15B4A7DD9FB70B0E1439F7D350B8FACCFC306,68701181F3F08C0D13E6460CFB149E010104EF03,2020-08-27 04:30:14.985000,2020-08-27 04:30:15.971000
xdcy47nxewqempqc,failed,not_found,2590,B872BA6804C8C6E140AE1897B44CF32B42FD2397,3D5D6178C44537E3692853B344385F6572A55767,A8FEC75C75C24997467B15603DBDE43D108DEE75,5B7ECD80310B35E6B95FC887E143C889CF8C2841,2020-08-27 04:30:15.971000,2020-08-27 04:30:16.576000
b7dqjronzpbx5q4y,failed,not_found,1902,B872BA6804C8C6E140AE1897B44CF32B42FD2397,8FA37B93397015B2BC5A525C908485260BE9F422,34DF8443F6ACD1A543AAA10A7621A389E31A4422,7D3307C578AD1B1D818D74E38635BDACB390A845,2020-08-27 04:30:12.362000,2020-08-27 04:30:13.860000
b7dqjronzpbx5q4y,failed,not_found,2175,B872BA6804C8C6E140AE1897B44CF32B42FD2397,128FC6D8FBF753121C5662FEE309CCD47B64BA6B,79D110419709C4B3D1F92FC3CE121B5317DBE8B3,7D31D5118D47BF86C550ABB79EDDE865EC31B67F,2020-08-27 04:30:13.861000,2020-08-27 04:30:14.468000
b7dqjronzpbx5q4y,failed,not_found,2317,B872BA6804C8C6E140AE1897B44CF32B42FD2397,625743FAF41B791AAFC2D4BF859DA4AAA2E81FE7,1A10F6E2BA45CA4A5EBAA6EF759FCBF4E8AFEEA8,F3EB1E1FF45A3CDE4E02FBD4E805D4FC37A4AD56,2020-08-27 04:30:14.468000,2020-08-27 04:30:15.212000
b7dqjronzpbx5q4y,failed,not_found,2454,B872BA6804C8C6E140AE1897B44CF32B42FD2397,A79F94117D73D4AFA4BCE340A3CB6E345C817594,855BC2DABE24C861CD887DB9B2E950424B49FC34,F3D775C73BC57640A3EB7EFAC31CFAEDD14C9C7C,2020-08-27 04:30:15.212000,2020-08-27 04:30:16.101000
b7dqjronzpbx5q4y,failed,not_found,2605,B872BA6804C8C6E140AE1897B44CF32B42FD2397,1FC89C159EA0F96D52D8A7092BF938C509DB6984,A0F39D32028CEC7F35419E9570401DE15B1B4564,7D41FED58481A0E594C642E74176C811778D91A6,2020-08-27 04:30:16.101000,2020-08-27 04:30:16.834000
b7dqjronzpbx5q4y,failed,not_found,2741,B872BA6804C8C6E140AE1897B44CF32B42FD2397,ECAA097324262B60394FE6F3CD446A66A331956E,5008E49954AC0CA0565FE8AF61D61617212ACBC7,F3DE204250CAF6A73A1AEAC8319F49E8730B8562,2020-08-27 04:30:16.835000,2020-08-27 04:30:17.756000
o3umfccvj6gjtax4,failed,not_found,1906,B872BA6804C8C6E140AE1897B44CF32B42FD2397,A07832966655991EB58B33FB602F817B83DBC771,F059C76B861B25D8F1BBDA4AD37D1B69035423EC,CF6A6080091BB210AA3892FEFE2F6A396DA08DF3,2020-08-27 04:30:12.378000,2020-08-27 04:30:12.928000
o3umfccvj6gjtax4,failed,not_found,1993,B872BA6804C8C6E140AE1897B44CF32B42FD2397,65379EED488599B0A1512E80D4743BC9125CB306,7260949459C2D4D4A5ABC3AC10C1AD6939E6525C,CF556653E704F7B619E1BBC0AE86A8E2E185A17F,2020-08-27 04:30:12.928000,2020-08-27 04:30:13.794000
o3umfccvj6gjtax4,failed,not_found,2153,B872BA6804C8C6E140AE1897B44CF32B42FD2397,C0C3CBD893296CBA045B61104F765699158FB39E,7D9C03F812241DB08ADA96635E727A2EF7879384,49CA9262801E9DC9B414A143A58A68255149367A,2020-08-27 04:30:13.794000,2020-08-27 04:30:15.823000
o3umfccvj6gjtax4,failed,not_found,2570,B872BA6804C8C6E140AE1897B44CF32B42FD2397,C38460B0B5AE443940827FF308602E5F4A12B5C4,A8D44B832F3267ABFC73F540C6C4CF0229FD7EB3,49877399DD0E82FE123148361038823368F77193,2020-08-27 04:30:15.823000,2020-08-27 04:30:16.428000
o3umfccvj6gjtax4,failed,not_found,2677,B872BA6804C8C6E140AE1897B44CF32B42FD2397,6B8F0CE8383E409C83C657D336D00B86C816A5F5,B93503D458D9FE97DE5C12D211082871D08F1284,49BC7301250F6D87BCD676DFC9AF22048F96F599,2020-08-27 04:30:16.428000,2020-08-27 04:30:18.104000
o3umfccvj6gjtax4,failed,not_found,3001,B872BA6804C8C6E140AE1897B44CF32B42FD2397,9AB93B5422149E5DFF4BE6A3814E2F6D9648DB6A,3A94EFBF4A220B35A92D0A5B4A80D6324C3C306A,CF4DB0E0480FEB1E8F59C3D774EB9275283D579D,2020-08-27 04:30:18.104000,2020-08-27 04:30:18.972000
ufb2wc5mfggymgsg,,,,,,,7674C383F7F551E065E3E95BBCFC067157546A17,2020-08-27 04:30:13.329000,
cyh4xlzknq4greus,failed,not_found,2063,B872BA6804C8C6E140AE1897B44CF32B42FD2397,0516A1A5836825F58848D47B91F47CB593B58D54,1B90395827F7499A37C73F09BC5AA0225808F6FC,085527CBD6485FD475AC983FA8683A2D9028BAA8,2020-08-27 04:30:13.345000,2020-08-27 04:30:14.202000
cyh4xlzknq4greus,failed,not_found,2235,B872BA6804C8C6E140AE1897B44CF32B42FD2397,7B22865D6868BE1F9436B45B395F03D48DD9D221,E4A7CF32D1EC81521E234C8BF46384E75838A8D7,08602BACB604139F07C9530DFC243454C48B9749,2020-08-27 04:30:14.202000,2020-08-27 04:30:15.037000
cyh4xlzknq4greus,failed,not_found,2407,B872BA6804C8C6E140AE1897B44CF32B42FD2397,AA44DDCAAF120676DC6616DF7C5DC7062AE7C208,B74DABBE248B935CDC1038CD5C9280878C8C94E7,C49E3E34591172A5340A1D37E5B4E3D0B91E0F15,2020-08-27 04:30:15.037000,2020-08-27 04:30:16.066000
cyh4xlzknq4greus,failed,not_found,2595,B872BA6804C8C6E140AE1897B44CF32B42FD2397,1DC17C4A52A458B5C8B1E79157F8665696210E10,1D702DA43D588FE9D308D3879A6F5E61BB2ECCFA,0861F4966E199C0BA9DB1D904DB4BC843508F12C,2020-08-27 04:30:16.066000,2020-08-27 04:30:16.950000
cyh4xlzknq4greus,failed,not_found,2775,B872BA6804C8C6E140AE1897B44CF32B42FD2397,459310E0C3A72CAACAE10BEEBB7484D724C9C8C0,EBB799FADD615E93CA97BE5583E5EB97DD21E10F,C49A177510CAA653DA6727BF0E07FB7F56A0F09D,2020-08-27 04:30:16.950000,2020-08-27 04:30:18.089000
cyh4xlzknq4greus,failed,not_found,2992,B872BA6804C8C6E140AE1897B44CF32B42FD2397,874D84382C892F3F61CC9E106BF08843DE0B865A,43C83536DACCD110FF11E049A890064F6F87BEB2,C46E672994B5319273714C2BAE07411CB4EF5A1F,2020-08-27 04:30:18.090000,2020-08-27 04:30:18.819000
ptvh2bewqfg4rfs3,failed,not_found,2064,B872BA6804C8C6E140AE1897B44CF32B42FD2397,92BBADCB0697F5EB1792C607EE2DC1C291A98ADC,D8380E08DEDF6C90A09EC378D1F6C1881EF79476,255CF8CC68137449DEBD443797AB3D851E3065B2,2020-08-27 04:30:13.345000,2020-08-27 04:30:14.231000
ptvh2bewqfg4rfs3,failed,not_found,2249,B872BA6804C8C6E140AE1897B44CF32B42FD2397,ACF165754601059ED2E472F893AD0FA4CAF1142D,A6C983C2F7EEADD55CE9169E540EBD95423FC260,9F29D0DD4AEB62E742BDAEEF2DFD3BDD76953403,2020-08-27 04:30:14.231000,2020-08-27 04:30:15.058000
ptvh2bewqfg4rfs3,failed,not_found,2413,B872BA6804C8C6E140AE1897B44CF32B42FD2397,761A60D0364D9AA03114F72550483287ED060B2D,4FF53BC47097B50DA5B68D72C5B25CC079F4A787,9F4AF30751F746A0000BB77CA60858CB36A7D0B8,2020-08-27 04:30:15.059000,2020-08-27 04:30:16.212000
ptvh2bewqfg4rfs3,failed,not_found,2619,B872BA6804C8C6E140AE1897B44CF32B42FD2397,5DC40F5357EDF4809A9010828172072C95A73514,856B7EFB7E09D02A29DD2FF024B7E1EFE21FE9EB,254FF480BF5642929460532FF59BCE15DF1070EB,2020-08-27 04:30:16.213000,2020-08-27 04:30:17.176000
ptvh2bewqfg4rfs3,failed,not_found,2820,B872BA6804C8C6E140AE1897B44CF32B42FD2397,DDB6F1B7A827FFDD0866BFF9BDA88D57AFB33A32,F83A64E0FA85BC224807919772FE14E1BA07CEF5,2543BCADFCBA2B5ADE83FB93194B5E9D45810532,2020-08-27 04:30:17.177000,2020-08-27 04:30:18.852000
ptvh2bewqfg4rfs3,failed,not_found,3174,B872BA6804C8C6E140AE1897B44CF32B42FD2397,7C22E89AB620E77DF1B4A33787A5EC3F2AB4A8D1,6DFEB41C04CCE846871338E85DD5ACF5CFB6C1DD,9F19251CEE17B1E05084898D164F0544CCB095DD,2020-08-27 04:30:18.852000,2020-08-27 04:30:20.280000
6q7e2xwdod7gfxwk,failed,not_found,2069,B872BA6804C8C6E140AE1897B44CF32B42FD2397,195A26A390C42A1CE9FA77D2FDC25FB65AE27D45,35513B1D2EA70649346C3C6D34F63D6982E3948A,95C8B9418E74F3FF80E5C3D3AF7F03156FFBBFBE,2020-08-27 04:30:13.367000,2020-08-27 04:30:14.699000
6q7e2xwdod7gfxwk,failed,not_found,2339,B872BA6804C8C6E140AE1897B44CF32B42FD2397,8748CD5551057308389B0AB012DE769B8FBE78AE,96E0D19D735D47039844EA83372183BB606F87B4,95EFACA18E34C260DDF749596B977402594E6739,2020-08-27 04:30:14.699000,2020-08-27 04:30:15.836000
6q7e2xwdod7gfxwk,failed,not_found,2575,B872BA6804C8C6E140AE1897B44CF32B42FD2397,A9406A006D6E7B5DA30F2C6D4E42A338B5E340B2,63B32F7E5389E8DBC5E1BCEFE48312DA7CCEF5D6,95A30F58E3DE3BE75D5CBAF7426BBF5786F2C1E3,2020-08-27 04:30:15.836000,2020-08-27 04:30:16.663000
6q7e2xwdod7gfxwk,failed,not_found,2731,B872BA6804C8C6E140AE1897B44CF32B42FD2397,C1335B1DB938644FCD54EE744D91354F94EDD1BC,B70BD334FFEE23E653B75219AE12CF0236BCFCBB,CE16FCC68A8EFB0D1D3E0F3E7BA2A4E1950266E9,2020-08-27 04:30:16.663000,2020-08-27 04:30:17.833000
6q7e2xwdod7gfxwk,failed,not_found,2935,B872BA6804C8C6E140AE1897B44CF32B42FD2397,78B8FBD7BBBED2DBF568DE5CE90345C3102152EA,EC4AD91674B5AFECCA117A396776F120651E55BF,CDFE478F8C3A26BCEAEC2A9690BCEFDEA892C6E1,2020-08-27 04:30:17.833000,2020-08-27 04:30:18.693000
6q7e2xwdod7gfxwk,failed,not_found,3123,B872BA6804C8C6E140AE1897B44CF32B42FD2397,B161E036AD43D7F8D22BA18FB612200E6A6138A0,D0273C8566CC9AECE4C762376C9B066FE0F1DADD,CE035C7946CEE68425CD2358E620E408A9C823FD,2020-08-27 04:30:18.693000,2020-08-27 04:30:19.688000
l5lm2dtyba67pcw7,failed,not_found,3021,B872BA6804C8C6E140AE1897B44CF32B42FD2397,288C100FFA656938C23F32207CAF0DA932ECD247,34979DBD475FFED9CF6556E349DDEDEE69104345,13F7EAE731CA4600951986921E08ECAB9B1D2AF6,2020-08-27 04:30:14.367000,2020-08-27 04:30:19.023000
l5lm2dtyba67pcw7,failed,not_found,4254,B872BA6804C8C6E140AE1897B44CF32B42FD2397,1CA5F7A1220A95E1A1CEAA11AC51A47FB04D5CC5,7961C9991F022C8A363FD440CA395D47DB5D44D5,13EE0E14C6A2751633138277C1443A4C37DD55D4,2020-08-27 04:30:19.024000,2020-08-27 04:30:27.847000
l5lm2dtyba67pcw7,failed,not_found,5255,B872BA6804C8C6E140AE1897B44CF32B42FD2397,F0A3054C76604DC75D3F57F55C27F1BFB643F107,F6740DEABFD5F62612FA025A5079EA72846B1F67,13D13C0ECB5DE7D9B047E21F674505C90C1E0088,2020-08-27 04:30:27.847000,2020-08-27 04:30:29.184000
l5lm2dtyba67pcw7,failed,not_found,6627,B872BA6804C8C6E140AE1897B44CF32B42FD2397,0E2EEC125A6AC8D5EBF5DB36B776A3DA5510E7A0,63540827C4832D214984EA47B7A68C593F9F862F,01CB2E297A8F586DBBCF98F028A3D1A49B0AB7BA,2020-08-27 04:30:29.184000,2020-08-27 04:30:34.524000
l5lm2dtyba67pcw7,failed,not_found,6910,B872BA6804C8C6E140AE1897B44CF32B42FD2397,26B09A4C9F6A9D4815DB46EBA3626A0ED8D71E8F,7E44E0D39CE8666A98EA5DEBCBB8E12B3906410F,01FC71C9D703E6824A4A8FEAB84BF3EC9A543FDE,2020-08-27 04:30:34.525000,2020-08-27 04:30:35.788000
l5lm2dtyba67pcw7,failed,not_found,7265,B872BA6804C8C6E140AE1897B44CF32B42FD2397,F3CEC87ED91E0B0B1D86BE4D7DE90F00B607ECAF,EAA823552F959DFD038E9AC8FA89345A738B6C00,01B70C7C497FC8667DB5EB82C40D8F9214D6A484,2020-08-27 04:30:35.788000,2020-08-27 04:30:36.686000
hrpe4ahfjjqkj2pb,failed,not_found,2287,B872BA6804C8C6E140AE1897B44CF32B42FD2397,7FA3FA525901A91A1310B817943668BC2C16289E,46A91ECF7C4F36F830E015EF484BE3B5A53B74DD,F98A70E5427BFF111640011F7AE31E537ECF1DD2,2020-08-27 04:30:14.367000,2020-08-27 04:30:15.236000
hrpe4ahfjjqkj2pb,failed,not_found,2459,B872BA6804C8C6E140AE1897B44CF32B42FD2397,8BE79CE3261C027CE94F84D6CBE45F03BE9B8B59,38DC78302D5CB107B6D5CCC02EE4D8773AA910DE,DDBB2A38252ADDA53E4492DDF982CA6CC6E10EC0,2020-08-27 04:30:15.236000,2020-08-27 04:30:16.101000
hrpe4ahfjjqkj2pb,failed,not_found,2604,B872BA6804C8C6E140AE1897B44CF32B42FD2397,127887BF5B69EFEFA0DC47FC767135E0ACAAFD9F,D53AE170BF6650A2C6640484FE1B5DD1C0AB895B,F9910CE2A3E9D467FCDD9D5228695BA1827B010D,2020-08-27 04:30:16.101000,2020-08-27 04:30:16.684000
hrpe4ahfjjqkj2pb,failed,not_found,2736,B872BA6804C8C6E140AE1897B44CF32B42FD2397,EEDF0AF1F892C82F056063827B47283CC9AEAA41,E834DB28D15508AC04BAE32F795B7781691DFAB4,F98CE40031795D3704365019EA9F8AC56AE2994B,2020-08-27 04:30:16.684000,2020-08-27 04:30:17.317000
hrpe4ahfjjqkj2pb,failed,not_found,2841,B872BA6804C8C6E140AE1897B44CF32B42FD2397,0F977B4D6EBEECD578AC838A5FDDC81B636060A7,2FD03FFE27AF20DD6B1CBE5ABEFEF7B06693D557,DDB6F1B7A827FFDD0866BFF9BDA88D57AFB33A32,2020-08-27 04:30:17.318000,2020-08-27 04:30:18.272000
hrpe4ahfjjqkj2pb,failed,not_found,3041,B872BA6804C8C6E140AE1897B44CF32B42FD2397,5047962E97AFDC89C9B9EE98322F3E4CB7BEB639,DEA98B7F9BA8B7F8A098D3939A6FE446084B48E7,DDB222D340A7376887B4D5734B8C92F40A4941C0,2020-08-27 04:30:18.272000,2020-08-27 04:30:19.206000
lq7fuhdgm6a65rod,failed,not_found,2292,B872BA6804C8C6E140AE1897B44CF32B42FD2397,483848F01C59F71F07B82A3B4B4FBF09C7CEC48C,35DBE43445BB44D817084200BA05E8A0573EDFD4,2D6C93A2336368D9A5778416FD4DDDD97FF37D40,2020-08-27 04:30:14.385000,2020-08-27 04:30:15.116000
lq7fuhdgm6a65rod,failed,not_found,2429,B872BA6804C8C6E140AE1897B44CF32B42FD2397,1E1A7C9134637383BE653C41973995A229D81595,A6C983C2F7EEADD55CE9169E540EBD95423FC260,2D63EC24CB7CA7ACFBC1439752A54A916195067D,2020-08-27 04:30:15.117000,2020-08-27 04:30:16.412000
lq7fuhdgm6a65rod,failed,not_found,2672,B872BA6804C8C6E140AE1897B44CF32B42FD2397,E8BAE7393740A700D50B010DED9D9EC9A66B390D,39AB354F12B497FCD443B85BEAB5BAF4B391CFAC,2D5D3691EB3E2A99389F8C6A06E42ABDBEB1356E,2020-08-27 04:30:16.412000,2020-08-27 04:30:17.893000
lq7fuhdgm6a65rod,failed,not_found,2948,B872BA6804C8C6E140AE1897B44CF32B42FD2397,F0BCFE7041A46C0A0175B56FB94228CCBF0DB4D0,DA4B488C2826DFBBD04D635DA1E71A2BA5B20747,1145A39EC0CE18834E67D2799E3C5D87453C5EF2,2020-08-27 04:30:17.893000,2020-08-27 04:30:18.386000
lq7fuhdgm6a65rod,failed,not_found,3078,B872BA6804C8C6E140AE1897B44CF32B42FD2397,138ED47EE2156E6492FDE0B61338D973C9717F32,2D418A89F79DB4A8E658BA549FBB974D1D22DD1A,113BEEBA400E58874EE0EB94849DEEF9564290C2,2020-08-27 04:30:18.386000,2020-08-27 04:30:19.066000
lq7fuhdgm6a65rod,failed,not_found,3244,B872BA6804C8C6E140AE1897B44CF32B42FD2397,A08B3E65331F29C960A8EB6F5D90B66A05D26CB5,A0E192213CF07EB069015E5C004B2C7EB525EF60,1137AB1F84EC2D52DFB1915717F14FF1A10EB392,2020-08-27 04:30:19.066000,2020-08-27 04:30:19.740000
jon74yz2opvqwy7x,failed,not_found,2293,B872BA6804C8C6E140AE1897B44CF32B42FD2397,F604131DCC4303E51DB876A017A3DC9684FD626B,63B32F7E5389E8DBC5E1BCEFE48312DA7CCEF5D6,CFDF99EE1923D870329F8DAE54398FD45409F01F,2020-08-27 04:30:14.386000,2020-08-27 04:30:15.117000
jon74yz2opvqwy7x,failed,not_found,2430,B872BA6804C8C6E140AE1897B44CF32B42FD2397,FE9CB0E0629636EBD8D0C71F46E387B944C01BCF,1E03D81C9744DE0E3C9DE6E6FBDF1DF9DAEA5AFC,9DA5284A51021A711ECAA677C81E5408222B9F2A,2020-08-27 04:30:15.117000,2020-08-27 04:30:17.054000
jon74yz2opvqwy7x,failed,not_found,2781,B872BA6804C8C6E140AE1897B44CF32B42FD2397,6C251FA7F45E9DEDF5F69BA3D167F6BA736F49CD,BF5C0C5D3A1C6654FEBA5FF66B00734DF073DB50,9D5A7A81BC6194555CE751F75FB196E4A3982CC5,2020-08-27 04:30:17.054000,2020-08-27 04:30:18.054000
jon74yz2opvqwy7x,failed,not_found,2983,B872BA6804C8C6E140AE1897B44CF32B42FD2397,66BD39FE805AED414ADE400CAAD862C9CC3AC34E,881F09279F94E9AAD3DE30727DF3AD7C2CE900DF,9DA672F46D0AD9BA59B2FA56A8F343D38C78BF4C,2020-08-27 04:30:18.054000,2020-08-27 04:30:18.736000
jon74yz2opvqwy7x,failed,not_found,3136,B872BA6804C8C6E140AE1897B44CF32B42FD2397,CACD9D63B759B35555D8C965A3E01071E9DFB44C,66BD39FE805AED414ADE400CAAD862C9CC3AC34E,D000291816C0D9EE531FA4DD185EC1AD80386A5A,2020-08-27 04:30:18.736000,2020-08-27 04:30:19.270000
jon74yz2opvqwy7x,failed,not_found,3291,B872BA6804C8C6E140AE1897B44CF32B42FD2397,E7882187F6FA695450719FD3738D640FBDFF5D48,7D928720EC0CB5C2AFE04DF0EBC37BD59B00EAB4,CFD34B1E1C4FE1363C39169D65389CF3856810B1,2020-08-27 04:30:19.270000,2020-08-27 04:30:20.354000
vumupui53i3ddbyq,failed,not_found,2464,B872BA6804C8C6E140AE1897B44CF32B42FD2397,1852D84B0341845F2BDC2CCBC673E9D42307A111,BF0FB582E37F738CD33C3651125F2772705BB8E8,EF09163EC3F03C2F63A865BBBF1CE5642C6595A3,2020-08-27 04:30:15.316000,2020-08-27 04:30:16.454000
vumupui53i3ddbyq,failed,not_found,2620,B872BA6804C8C6E140AE1897B44CF32B42FD2397,BFA905EA10DFD54A38A0C119FAE00182DE4C173B,B74DABBE248B935CDC1038CD5C9280878C8C94E7,EEFFC0D532AB63BB3E9CAEADA822971F6D3AE8D6,2020-08-27 04:30:16.454000,2020-08-27 04:30:16.886000
vumupui53i3ddbyq,failed,not_found,2754,B872BA6804C8C6E140AE1897B44CF32B42FD2397,3BAACE149DB31574B327BF835B594B707D12CD58,F3F3F4900B87CF4A6B4A7F9402502FC457B7B1FC,EF1A9BE231A6C3AC94B9E2BFC86990B16C923A45,2020-08-27 04:30:16.886000,2020-08-27 04:30:17.724000
vumupui53i3ddbyq,failed,not_found,2906,B872BA6804C8C6E140AE1897B44CF32B42FD2397,7B28971D4A29995784E3066B9D87E42E9C685F3A,A2CD32D9D0668DB764AD68C745CE29693CA851B9,A68097FE97D3065B1A6F4CE7187D753F8B8513F5,2020-08-27 04:30:17.725000,2020-08-27 04:30:18.607000
vumupui53i3ddbyq,failed,not_found,3022,B872BA6804C8C6E140AE1897B44CF32B42FD2397,1944F3A473CB77B12BDB4E3D15963A24DF58E4E7,AC61D1722091F2FC4760776AF2C230D9DC679C03,A66E5782FE6097D2824044466776FE912AEFD85B,2020-08-27 04:30:18.608000,2020-08-27 04:30:19.505000
vumupui53i3ddbyq,failed,not_found,3375,B872BA6804C8C6E140AE1897B44CF32B42FD2397,1CD48F4ED0F1821FFBF1940802A13EEFD4C27502,61B2102DB3D97F16FBB359EFE86EC6887A1B3B5A,A678DA60A6C7CB746553430D84AF45272ECDDA95,2020-08-27 04:30:19.506000,2020-08-27 04:30:20.502000
mkahwrvbhw5kkzux,failed,not_found,2469,B872BA6804C8C6E140AE1897B44CF32B42FD2397,0CDCB20FF6800D8AFC90504B85C0551305F2FFE8,E5112BD6D068483F705B58D25254CA81430BC444,CA29603FE2143C9BF06AFE76AB5D7940194271C1,2020-08-27 04:30:15.345000,2020-08-27 04:30:16.508000
mkahwrvbhw5kkzux,failed,not_found,2695,B872BA6804C8C6E140AE1897B44CF32B42FD2397,01384A5D9C6D34352701BF86D04E5F406CB256AE,CD052DE28C5C790D043C96571A5E66B3C2ACDBEF,F5C2EB578B9842069DE560F00F808B6BD3554E2A,2020-08-27 04:30:16.508000,2020-08-27 04:30:17.374000
mkahwrvbhw5kkzux,failed,not_found,2858,B872BA6804C8C6E140AE1897B44CF32B42FD2397,AE95BDA37A5BB4685FEBB7F06649D6CE949B5316,BAE58EF7F58C11DAFD81C9EDD10EB74150AF3CFE,CA4DF2B63A43080C57CF9A561D4A155F97EC5A4F,2020-08-27 04:30:17.374000,2020-08-27 04:30:18.104000
mkahwrvbhw5kkzux,failed,not_found,3006,B872BA6804C8C6E140AE1897B44CF32B42FD2397,599A708756048993A1029B2775EEF8C9E40BB640,B0DB2F173F0DB364BABF7A465D796B3C048F1F33,F5BF2C835E86DF291DC7D86DD1E1542F4887E3A7,2020-08-27 04:30:18.104000,2020-08-27 04:30:18.765000
mkahwrvbhw5kkzux,failed,not_found,3148,B872BA6804C8C6E140AE1897B44CF32B42FD2397,7D31D5118D47BF86C550ABB79EDDE865EC31B67F,A08B3E65331F29C960A8EB6F5D90B66A05D26CB5,C9FAA93525ACE580BDB03ABC662ED2045262BD89,2020-08-27 04:30:18.765000,2020-08-27 04:30:19.556000
mkahwrvbhw5kkzux,failed,not_found,3391,B872BA6804C8C6E140AE1897B44CF32B42FD2397,33AA6CFE161A698169B548C9D973DAE6DED6BF0E,B143D439B72D239A419F8DCE07B8A8EB1B486FA7,F5B58FEE44573C3BFD7D176D918BA5B4057519D7,2020-08-27 04:30:19.557000,2020-08-27 04:30:20.205000
uvfffbuxm6l6ax4q,failed,not_found,3271,B872BA6804C8C6E140AE1897B44CF32B42FD2397,F3F3F4900B87CF4A6B4A7F9402502FC457B7B1FC,F9246DEF2B653807236DA134F2AEAB103D58ABFE,8275CE20C53D79EC51CA87292E7FC58F238F100C,2020-08-27 04:30:15.345000,2020-08-27 04:30:20.106000
uvfffbuxm6l6ax4q,failed,not_found,3509,B872BA6804C8C6E140AE1897B44CF32B42FD2397,A29D2A78A8A954819E220CEFBEBCE95D2FCFA54D,22775B953E662151549C114CB8EE5FBDBCBDAD02,82969EAB7C94D76D62C4E48F3471A08D71889692,2020-08-27 04:30:20.106000,2020-08-27 04:30:20.927000
uvfffbuxm6l6ax4q,failed,not_found,3732,B872BA6804C8C6E140AE1897B44CF32B42FD2397,509EAB4C5D10C9A9A24B4EA0CE402C047A2D64E6,461453F94FA0E3CBB011685E22CDAFD2AF0DFDC3,872B18761953254914F77C71846E8A2623C52591,2020-08-27 04:30:20.927000,2020-08-27 04:30:21.441000
uvfffbuxm6l6ax4q,failed,not_found,3857,B872BA6804C8C6E140AE1897B44CF32B42FD2397,8A7742ADFF91823A1A35FA11D18C4E3A50FA12A7,0B25110BA3473A6DC04AB58A3A0D5E4D6922A0E0,86FBA753C8D25653E086B98FFF8AA084F862DB67,2020-08-27 04:30:21.441000,2020-08-27 04:30:22.174000
uvfffbuxm6l6ax4q,failed,not_found,4043,B872BA6804C8C6E140AE1897B44CF32B42FD2397,BBD8F4DF8FF5C69A6A989DB8C1EE2CA7ADFE0755,F83A64E0FA85BC224807919772FE14E1BA07CEF5,828112B80D28A92311A8C6C7CCF369B316C40744,2020-08-27 04:30:22.174000,2020-08-27 04:30:23.690000
uvfffbuxm6l6ax4q,failed,not_found,4333,B872BA6804C8C6E140AE1897B44CF32B42FD2397,B1080EA61CAF5763139E7B596F37FE9830311C8F,04DFE047ACDF7A6620ACA782FAFC5EF1AE7F4754,870E97E5846D8308EA469A5BB5A50D2838503DBE,2020-08-27 04:30:23.690000,2020-08-27 04:30:26.152000
tbx6imw46ktemkhz,failed,not_found,2471,B872BA6804C8C6E140AE1897B44CF32B42FD2397,ECD596275BBD4B19157001E84C5726DB44783DA5,8111FEB45EF2950EB8F84BFD8FF070AB07AEE9DD,D31126E12AADE87EBE1BBA825B67CB203D7B4D8C,2020-08-27 04:30:15.346000,2020-08-27 04:30:17.710000
tbx6imw46ktemkhz,failed,not_found,2901,B872BA6804C8C6E140AE1897B44CF32B42FD2397,CACD9D63B759B35555D8C965A3E01071E9DFB44C,2F69F8C4DC02DD15A39BFDB4078A791D89ECEAA2,A838296B9F01A9E2487BC3A25D5E5F2FB8A979FA,2020-08-27 04:30:17.710000,2020-08-27 04:30:18.368000
tbx6imw46ktemkhz,failed,not_found,3067,B872BA6804C8C6E140AE1897B44CF32B42FD2397,32EE911D968BE3E016ECA572BB1ED0A9EE43FC2F,5CCC3569C67B7F1BB733664D43DF4645F2A4B04D,D2FD7B07B2E183C51E07BA24D3AE283735026DBF,2020-08-27 04:30:18.368000,2020-08-27 04:30:19.336000
tbx6imw46ktemkhz,failed,not_found,3313,B872BA6804C8C6E140AE1897B44CF32B42FD2397,22E6FBDB8D77B4C0FA017D6C5F9B45BECDCBCFF8,D76E1FDC7A3D899282BB882F74111B36A6D14B64,A8610EDC749A3818A3D5325419B35483B4DEBF45,2020-08-27 04:30:19.336000,2020-08-27 04:30:20.520000
tbx6imw46ktemkhz,failed,not_found,3627,B872BA6804C8C6E140AE1897B44CF32B42FD2397,3BADB3EFFB87534736BFAC9A2024AB78401BDBC3,71D15B4A7DD9FB70B0E1439F7D350B8FACCFC306,D2CCA8FA2B5EE7953A778584B0F9548BDF350770,2020-08-27 04:30:20.520000,2020-08-27 04:30:21.891000
tbx6imw46ktemkhz,failed,not_found,3972,B872BA6804C8C6E140AE1897B44CF32B42FD2397,963879BB424D9A637A63105D5C26A2453C2C2272,EBB50442D1D826DBE9C61A9EE5E0A2CE44DD989A,A86EC24F5B8B964F67AC7C27CE92842025983274,2020-08-27 04:30:21.891000,2020-08-27 04:30:22.690000
ravfx6mej7332ifj,failed,not_found,2650,B872BA6804C8C6E140AE1897B44CF32B42FD2397,7600899E54FA28AABB1764548ED28CDEC96673B1,648E97719EDEC4F0E08F1CEB8D24F2C8F587344C,8F5ACB40B42628045E6D8CA4CB103CDAEB112A3E,2020-08-27 04:30:16.352000,2020-08-27 04:30:17.191000
ravfx6mej7332ifj,failed,not_found,2825,B872BA6804C8C6E140AE1897B44CF32B42FD2397,9DA7A978928C48B4DD50E397FE2F3C4110EA3576,9AB93B5422149E5DFF4BE6A3814E2F6D9648DB6A,D0F09FA43F68E134B9E56743797D040F647174D1,2020-08-27 04:30:17.191000,2020-08-27 04:30:18.386000
ravfx6mej7332ifj,failed,not_found,3077,B872BA6804C8C6E140AE1897B44CF32B42FD2397,74AC10CA94E400BA4D69E397562597CA04FC5352,7158836DCC91AAA4FAA293FFF0F645DCD0D4EFF9,D0F2882D84450F47C3FC922D5F6A262AB1395D6D,2020-08-27 04:30:18.386000,2020-08-27 04:30:19.486000
ravfx6mej7332ifj,failed,not_found,3273,B872BA6804C8C6E140AE1897B44CF32B42FD2397,38E48C9509E18F405749859EEF299EBC1B829602,9AB93B5422149E5DFF4BE6A3814E2F6D9648DB6A,8F7E120C1D4371FEA19E3C158C180D7DE4EE505C,2020-08-27 04:30:19.486000,2020-08-27 04:30:19.901000
ravfx6mej7332ifj,failed,not_found,3442,B872BA6804C8C6E140AE1897B44CF32B42FD2397,3CCF9573F59137E52787D9C322AC19D2BD090B70,E6C04728E9339DF22F331B7017D4A7AA3F252F0B,D10B9112E59DEAA4C6FA507521E61EB86D2C2A7E,2020-08-27 04:30:19.901000,2020-08-27 04:30:20.736000
ravfx6mej7332ifj,failed,not_found,3674,B872BA6804C8C6E140AE1897B44CF32B42FD2397,6B1F12BF968F4FDF75978E348296D3F78A8DC8B8,027DCCAAA0AAC0B3F79238E60DBCBE7B5B2E4BAC,8F89078575FEE57675A922E9E088918F63AC750C,2020-08-27 04:30:20.736000,2020-08-27 04:30:21.633000
kajd4xq6ga4b3dki,failed,not_found,2651,B872BA6804C8C6E140AE1897B44CF32B42FD2397,03910F285A33F365838EC66EF2C2EF754D046760,7DB8443AE29FBC450D34E55FA914F42BF929EE49,BBD1B1A22695396C75DFF338A8FF7A12804A607A,2020-08-27 04:30:16.352000,2020-08-27 04:30:17.565000
kajd4xq6ga4b3dki,failed,not_found,2832,B872BA6804C8C6E140AE1897B44CF32B42FD2397,7272FA27A7F99E88D59BE2018E3F14FB88BF9786,2ACEC0EB4F92729B8CA22C868545866B9529431C,FDAED15C98CFE7A416E5676F614254F78406105C,2020-08-27 04:30:17.565000,2020-08-27 04:30:17.975000
kajd4xq6ga4b3dki,failed,not_found,2962,B872BA6804C8C6E140AE1897B44CF32B42FD2397,DD0C8EEC5CA402A9FA4478F10C31A440F71F6885,5E7467C0E00AB25C56E0887271FEE69DFC1306CD,FDAF57C097E8CB0110B5B0869598C4819F9005F6,2020-08-27 04:30:17.975000,2020-08-27 04:30:18.712000
kajd4xq6ga4b3dki,failed,not_found,3129,B872BA6804C8C6E140AE1897B44CF32B42FD2397,3DC748C2DFF1F8E9DA5626BB3CBAAFF31D706C10,C013F6A7A2297FA4CD00D05EF4A1C5222B844B25,BBDE12C320FD1C3FFBEC15202F46D5620FC1444E,2020-08-27 04:30:18.712000,2020-08-27 04:30:20.540000
kajd4xq6ga4b3dki,failed,not_found,3633,B872BA6804C8C6E140AE1897B44CF32B42FD2397,63540827C4832D214984EA47B7A68C593F9F862F,327F5823438B8EC86EC33355C147D8455AB1C14B,FD7ED9F4871E2EC46035FC602960EACC32E08FF8,2020-08-27 04:30:20.540000,2020-08-27 04:30:21.086000
kajd4xq6ga4b3dki,failed,not_found,3785,B872BA6804C8C6E140AE1897B44CF32B42FD2397,8ABC4D5F6182C7E79B087D1ED9E5CF652C83E52C,863FDDA3CA537CE03646B3AEBD3FD1CC6B077FBE,BBD9BAE1130F9F33F2F8449A2ED67F9A36853863,2020-08-27 04:30:21.087000,2020-08-27 04:30:21.787000
7rqikmp3w4lwexnn,failed,not_found,2660,B872BA6804C8C6E140AE1897B44CF32B42FD2397,014E24C0CD21D2B9829E841D5EC1D3C415F866BF,47F9D1E0155089917FFA734EF759089326C3761A,46A4E56C9CA59A3B07FD1DFE9891194E0C8FD6F0,2020-08-27 04:30:16.375000,2020-08-27 04:30:18.385000
7rqikmp3w4lwexnn,failed,not_found,3072,B872BA6804C8C6E140AE1897B44CF32B42FD2397,6EEADF83B927422B8DC37EBD5EF5B89FCA402943,6FB20BB05A841CDDB308E85A4D117FCFC911F5EA,469305AE56D9F446468E8BE8780219EED54EEF25,2020-08-27 04:30:18.385000,2020-08-27 04:30:19.286000
7rqikmp3w4lwexnn,failed,not_found,3297,B872BA6804C8C6E140AE1897B44CF32B42FD2397,3F3E911D64F8DED71208D614782ABED41F4D7A0D,855BC2DABE24C861CD887DB9B2E950424B49FC34,46A91ECF7C4F36F830E015EF484BE3B5A53B74DD,2020-08-27 04:30:19.286000,2020-08-27 04:30:20.016000
7rqikmp3w4lwexnn,failed,not_found,3478,B872BA6804C8C6E140AE1897B44CF32B42FD2397,3239007CE1FB2ECDFDF2067DF23B949295DC5EF6,CF556653E704F7B619E1BBC0AE86A8E2E185A17F,5C5D61F279AA0816F506FD5CE86C30F256291DDE,2020-08-27 04:30:20.016000,2020-08-27 04:30:20.927000
7rqikmp3w4lwexnn,failed,not_found,3731,B872BA6804C8C6E140AE1897B44CF32B42FD2397,B96B5141004995295FE87DCCE1A54519BD0BB48A,BAE58EF7F58C11DAFD81C9EDD10EB74150AF3CFE,5C818A86C30F51951EA054E0730DF62E4F35E964,2020-08-27 04:30:20.927000,2020-08-27 04:30:21.927000
7rqikmp3w4lwexnn,failed,not_found,3984,B872BA6804C8C6E140AE1897B44CF32B42FD2397,03910F285A33F365838EC66EF2C2EF754D046760,5FC90D97A28A0F2A7F81F23A786CCA2A31BE8601,5C6384C5CA8FA5C39760E8921010CBCCC65FB222,2020-08-27 04:30:21.927000,2020-08-27 04:30:22.967000
xoq4k54jtyp664ol,failed,not_found,2661,B872BA6804C8C6E140AE1897B44CF32B42FD2397,C63110BDD8736D2C2A733FF962F58D58FDE63A2D,4F0DB7E687FC7C0AE55C8F243DA8B0EB27FBF1F2,4CFE65E16DBE9D9ED0CFFBD9BEEEE4EAE50CD33F,2020-08-27 04:30:16.375000,2020-08-27 04:30:17.392000
xoq4k54jtyp664ol,failed,not_found,2863,B872BA6804C8C6E140AE1897B44CF32B42FD2397,F6740DEABFD5F62612FA025A5079EA72846B1F67,AEF6C1FBA0FC16F4931638BF065085B974D3E90F,488E663B4A88C12E6DE6C12F7A6053F09BF7A61A,2020-08-27 04:30:17.392000,2020-08-27 04:30:18.292000
xoq4k54jtyp664ol,failed,not_found,3046,B872BA6804C8C6E140AE1897B44CF32B42FD2397,38471394F06B2B86404768193C929313962FDC2F,8BE79CE3261C027CE94F84D6CBE45F03BE9B8B59,4D02D27C88E1BEE726D3C44C7BD7843C0E92ADB2,2020-08-27 04:30:18.292000,2020-08-27 04:30:18.988000
xoq4k54jtyp664ol,failed,not_found,3216,B872BA6804C8C6E140AE1897B44CF32B42FD2397,8C5B316ED73018484765C3E0944E4508DCAE0944,B32B93C90DCAF0012328A8D55D621D26B186E11A,48D934E776B739D38F9EAFDCFD85203C6A68A67B,2020-08-27 04:30:18.988000,2020-08-27 04:30:19.626000
xoq4k54jtyp664ol,failed,not_found,3397,B872BA6804C8C6E140AE1897B44CF32B42FD2397,3F65766ADE067D9D08920E3B74DAB9040EDD26B2,7ED3D8AFAC750F8CC0BDF8C87FE3BCBA2BBE2209,489606DA64FD4B68A76C49386298695E6C30B5E2,2020-08-27 04:30:19.626000,2020-08-27 04:30:20.204000
xoq4k54jtyp664ol,failed,not_found,3542,B872BA6804C8C6E140AE1897B44CF32B42FD2397,3A9443710224E5182895C342D1D36C1D460A1206,91517F219F7648E4B8BBF3C162C77DDC55315612,4D04F9851D460F3D47CE74A1756A34441D0BFFAF,2020-08-27 04:30:20.204000,2020-08-27 04:30:20.883000
sbitr23xzqaai77k,failed,not_found,2846,B872BA6804C8C6E140AE1897B44CF32B42FD2397,0C3D5E19E3C75B505C8ACD26F89DCA2DF970553E,55580D71B317A072F4A4DCF6EA4EDB015734AEE7,94EC34B871936504BE70671B44760BC99242E1F3,2020-08-27 04:30:17.335000,2020-08-27 04:30:18.736000
sbitr23xzqaai77k,failed,not_found,3137,B872BA6804C8C6E140AE1897B44CF32B42FD2397,86CDD0D92AB972538416A382D99666736CDDF141,061E0496931D23A81A2B685C9339D36857DD0FA1,94B710C41B9E8FB592D0916E71B5A89FF4995996,2020-08-27 04:30:18.737000,2020-08-27 04:30:19.768000
sbitr23xzqaai77k,failed,not_found,3426,B872BA6804C8C6E140AE1897B44CF32B42FD2397,4E98AA295B7171996D18DD1F6A19F64AB4036B4A,EE7CD2A763435C7006095BD167C790ABE5BC4DEA,94F16DA2BDDBA092954FF8EC29F9234A69949403,2020-08-27 04:30:19.768000,2020-08-27 04:30:20.409000
sbitr23xzqaai77k,failed,not_found,3611,B872BA6804C8C6E140AE1897B44CF32B42FD2397,8A00CE9638BDB4686B91F1F0B229DB3F8C9B8415,CBB5AE37E2927A915D70FA71572D2EA203F03E83,65A90AB81C44DD7D9B73B5529B1151798534AF74,2020-08-27 04:30:20.409000,2020-08-27 04:30:21.476000
sbitr23xzqaai77k,failed,not_found,3863,B872BA6804C8C6E140AE1897B44CF32B42FD2397,24E1C6412183972BFD76D838AC04D1ED261743D3,A751D8BEE222564B7BA657F74B6658836FF1AEEA,659C3A63E5D848EB0973DFE1AFE214A6C74AFDDD,2020-08-27 04:30:21.477000,2020-08-27 04:30:22.093000
sbitr23xzqaai77k,failed,not_found,4017,B872BA6804C8C6E140AE1897B44CF32B42FD2397,A4CC83BC0259D1E8BA05667DF7FF5648F725CF3E,EBE76802D098FF6FA226F60C2D0B0C098F367AF1,65888719E2F619E6198F1045A93AF0176C05354D,2020-08-27 04:30:22.093000,2020-08-27 04:30:23.251000
nyiibjiatqm2khvj,failed,not_found,2851,B872BA6804C8C6E140AE1897B44CF32B42FD2397,F5F4019509109A07E90C45A022CEED9ECA1643C8,3033FD18BBD658C5ECE926FB17D2269BFE337358,D426B3F7FF144AAE24AECD72ED96820DDB338055,2020-08-27 04:30:17.356000,2020-08-27 04:30:18.605000
nyiibjiatqm2khvj,,,,,,,02ED4F8DB11F1303BA21B16AA1CF2A0A48547ACA,2020-08-27 04:30:18.606000,
7ljgjvjmlhgau6zs,failed,not_found,2852,B872BA6804C8C6E140AE1897B44CF32B42FD2397,F6740DEABFD5F62612FA025A5079EA72846B1F67,D49D0071D9236EFC6AC527292894A5A2143F815D,06ABFC513FA71C7EE423DCC6ABF80F6B4A2FC1AC,2020-08-27 04:30:17.356000,2020-08-27 04:30:18.271000
7ljgjvjmlhgau6zs,failed,not_found,3032,B872BA6804C8C6E140AE1897B44CF32B42FD2397,AAFFA68AB61238F9044B6ECBA62E25264113EB88,7FF1A673A5E1F7E9D2495A36C185B890DBD96553,06BBEAA6F73759A1795EB461D39D2AA168F305D1,2020-08-27 04:30:18.271000,2020-08-27 04:30:19.038000
7ljgjvjmlhgau6zs,failed,not_found,3238,B872BA6804C8C6E140AE1897B44CF32B42FD2397,7D4261853A5CC5E96C8886391919FF2DA02A5801,B411027C926A9BFFCF7DA91E3CAF1856A321EFFD,819F0B4CF49043EA1E602AB2EFF53FDB419D8DF6,2020-08-27 04:30:19.039000,2020-08-27 04:30:20.107000
7ljgjvjmlhgau6zs,failed,not_found,3515,B872BA6804C8C6E140AE1897B44CF32B42FD2397,50586E25BE067FD1F739998550EDDCB1A14CA5B2,070229A4CC2CFFB24EB667298A7DB5E8D11EB701,06B308F54B4A779D74B30536964182A09C08AB8F,2020-08-27 04:30:20.107000,2020-08-27 04:30:21.033000
7ljgjvjmlhgau6zs,failed,not_found,3767,B872BA6804C8C6E140AE1897B44CF32B42FD2397,795790C25BDE834B836EA54DD96DB2610829573B,6DFEB41C04CCE846871338E85DD5ACF5CFB6C1DD,819C8AFEDAC733315A8F3DB80F043F13090C49F6,2020-08-27 04:30:21.033000,2020-08-27 04:30:21.551000
7ljgjvjmlhgau6zs,failed,not_found,3879,B872BA6804C8C6E140AE1897B44CF32B42FD2397,3E53D3979DB07EFD736661C934A1DED14127B684,CA95B3584C44DED8107AF5B3D8C25C562CC64DD4,81A1D777C023EBB1DEE9E7FA8735629BA8F7497C,2020-08-27 04:30:21.551000,2020-08-27 04:30:22.302000
dmy6poy6tbgtn6b2,failed,not_found,2853,B872BA6804C8C6E140AE1897B44CF32B42FD2397,EAA823552F959DFD038E9AC8FA89345A738B6C00,F6D600CF13B3BBE2A91A0653F1EC9D00E7CB3A6B,89FF4A0818D8BE9F8B71338D96A6B854F77F9FEC,2020-08-27 04:30:17.356000,2020-08-27 04:30:17.940000
dmy6poy6tbgtn6b2,failed,not_found,2957,B872BA6804C8C6E140AE1897B44CF32B42FD2397,34B84952AFCDB00444F27805A5EDEF5F7DD549C7,465D17C6FC297E3857B5C6F152006A1E212944EA,8A136F5D0DACBBB6D8537DA4A806C44EF7E9037B,2020-08-27 04:30:17.940000,2020-08-27 04:30:18.736000
dmy6poy6tbgtn6b2,failed,not_found,3135,B872BA6804C8C6E140AE1897B44CF32B42FD2397,AF77AA5BD924319510F99B30CD0932D32B01B5C5,AA44DDCAAF120676DC6616DF7C5DC7062AE7C208,FD709DBF3AF5DDE2812BCE5A5CA2FBB733DEF520,2020-08-27 04:30:18.736000,2020-08-27 04:30:19.647000
dmy6poy6tbgtn6b2,failed,not_found,3403,B872BA6804C8C6E140AE1897B44CF32B42FD2397,438E8C214576AF13480A550D45C116F43333C319,DC9564AE8BC7BF5F722E3677C897ED1B578C8D81,FD449127D30D8F5D124653D9EF736EDF4A12B4DC,2020-08-27 04:30:19.647000,2020-08-27 04:30:21.086000
dmy6poy6tbgtn6b2,failed,not_found,3784,B872BA6804C8C6E140AE1897B44CF32B42FD2397,79C674E6C1AC90687CCCF644D24C17AC1E535A3C,7ABA39F796B24333F85FA500A057DE9D700E1534,FD47FA4A74C2BA062EC731286930B97FA873A7D6,2020-08-27 04:30:21.086000,2020-08-27 04:30:22.125000
dmy6poy6tbgtn6b2,failed,not_found,4023,B872BA6804C8C6E140AE1897B44CF32B42FD2397,DF7AA16E1A6037C5FCBB4DED4F3A6CD262CA3799,CDAF0B74C45FD5B1955198A8D92C8A518A53D07B,89FD4FB2A5FD73B50F2E5D85C4707883F8CD5130,2020-08-27 04:30:22.125000,2020-08-27 04:30:22.720000
464x27bkttr6gakd,failed,not_found,4054,B872BA6804C8C6E140AE1897B44CF32B42FD2397,FC30F566E7B50D9C6ED6BB86DA4BF4B07AD52DE5,FD79B7F9230858B48E75F389661840C702511078,D4991BF14BF7D4BB684E56AB02A44A6CA6391606,2020-08-27 04:30:18.343000,2020-08-27 04:30:23.058000
464x27bkttr6gakd,failed,not_found,4221,B872BA6804C8C6E140AE1897B44CF32B42FD2397,7CD234DFEFE8F215EC9AE2BC1D2CAFC9E0D1CC00,C3799054BC7F0D201FB7C0F9DE31BF1F3D868A37,D48DC22A810BF47E66C678A63AA54715DD3E9879,2020-08-27 04:30:23.058000,2020-08-27 04:30:24.272000
464x27bkttr6gakd,failed,not_found,4439,B872BA6804C8C6E140AE1897B44CF32B42FD2397,BABBE7B67010279491A1A0B5CF201B85EDB3D8DA,883F49ECDF48809308C0E5409E5A264B94050140,B22A56D8AE494A20CA0EB8457F3CAC54FC99ACCE,2020-08-27 04:30:24.272000,2020-08-27 04:30:25.008000
464x27bkttr6gakd,failed,not_found,4615,B872BA6804C8C6E140AE1897B44CF32B42FD2397,2E414CD28823B5AEB51FD172AA0EE3E9EB9BCA90,74AC10CA94E400BA4D69E397562597CA04FC5352,D49B7658B826E507CC138AEEFCD6135B321C096D,2020-08-27 04:30:25.009000,2020-08-27 04:30:26.648000
464x27bkttr6gakd,failed,not_found,4954,B872BA6804C8C6E140AE1897B44CF32B42FD2397,B849824F8FCD7AEB130DF356F592BA40C686CA08,99339F3E68BCCC1391BF14C821D80766FE0C5956,B22169DDB936E4CF4B8C81E9514BD05658466974,2020-08-27 04:30:26.649000,2020-08-27 04:30:27.766000
464x27bkttr6gakd,failed,not_found,5123,B872BA6804C8C6E140AE1897B44CF32B42FD2397,88A18960AF7735FD4489374AC411FBBFE9743A20,D14EC16949648CEE84EA1664445029EA4B597074,B22228717E3EA0FBAC5DE92C205F85A9D68E5D70,2020-08-27 04:30:27.767000,2020-08-27 04:30:28.679000
i4z4vzzz2nwyx22c,failed,not_found,3064,B872BA6804C8C6E140AE1897B44CF32B42FD2397,508773E7A34F3BE17DD0372446798FACB8BF1EAA,8EA58F28DCA60F56C6F2131BDFE9BF5FAF2233CE,9713321D477F315B5818A189B819DC97B3E4045D,2020-08-27 04:30:18.367000,2020-08-27 04:30:19.360000
i4z4vzzz2nwyx22c,failed,not_found,3324,B872BA6804C8C6E140AE1897B44CF32B42FD2397,3586697291602DC8042EB152E60701FFFE8777BD,6D163F649ECBE9DC20F016236EF36D7E1559E98E,F88721B0D184361AD24B14CFD56832824A0E79F2,2020-08-27 04:30:19.360000,2020-08-27 04:30:20.372000
i4z4vzzz2nwyx22c,failed,not_found,3604,B872BA6804C8C6E140AE1897B44CF32B42FD2397,4CD4DFFEF3971C902A22100D911CAC639BE2EF5C,3BAACE149DB31574B327BF835B594B707D12CD58,970CE6B17927F083ABF157E9BFA305FD39E062E5,2020-08-27 04:30:20.372000,2020-08-27 04:30:21.167000
i4z4vzzz2nwyx22c,failed,not_found,3811,B872BA6804C8C6E140AE1897B44CF32B42FD2397,0A7208B8903DD3FF5CDFA218A3823AF498CE69CE,5CE3AD8AD04ADE66C0037A3CF5F7F7A40D48A20B,F863275B6D445E2E538E0E2F4C4FEA4878E2B2D1,2020-08-27 04:30:21.168000,2020-08-27 04:30:21.828000
i4z4vzzz2nwyx22c,failed,not_found,3817,B872BA6804C8C6E140AE1897B44CF32B42FD2397,F34B418DB5F47B81A7451C40421A5B002A532723,A39721D284AA1ED1AE87AE63523535484AA14FB5,F878E3AD594F013195A051CD1072BF33D543A235,2020-08-27 04:30:21.828000,2020-08-27 04:30:22.447000
i4z4vzzz2nwyx22c,failed,not_found,4104,B872BA6804C8C6E140AE1897B44CF32B42FD2397,708A968F3644F8A547156368FEA3DB664110E631,7ED3D8AFAC750F8CC0BDF8C87FE3BCBA2BBE2209,96EA4E2C87D5B99713201CCA8B712D839FD76C59,2020-08-27 04:30:22.447000,2020-08-27 04:30:24.272000
oclx2mrll2r5wdzo,failed,not_found,3065,B872BA6804C8C6E140AE1897B44CF32B42FD2397,5790B62AD6C79A1092B30993A8F0F7F23A969FD6,DD0C8EEC5CA402A9FA4478F10C31A440F71F6885,73DCA56424912F69F1478D6630DF27CFE8F41439,2020-08-27 04:30:18.368000,2020-08-27 04:30:19.255000
oclx2mrll2r5wdzo,failed,not_found,3285,B872BA6804C8C6E140AE1897B44CF32B42FD2397,6ED48ED0DD8CB8C626FFD8597C01F2D43AEE8D01,8CCE57490F9752100F9B17E2192A2DAE5D061E06,0FF7D03AC5F31F93E3AE11ABF74313D071E11ED3,2020-08-27 04:30:19.256000,2020-08-27 04:30:20.303000
oclx2mrll2r5wdzo,failed,not_found,3571,B872BA6804C8C6E140AE1897B44CF32B42FD2397,2B5E502536A436FE36DA2C6875F4C77F3593B37F,A09DAAAD16E3F77C2ED1A012BD8A18FFCBFEB422,73A5A81688BD536BFBABE18630F5BD6306C9AC8E,2020-08-27 04:30:20.303000,2020-08-27 04:30:21.008000
oclx2mrll2r5wdzo,failed,not_found,4675,B872BA6804C8C6E140AE1897B44CF32B42FD2397,CDAF0B74C45FD5B1955198A8D92C8A518A53D07B,8ADA1AB31B9B49CFFF5A450816053BF4CB72E4AC,73E0EAD7C2A9E9603C0DB7EE4743CCEF935EAC3D,2020-08-27 04:30:21.008000,2020-08-27 04:30:26.492000
oclx2mrll2r5wdzo,failed,not_found,4921,B872BA6804C8C6E140AE1897B44CF32B42FD2397,BF37445EA2A9F3D04F4B87DFAC624AEF21B559D5,103336165A0D2EFCAD3605339843A0A7710B8B92,0FF233C8D78A17B8DB7C8257D2E05CD5AA7C6B88,2020-08-27 04:30:26.492000,2020-08-27 04:30:27.456000
oclx2mrll2r5wdzo,failed,not_found,5153,B872BA6804C8C6E140AE1897B44CF32B42FD2397,D245C3E824456945C6759599CB8A0547135A066D,1D06E877D7027A225BF504F9C67B860F9A0ACBE7,0FF9F882501FB1D610522DF6AAD6E75C95F8F2B8,2020-08-27 04:30:27.456000,2020-08-27 04:30:30.721000
hmpysk2qoiaum7is,failed,not_found,3066,B872BA6804C8C6E140AE1897B44CF32B42FD2397,DC9564AE8BC7BF5F722E3677C897ED1B578C8D81,B2D98685327A52354259CA921049BB37DE758FB1,C8DE26D2D119BE7F509E672EE1A3D5FB25DCBA97,2020-08-27 04:30:18.368000,2020-08-27 04:30:19.470000
hmpysk2qoiaum7is,failed,not_found,3359,B872BA6804C8C6E140AE1897B44CF32B42FD2397,D0BF6A6400081DA6031536ECEAD59F79BDABEB65,52BFADA8BEAA01BA46C8F767F83C18E2FE50C1B9,2508698CEE27AEE60E2FD25AFDA4E22ABF453D2A,2020-08-27 04:30:19.470000,2020-08-27 04:30:20.408000
hmpysk2qoiaum7is,failed,not_found,3610,B872BA6804C8C6E140AE1897B44CF32B42FD2397,B411027C926A9BFFCF7DA91E3CAF1856A321EFFD,0A5000E5FF2977E0D236B9F5B47590D8888494DF,2507E6A97AC52DC09FA519D31340156EEC626A5B,2020-08-27 04:30:20.409000,2020-08-27 04:30:21.127000
hmpysk2qoiaum7is,failed,not_found,3797,B872BA6804C8C6E140AE1897B44CF32B42FD2397,400C053623F36C5C3D1CFC73F1AB9DA6E24DEEB7,E9A6E1549300C3551071B71AC547E2568D9F7CEE,2543BCADFCBA2B5ADE83FB93194B5E9D45810532,2020-08-27 04:30:21.128000,2020-08-27 04:30:21.953000
hmpysk2qoiaum7is,failed,not_found,4703,B872BA6804C8C6E140AE1897B44CF32B42FD2397,A541C211909264081DC3A4F8E105F06139DDCD8B,24352D30196BEFE5BB29A50923F79A2804527611,C8F388C8E87A0CCC66953A60B6A4942325055C4C,2020-08-27 04:30:21.953000,2020-08-27 04:30:26.513000
hmpysk2qoiaum7is,failed,not_found,4927,B872BA6804C8C6E140AE1897B44CF32B42FD2397,A785BB0757BE625BD938BD2D1DD015DBC3AF46F6,1E1A7C9134637383BE653C41973995A229D81595,C8C3B9A11830314C1538CF19ABC3AB2658ED6B3D,2020-08-27 04:30:26.513000,2020-08-27 04:30:27.573000
nrp5rwrybvc54x4k,failed,not_found,3330,B872BA6804C8C6E140AE1897B44CF32B42FD2397,F73036C92CD94D5A16DEA9E50FE4BEC2AF3DE171,B86BE002D4D6F3E2999E8EEAC9B72CAA796944BE,9BF4A13730774865EF6DD7102D98AF1A33E54E0C,2020-08-27 04:30:19.379000,2020-08-27 04:30:20.178000
nrp5rwrybvc54x4k,failed,not_found,3549,B872BA6804C8C6E140AE1897B44CF32B42FD2397,A066E7983758C7CC0097E16ACF4F7B71BAFA44E9,D8A2D0080B0C73E1DC0EC9F33B497F64E5FB3F52,9C07D2A954C68759DFDA4208A41DB47F3699B82F,2020-08-27 04:30:20.178000,2020-08-27 04:30:21.146000
nrp5rwrybvc54x4k,failed,not_found,3803,B872BA6804C8C6E140AE1897B44CF32B42FD2397,F00C8B7589FEE52BE84387CDB422C1F1386979C0,D1B1A550FEE3A05E71CA9080D14CCA3B746C0C17,9BEED1E03101B2BC9393C560FCF13A1E46E49352,2020-08-27 04:30:21.146000,2020-08-27 04:30:22.445000
nrp5rwrybvc54x4k,failed,not_found,4098,B872BA6804C8C6E140AE1897B44CF32B42FD2397,8A00CE9638BDB4686B91F1F0B229DB3F8C9B8415,547E6E68ADE1B6F492C44443588A939610401DFB,38A42B8D7C0E6346F4A4821617740AEE86EA885B,2020-08-27 04:30:22.445000,2020-08-27 04:30:23.038000
nrp5rwrybvc54x4k,failed,not_found,4215,B872BA6804C8C6E140AE1897B44CF32B42FD2397,5A224EFAC453F7EF2D0435E336890DECDC5CEBFD,F0BCFE7041A46C0A0175B56FB94228CCBF0DB4D0,3847862C0A4926ACCB9B5ADCD6F62B6278D88812,2020-08-27 04:30:23.039000,2020-08-27 04:30:23.857000
nrp5rwrybvc54x4k,failed,not_found,4360,B872BA6804C8C6E140AE1897B44CF32B42FD2397,F5E368D9FC8693BB85D2F65A262E676353BAD69D,3BAACE149DB31574B327BF835B594B707D12CD58,38B9443D2FF0BA1807A598CF64AC7709787A337C,2020-08-27 04:30:23.857000,2020-08-27 04:30:24.793000
igmouzqbsozflem7,failed,not_found,3336,B872BA6804C8C6E140AE1897B44CF32B42FD2397,A2CD32D9D0668DB764AD68C745CE29693CA851B9,A0C59410B9030AC1385C4CA44C8DBFE13AF4BC9B,70ACA07D9276277B82E909C1439E19CCA2FB16CC,2020-08-27 04:30:19.437000,2020-08-27 04:30:20.353000
igmouzqbsozflem7,failed,not_found,3597,B872BA6804C8C6E140AE1897B44CF32B42FD2397,8A4C8FC6D63365E04ECB4B18EF61A9A52936E8AE,543F96D0C17CDBAC326F644DB0C8A17193BCCFC9,70A4372ED8F5DDE3BA05A17491BB6032EAC02692,2020-08-27 04:30:20.353000,2020-08-27 04:30:21.113000
igmouzqbsozflem7,failed,not_found,4676,B872BA6804C8C6E140AE1897B44CF32B42FD2397,8C5B316ED73018484765C3E0944E4508DCAE0944,8B64F593CAC2ED05C0FA703AEF50FF71925B569C,77E01A5D31748474C4F5F086C2461E04A26B34F1,2020-08-27 04:30:21.113000,2020-08-27 04:30:26.170000
igmouzqbsozflem7,failed,not_found,4865,B872BA6804C8C6E140AE1897B44CF32B42FD2397,AEF0EADA8C92A4DF1500FAE303ECD8E1EBD56670,0E300A0942899B995AE08CEF58062BCFEB51EEDF,70F09E981D6D4A34A35F248F0C873CBA356A0612,2020-08-27 04:30:26.170000,2020-08-27 04:30:26.911000
igmouzqbsozflem7,failed,not_found,5021,B872BA6804C8C6E140AE1897B44CF32B42FD2397,4825FABA5D4A44E6DFC307544EF15F15FB37FA49,98350B16551452ABC7F3457D06032CD30F7280CE,77DD258F0D58792E0DCBDAA0BC66A1DC5F8D84AD,2020-08-27 04:30:26.911000,2020-08-27 04:30:27.788000
igmouzqbsozflem7,failed,not_found,5244,B872BA6804C8C6E140AE1897B44CF32B42FD2397,461453F94FA0E3CBB011685E22CDAFD2AF0DFDC3,211310CD09EC290505C1F24018AE5330076412A0,77C7500CC573643E4B3E7F602D0137F8C89CE0B8,2020-08-27 04:30:27.788000,2020-08-27 04:30:28.533000
nhzshlr5bnuuepe2,failed,not_found,5121,B872BA6804C8C6E140AE1897B44CF32B42FD2397,1A0873654174FF8B1D66B02DA82D46ADDD46AC4B,A8503903F97FF27F5D1C3CA38817329F581925E6,51A8A22944F228EA2D601434D127864B1B0B0F8C,2020-08-27 04:30:19.437000,2020-08-27 04:30:28.680000
nhzshlr5bnuuepe2,failed,not_found,5374,B872BA6804C8C6E140AE1897B44CF32B42FD2397,DC2B1E4348AF306326FA63EEDB76EA6139133485,6E4B0D429CD87AB6C25D72E298294C583FF8BA4A,0485027A0A349D454D978F6C1CECDD29EA17769A,2020-08-27 04:30:28.680000,2020-08-27 04:30:29.122000
nhzshlr5bnuuepe2,failed,not_found,7216,B872BA6804C8C6E140AE1897B44CF32B42FD2397,787768FEF9FBFE2D9B8E0214019A7F9960D39206,4F3056E9D4BAC38EC2100063745221553630ECCB,51AE5656C81CD417479253A6363A123A007A2233,2020-08-27 04:30:29.122000,2020-08-27 04:30:36.546000
nhzshlr5bnuuepe2,failed,not_found,7472,B872BA6804C8C6E140AE1897B44CF32B42FD2397,B845512E19DB0D7D99277FE4BB549D925EEB9432,F9246DEF2B653807236DA134F2AEAB103D58ABFE,51800AF38B30ED1454DD74CB412BADCED5F60593,2020-08-27 04:30:36.546000,2020-08-27 04:30:37.530000
nhzshlr5bnuuepe2,failed,not_found,7756,B872BA6804C8C6E140AE1897B44CF32B42FD2397,77A56CB237740E24AEA2D61C8C8936232AFC1BD8,B2D03CDF45EB4D74A65FAC4F00EBA785C9663A5F,0451F142D2EF187FABB9A9A17725DA6C51BA3978,2020-08-27 04:30:37.530000,2020-08-27 04:30:38.894000
nhzshlr5bnuuepe2,failed,not_found,8921,B872BA6804C8C6E140AE1897B44CF32B42FD2397,014E24C0CD21D2B9829E841D5EC1D3C415F866BF,9C1E47FF205F349D69D569AE7ED15366A5554A46,046F2D59A85FAE693676A87533717C57436261C2,2020-08-27 04:30:38.894000,2020-08-27 04:30:44.246000
3dlo3l72yl4je7vi,failed,not_found,3338,B872BA6804C8C6E140AE1897B44CF32B42FD2397,261E29D740EBB5FC5593FACB65E4CD78E933266E,C5BF27560E4B007365FBA96D32F9E74614218C8E,E778381BD386B4723877DE837A895F6E9C241607,2020-08-27 04:30:19.437000,2020-08-27 04:30:20.279000
3dlo3l72yl4je7vi,failed,not_found,3565,B872BA6804C8C6E140AE1897B44CF32B42FD2397,903A2A7991C838E70FF5A586CD387749B3589669,71539D1911ECB826069A4D156771AC4F9F4632A7,EA3616A0B9BBBDC74121D8D6F01EABDDCF6BE35D,2020-08-27 04:30:20.280000,2020-08-27 04:30:20.883000
3dlo3l72yl4je7vi,failed,not_found,3700,B872BA6804C8C6E140AE1897B44CF32B42FD2397,410118E874D2263F1CDCD567F81875A8E38B2B3C,528BAECE8CB9151346BDD80F6A95556D6C12ABF0,E7882187F6FA695450719FD3738D640FBDFF5D48,2020-08-27 04:30:20.883000,2020-08-27 04:30:22.228000
3dlo3l72yl4je7vi,failed,not_found,4049,B872BA6804C8C6E140AE1897B44CF32B42FD2397,CBB5AE37E2927A915D70FA71572D2EA203F03E83,5DE37A3371AAE7638748EB43C9F1CE66E09D4470,E7723680EA1F78E015DF312411990D5F5E815C27,2020-08-27 04:30:22.228000,2020-08-27 04:30:22.884000
3dlo3l72yl4je7vi,failed,not_found,4182,B872BA6804C8C6E140AE1897B44CF32B42FD2397,B8123550BE6A39FF7EC2D015C86755517907557E,CDAF0B74C45FD5B1955198A8D92C8A518A53D07B,EA1AF22E93AC7B8A00DB3197913EE5CAE11FC2F7,2020-08-27 04:30:22.884000,2020-08-27 04:30:23.995000
3dlo3l72yl4je7vi,failed,not_found,5373,B872BA6804C8C6E140AE1897B44CF32B42FD2397,508EAAA5322C7BF048C8FADBBFB37D0A3E1D9262,CDAEBA458F6129776643751934076A51D851C348,E9F71AC06F29B2110E3FC09016B0E50407444EE2,2020-08-27 04:30:23.995000,2020-08-27 04:30:29.229000
rvsqd67sbkwq5ean,failed,not_found,3577,B872BA6804C8C6E140AE1897B44CF32B42FD2397,0A7208B8903DD3FF5CDFA218A3823AF498CE69CE,A39721D284AA1ED1AE87AE63523535484AA14FB5,3B60AEB127F4A8CDE7F3798B799EBDC3463FB9C7,2020-08-27 04:30:20.317000,2020-08-27 04:30:21.065000
rvsqd67sbkwq5ean,failed,not_found,3773,B872BA6804C8C6E140AE1897B44CF32B42FD2397,CB2DBDB2D9422D57AD85148EF9511AF4CE4D6052,A08B3E65331F29C960A8EB6F5D90B66A05D26CB5,3B5C6ED2C1DECEB32BF1AD9B7B272F4CE9CE0656,2020-08-27 04:30:21.065000,2020-08-27 04:30:21.693000
rvsqd67sbkwq5ean,failed,not_found,3915,B872BA6804C8C6E140AE1897B44CF32B42FD2397,0085057C17BD2E1809E284825F06F94E72FB418C,0ED0EA324C931CF41CB5272BFB1D015B3D5772A9,3B4C5729F829CA2E895B81AF834A63DB336D0FFE,2020-08-27 04:30:21.693000,2020-08-27 04:30:22.494000
rvsqd67sbkwq5ean,failed,not_found,4111,B872BA6804C8C6E140AE1897B44CF32B42FD2397,C9D02B1644BD47C136E379FDFAF4973D1A1CE07C,29A39144AD141242436D07901F7A8B91F7516A66,F15A2A08BF91017DCFB6042171635661E13A8256,2020-08-27 04:30:22.494000,2020-08-27 04:30:23.313000
rvsqd67sbkwq5ean,failed,not_found,4263,B872BA6804C8C6E140AE1897B44CF32B42FD2397,80C113BCE9356B4DECF94E7CF4A8C0BD315EE8E8,A6C983C2F7EEADD55CE9169E540EBD95423FC260,F120F1B939C7ED8FD62347A800F2B67BE84D84DA,2020-08-27 04:30:23.313000,2020-08-27 04:30:24.791000
rvsqd67sbkwq5ean,failed,not_found,4556,B872BA6804C8C6E140AE1897B44CF32B42FD2397,B0DB2F173F0DB364BABF7A465D796B3C048F1F33,44BD70C13DAA7513D6F47773804178B009F21ED5,F1612C915458BCF52CC49559E84A0D0240FA7F23,2020-08-27 04:30:24.791000,2020-08-27 04:30:25.412000
5o4zo2m4kk2ox3k7,failed,not_found,3583,B872BA6804C8C6E140AE1897B44CF32B42FD2397,33D88F331408141F2A2CC563239E54E48F7A211B,B2D03CDF45EB4D74A65FAC4F00EBA785C9663A5F,5975858B6A1F37CCC96026B946EACF08E1772D0E,2020-08-27 04:30:20.338000,2020-08-27 04:30:21.033000
5o4zo2m4kk2ox3k7,failed,not_found,3766,B872BA6804C8C6E140AE1897B44CF32B42FD2397,42B4F52C5B11E4D39855F654955425B0D5A0598B,B6FA56B44280B727DBAC65125CF738D4B22F7D0B,5974B3F4C66D83BBC9622E0F0F023FE48428DB9B,2020-08-27 04:30:21.033000,2020-08-27 04:30:21.725000
5o4zo2m4kk2ox3k7,failed,not_found,3921,B872BA6804C8C6E140AE1897B44CF32B42FD2397,B9E7A637B00BBB77853A639CC33245A2FEB8F033,1D361A2F1CAE4FDD5A85E13C168BE7075A100524,BD3FBEC1D67C48A2583DB378B92A59C5E9AB4DA2,2020-08-27 04:30:21.725000,2020-08-27 04:30:22.447000
5o4zo2m4kk2ox3k7,failed,not_found,4105,B872BA6804C8C6E140AE1897B44CF32B42FD2397,DA9E02BB8080E473157052F70439B7886AA8569D,3031327C6769D7224F945C3A7D1DEEC6B3897A5B,BD4012B7B05E4E0953AE46EF4D8E265E79B1627E,2020-08-27 04:30:22.447000,2020-08-27 04:30:23.327000
5o4zo2m4kk2ox3k7,failed,not_found,4275,B872BA6804C8C6E140AE1897B44CF32B42FD2397,22404A3E87F2D7FE2FC6359FDE71B6DC2D6E730F,F6EC46933CE8D4FAD5CCDAA8B1C5A377685FC521,595E9FA86E06021D53465FF0365C7FF92A4A115D,2020-08-27 04:30:23.327000,2020-08-27 04:30:24.093000
5o4zo2m4kk2ox3k7,failed,not_found,4419,B872BA6804C8C6E140AE1897B44CF32B42FD2397,06BBEAA6F73759A1795EB461D39D2AA168F305D1,0C3D5E19E3C75B505C8ACD26F89DCA2DF970553E,BD2A34ADE4E603A272FAAD23AEF389801BB223BB,2020-08-27 04:30:24.093000,2020-08-27 04:30:24.793000
aipewf2l3ztcwnq6,failed,not_found,3584,B872BA6804C8C6E140AE1897B44CF32B42FD2397,F7B024DB02C601185C202E26DFFD2AD525C16A36,1E1A7C9134637383BE653C41973995A229D81595,F07B89BC9D794F3D9342417C62FBA8F9972D04A3,2020-08-27 04:30:20.338000,2020-08-27 04:30:20.992000
aipewf2l3ztcwnq6,failed,not_found,3754,B872BA6804C8C6E140AE1897B44CF32B42FD2397,A0F39D32028CEC7F35419E9570401DE15B1B4564,903CA67D0DEB74CFBB01432840A26CB8C6C18FDF,F059C76B861B25D8F1BBDA4AD37D1B69035423EC,2020-08-27 04:30:20.993000,2020-08-27 04:30:22.153000
aipewf2l3ztcwnq6,failed,not_found,4035,B872BA6804C8C6E140AE1897B44CF32B42FD2397,C239952D0C8E4EABC3E6B0A8E0B623689174E3C6,B0DB2F173F0DB364BABF7A465D796B3C048F1F33,DE72FEB474E8A3CC502CFC43621180EA9D462FE0,2020-08-27 04:30:22.153000,2020-08-27 04:30:23.361000
aipewf2l3ztcwnq6,failed,not_found,5372,B872BA6804C8C6E140AE1897B44CF32B42FD2397,8B6B10A0AED89408E509D4422EC926C89C7933D0,97767B43E78119A613B46CEAF81A788F45CC05D9,DE81E82F60AFCA34FB5F94D78F590FEEBB435CDC,2020-08-27 04:30:23.361000,2020-08-27 04:30:29.184000
aipewf2l3ztcwnq6,failed,not_found,5584,B872BA6804C8C6E140AE1897B44CF32B42FD2397,724E86E7F5DA715529DC0ECAA013AE4BDC680E4C,EFE48A6A2A02B68D1767C13B9646FA62EA8310B2,F0832608B0D52E7B4418E54E655CA18A585DEDB8,2020-08-27 04:30:29.184000,2020-08-27 04:30:30.039000
aipewf2l3ztcwnq6,failed,not_found,5786,B872BA6804C8C6E140AE1897B44CF32B42FD2397,54DE63F4587058B79152A75A0238D7F7A0279215,746B3C4BADCCA09003DD091AF028560A61E0A48E,DE74E8C4F3CF0FBBCB7E761BB3072050D1D4DD88,2020-08-27 04:30:30.040000,2020-08-27 04:30:30.891000
6urexbt6lgmh6ejx,failed,not_found,3585,B872BA6804C8C6E140AE1897B44CF32B42FD2397,F5C3DA7642BB037E0D279359AE88CD7FC03A98A0,746B3C4BADCCA09003DD091AF028560A61E0A48E,FCCCECDC44273C67FB374200138464F38DDF39AC,2020-08-27 04:30:20.339000,2020-08-27 04:30:21.167000
6urexbt6lgmh6ejx,failed,not_found,3810,B872BA6804C8C6E140AE1897B44CF32B42FD2397,40CDE936B04B4573A47223396006443CA5EAC845,6B7ABD237CF25E5F787F365AF5FC4C86F0213A9F,FCC392FC20A5C1C5B5E95AB6E24735E493E3AEB7,2020-08-27 04:30:21.167000,2020-08-27 04:30:21.891000
6urexbt6lgmh6ejx,failed,not_found,3973,B872BA6804C8C6E140AE1897B44CF32B42FD2397,EE32ED9AB02A81208F55EB9340D1125CF022697D,6E4B5DBF0EE117085C50A8F0E07488A1EB30B562,80E3CAD69AAA9DE9ED9CB6531CA3D73F6FB9FE52,2020-08-27 04:30:21.891000,2020-08-27 04:30:23.382000
6urexbt6lgmh6ejx,failed,not_found,5122,B872BA6804C8C6E140AE1897B44CF32B42FD2397,86C3D279DE1903DF24AA33D1D1581F2AA9464626,4011E1BB0E5B9A22AF665B553BFFDDE22A517B16,80C113BCE9356B4DECF94E7CF4A8C0BD315EE8E8,2020-08-27 04:30:23.383000,2020-08-27 04:30:28.297000
6urexbt6lgmh6ejx,failed,not_found,5357,B872BA6804C8C6E140AE1897B44CF32B42FD2397,62CF4982747BFDE3C0395A3894554BD8DC3C5D92,74B8B22AF950B0BE11D8A228FB09D2F5279FB757,FCC70D3F500C2EA62004137B0137201A93A2B57E,2020-08-27 04:30:28.297000,2020-08-27 04:30:29.138000
6urexbt6lgmh6ejx,failed,not_found,5561,B872BA6804C8C6E140AE1897B44CF32B42FD2397,D56A98D38FC3C75E0347EEF3DD9C12749AF7C7C5,0B85617241252517E8ECF2CFC7F4C1A32DCD153F,80AAF8D5956A43C197104CEF2550CD42D165C6FB,2020-08-27 04:30:29.139000,2020-08-27 04:30:29.944000
7d6qeszhn6au4amr,failed,not_found,3833,B872BA6804C8C6E140AE1897B44CF32B42FD2397,2BA2C8E96B2590E1072AECE2BDB5C48921BF8510,1BB9F857B41ABFB3BE0570F8A86DDCFD198713A2,37A8BA9E3F05417EFE93DF626641EFF271E0A3C2,2020-08-27 04:30:21.358000,2020-08-27 04:30:22.153000
7d6qeszhn6au4amr,failed,not_found,4037,B872BA6804C8C6E140AE1897B44CF32B42FD2397,277F5717A62B3A728C98B3168E484BC08B4997E3,A39721D284AA1ED1AE87AE63523535484AA14FB5,57CB4D6FB898E8B7CA9A01018AB6BCB727BF20A9,2020-08-27 04:30:22.153000,2020-08-27 04:30:22.879000
7d6qeszhn6au4amr,failed,not_found,4057,B872BA6804C8C6E140AE1897B44CF32B42FD2397,02758CD398E3F842EF82478078AAAE0273770DB2,2D418A89F79DB4A8E658BA549FBB974D1D22DD1A,37BB3233098BF9B9095C27834E65A2E17FF807F8,2020-08-27 04:30:22.879000,2020-08-27 04:30:23.327000
7d6qeszhn6au4amr,failed,not_found,4274,B872BA6804C8C6E140AE1897B44CF32B42FD2397,2FD03FFE27AF20DD6B1CBE5ABEFEF7B06693D557,AE85D0A826E4674CA85698520EB14275B78E9006,37A831DCC0027923A474F1277F6261EE8D9D0B46,2020-08-27 04:30:23.327000,2020-08-27 04:30:24.767000
7d6qeszhn6au4amr,failed,not_found,4550,B872BA6804C8C6E140AE1897B44CF32B42FD2397,C75CDD818316ABBC839F9F0DDAEC873FCF60C370,E64625ED5B01A1F0E97BCF0B5D431A432A24F408,57C6DF5B93E54EB9C8DB90029D9E9A1111BD34D2,2020-08-27 04:30:24.767000,2020-08-27 04:30:25.550000
7d6qeszhn6au4amr,failed,not_found,4720,B872BA6804C8C6E140AE1897B44CF32B42FD2397,7C22E89AB620E77DF1B4A33787A5EC3F2AB4A8D1,5C01B2D72D75F109550963F810C2010BDA208549,57B6873C2DC362E5A42A809FB5624CDA3A025430,2020-08-27 04:30:25.550000,2020-08-27 04:30:26.553000
lu4q2przwwu4iwgc,failed,not_found,3834,B872BA6804C8C6E140AE1897B44CF32B42FD2397,58A9921DD0A1389356634625C5B14ACC1194A95C,E81993EA52B73285CFFD02FEC003569D21483001,946DFB46168670825EC1A725D178D4BE087BF6E1,2020-08-27 04:30:21.358000,2020-08-27 04:30:22.017000
lu4q2przwwu4iwgc,failed,not_found,4006,B872BA6804C8C6E140AE1897B44CF32B42FD2397,6C333B5BDBA3DFE7A782E40CB970C271ABFED119,DA91C260D6A78F748BDF17131A1F1D18443BE1EB,A3407CC403CF39DFA40ED9E1D14A8B54431F6104,2020-08-27 04:30:22.018000,2020-08-27 04:30:23.250000
lu4q2przwwu4iwgc,failed,not_found,4256,B872BA6804C8C6E140AE1897B44CF32B42FD2397,7F3D20E72A24ED2EBD92AA9C430B805BA389D02B,0C93559D6D7E95B41561424345B0B176FBE66F00,A33573C935B34CD07D988E774819DF0D30359F8B,2020-08-27 04:30:23.251000,2020-08-27 04:30:24.012000
lu4q2przwwu4iwgc,failed,not_found,4398,B872BA6804C8C6E140AE1897B44CF32B42FD2397,5BB51E650366D14C95027DB2F1D7A69BC5B00676,DCE8DBF94576272AD10D996C9AA0794A4567F304,9482ACBE24CF0E805C9D5FA7A06F9F3105EAE051,2020-08-27 04:30:24.013000,2020-08-27 04:30:25.068000
lu4q2przwwu4iwgc,failed,not_found,4628,B872BA6804C8C6E140AE1897B44CF32B42FD2397,96DAFDCE92BA94E4CC95F8314AE48E272A702FDC,1CBFDCABD9012B06471FF868FE02B6BCC0133520,A333975460B45BB109CC6E54106B5B2A625721FA,2020-08-27 04:30:25.068000,2020-08-27 04:30:26.047000
lu4q2przwwu4iwgc,failed,not_found,5402,B872BA6804C8C6E140AE1897B44CF32B42FD2397,9A7417BA401B8C7EFDE24945E18145A1EDA730E7,3CCF9573F59137E52787D9C322AC19D2BD090B70,947FFF456CFCEF5DCAB09422E1945A8D21AEEC62,2020-08-27 04:30:26.047000,2020-08-27 04:30:29.318000
zc3tyxcc4m7eqrxq,failed,not_found,3835,B872BA6804C8C6E140AE1897B44CF32B42FD2397,92E807AC5E23CCD9FE623EA4DC020B1627A0D09B,A3AFBDEE30238E44899C9F8B7666D12B09C8EE32,118496882F58E787DC24F5C219B93F22BA5820D8,2020-08-27 04:30:21.359000,2020-08-27 04:30:22.282000
zc3tyxcc4m7eqrxq,failed,not_found,4068,B872BA6804C8C6E140AE1897B44CF32B42FD2397,A39721D284AA1ED1AE87AE63523535484AA14FB5,20E7A5B5BA3DCB9E6F49B9D0F3EB9E20EFC7EA63,1170C7261B5A68ADA5CA260879F48722D697EB74,2020-08-27 04:30:22.282000,2020-08-27 04:30:23.104000
zc3tyxcc4m7eqrxq,failed,not_found,4237,B872BA6804C8C6E140AE1897B44CF32B42FD2397,92BBADCB0697F5EB1792C607EE2DC1C291A98ADC,03F24BAFD1C1E1BD4786801635E41A28A41390B7,1188DC549FDF5E8054E1FE8C789A632CD1872F7E,2020-08-27 04:30:23.104000,2020-08-27 04:30:23.908000
zc3tyxcc4m7eqrxq,failed,not_found,4366,B872BA6804C8C6E140AE1897B44CF32B42FD2397,1E5618C079D74CF9AE0C5370DE4C6E1AFD5C0B39,5E2134CE8D3A3B7AA5E597B8EFE3E659B03C02B3,C51701910DEA998F4F51287A71B7E94449A3E9BC,2020-08-27 04:30:23.908000,2020-08-27 04:30:24.640000
zc3tyxcc4m7eqrxq,failed,not_found,4519,B872BA6804C8C6E140AE1897B44CF32B42FD2397,B8805CBDBE91A5E68D268FC62DC617B5BD7CC9E7,B9E7A637B00BBB77853A639CC33245A2FEB8F033,C545ED3BE029B226D74B3F798235951D2FEEE3E1,2020-08-27 04:30:24.641000,2020-08-27 04:30:25.410000
zc3tyxcc4m7eqrxq,failed,not_found,4709,B872BA6804C8C6E140AE1897B44CF32B42FD2397,C7A016E1F85CF7DD73914AE40F55B7183D11B8FD,E39A758BD81DD27E8AA27998688E816D0A13DC82,C55AC4238C66CE8D00838572D563A284DBEF0228,2020-08-27 04:30:25.410000,2020-08-27 04:30:26.151000
qyvqiyvos5ml6urd,failed,not_found,3836,B872BA6804C8C6E140AE1897B44CF32B42FD2397,0E300A0942899B995AE08CEF58062BCFEB51EEDF,5AC46D393C7E1FB0DF7F3424737239A27F9586C9,51CD9DB00357405FC41AF0FA513688D02BDA0C0E,2020-08-27 04:30:21.359000,2020-08-27 04:30:22.153000
qyvqiyvos5ml6urd,,,,,,,51E1CF613FD6F9F11FE24743C91D6F9981807D82,2020-08-27 04:30:22.153000,
vprfipamwevzj2kd,failed,not_found,4079,B872BA6804C8C6E140AE1897B44CF32B42FD2397,450AB46ADFD541B3905A5C6140BC53EB8C68C9A5,1CBA20ECB204FB968103CE5E5BA770B5ABD8AC4E,2C064760AA6657E2C575DD897C2588B170A3FF12,2020-08-27 04:30:22.327000,2020-08-27 04:30:24.330000
vprfipamwevzj2kd,failed,not_found,4464,B872BA6804C8C6E140AE1897B44CF32B42FD2397,D7230F4F13324A28C308AF94E2385D0A7F1B05F9,9AB93B5422149E5DFF4BE6A3814E2F6D9648DB6A,2C4E15CD40EE3D2D6F062F04ADFE9B85C8C3C52B,2020-08-27 04:30:24.330000,2020-08-27 04:30:25.366000
vprfipamwevzj2kd,failed,not_found,4692,B872BA6804C8C6E140AE1897B44CF32B42FD2397,E087F6FBA148F8BB6A520CEF08FA5BF324828B22,1C8B3C3D8BC705883B7799C915B2FE1E0FEB006F,8EE44717FA55705C12086F3ECD1F8D9C8676FD05,2020-08-27 04:30:25.366000,2020-08-27 04:30:26.096000
vprfipamwevzj2kd,failed,not_found,4837,B872BA6804C8C6E140AE1897B44CF32B42FD2397,A3AFBDEE30238E44899C9F8B7666D12B09C8EE32,A0261C16D15B44F7C98B470FC073EA2B9CD10D41,2BFEFB4839F6F796AB9A0287FDFD51F7280EEA2D,2020-08-27 04:30:26.096000,2020-08-27 04:30:26.982000
vprfipamwevzj2kd,failed,not_found,5044,B872BA6804C8C6E140AE1897B44CF32B42FD2397,672A56A583C658372E63ACEB43E7F791C2819548,43FF3346A3F8E4ED27F631DC956C4CD8D6173D7A,8EE28EAF0874AF9B03EBBD79B5EB5059E2547355,2020-08-27 04:30:26.982000,2020-08-27 04:30:27.748000
vprfipamwevzj2kd,failed,not_found,5228,B872BA6804C8C6E140AE1897B44CF32B42FD2397,62A60158A2C302E3DA792D7A4F5339F41321E5D9,DC40A59D4D744F2C3C7A655EC6BF3A59AFA1C66C,8EF052033309D854D6206A4C30F17AD27C87893E,2020-08-27 04:30:27.748000,2020-08-27 04:30:28.677000
fqlc25vki25e654z,failed,not_found,4085,B872BA6804C8C6E140AE1897B44CF32B42FD2397,2AD82F3964D325B3FE2FF74E980FB006374EF190,9684C4D6C71131EEEF2E5C23C3EA234A684CD501,88CF8D42D49B7C8E9D03ABE5DAE7AF25E9902008,2020-08-27 04:30:22.351000,2020-08-27 04:30:22.915000
fqlc25vki25e654z,failed,not_found,4188,B872BA6804C8C6E140AE1897B44CF32B42FD2397,5492E760648AABB7BEC08BC87E8F72F55FBBA90D,BAE58EF7F58C11DAFD81C9EDD10EB74150AF3CFE,F07B89BC9D794F3D9342417C62FBA8F9972D04A3,2020-08-27 04:30:22.915000,2020-08-27 04:30:24.273000
fqlc25vki25e654z,failed,not_found,4440,B872BA6804C8C6E140AE1897B44CF32B42FD2397,5DE37A3371AAE7638748EB43C9F1CE66E09D4470,733CB01BFBABADA6AC5C363C4449D7D563C794C1,F059C76B861B25D8F1BBDA4AD37D1B69035423EC,2020-08-27 04:30:24.273000,2020-08-27 04:30:24.936000
fqlc25vki25e654z,failed,not_found,4579,B872BA6804C8C6E140AE1897B44CF32B42FD2397,FF9FC6D130FA26AE3AE8B23688691DC419F0F22E,E14E1B6706360EFEF51556313207968870BFA8BC,F0832608B0D52E7B4418E54E655CA18A585DEDB8,2020-08-27 04:30:24.937000,2020-08-27 04:30:25.557000
fqlc25vki25e654z,failed,not_found,4726,B872BA6804C8C6E140AE1897B44CF32B42FD2397,64E257D94E739278D5954CC820C9D7EAC4E7A7B7,9A48EC8AAFB2E8C9E20408596383DB74F1196747,88DF5D708E931C431902AAABEA981E7951E00085,2020-08-27 04:30:25.557000,2020-08-27 04:30:26.397000
fqlc25vki25e654z,failed,not_found,4914,B872BA6804C8C6E140AE1897B44CF32B42FD2397,54DE63F4587058B79152A75A0238D7F7A0279215,2CE96A8A1DA032664C90F574AFFBECE18A6E8DFC,88E08A32B675A7256DB1A18BC8001EF26BF2D981,2020-08-27 04:30:26.397000,2020-08-27 04:30:27.516000
w5tkzxakvuer262l,failed,not_found,4086,B872BA6804C8C6E140AE1897B44CF32B42FD2397,EBE718E1A49EE229071702964F8DB1F318075FF8,EC8C36BC209BA499263E93D0826046667AAC14BA,B528636D364776B2D94B1E140609A3B88531C0BB,2020-08-27 04:30:22.352000,2020-08-27 04:30:23.313000
w5tkzxakvuer262l,failed,not_found,4262,B872BA6804C8C6E140AE1897B44CF32B42FD2397,F29A5D7E317934CDFFFA3DD9B26AC9AB48CB1C6C,7A3E534C033E3836BD5AF223B642853C502AB33A,2FFBAEBC4D4A88CA96BD5F6B0D3A1D1A7A00D5F2,2020-08-27 04:30:23.313000,2020-08-27 04:30:24.272000
w5tkzxakvuer262l,failed,not_found,4437,B872BA6804C8C6E140AE1897B44CF32B42FD2397,AA44DDCAAF120676DC6616DF7C5DC7062AE7C208,6E4B0D429CD87AB6C25D72E298294C583FF8BA4A,B5489D6C57192833B13B9634524552CEE38124AF,2020-08-27 04:30:24.272000,2020-08-27 04:30:25.269000
w5tkzxakvuer262l,failed,not_found,4668,B872BA6804C8C6E140AE1897B44CF32B42FD2397,79D9E66BB2FDBF25E846B635D8248FE1194CFD26,343EC037D633150AFFCC8471E805AABAE1B1D871,B536B71A1F5599C39FC8B1915D2EBE3A0DEB1403,2020-08-27 04:30:25.269000,2020-08-27 04:30:26.327000
w5tkzxakvuer262l,failed,not_found,4894,B872BA6804C8C6E140AE1897B44CF32B42FD2397,7B7C7F31205D7AEB5DFFEDA08E00282A78CD76E0,F6740DEABFD5F62612FA025A5079EA72846B1F67,2FF5EA5B3251C510E7C7507A8698FDE08910C304,2020-08-27 04:30:26.327000,2020-08-27 04:30:27.299000
w5tkzxakvuer262l,failed,not_found,5115,B872BA6804C8C6E140AE1897B44CF32B42FD2397,7A2A6F39F485C4FC95FB885FFF37C436FD2BB7E5,8B889E04C60E30D511013189D3C2ADCE522E1F3C,2FFE5FAF70D20E76B0474AE9E40C2A0B53F8D9F0,2020-08-27 04:30:27.299000,2020-08-27 04:30:28.080000
kw6dctw64iadblvn,failed,not_found,4087,B872BA6804C8C6E140AE1897B44CF32B42FD2397,D0273C8566CC9AECE4C762376C9B066FE0F1DADD,E14B30A83FF80C576B2EC0F2C8A5F29D41B8DC8E,F6D600CF13B3BBE2A91A0653F1EC9D00E7CB3A6B,2020-08-27 04:30:22.352000,2020-08-27 04:30:22.930000
kw6dctw64iadblvn,failed,not_found,4194,B872BA6804C8C6E140AE1897B44CF32B42FD2397,E4A7CF32D1EC81521E234C8BF46384E75838A8D7,2FFE5FAF70D20E76B0474AE9E40C2A0B53F8D9F0,F6AAFCFB722532DA3E2A54135000E672B9473835,2020-08-27 04:30:22.930000,2020-08-27 04:30:23.476000
kw6dctw64iadblvn,failed,not_found,4312,B872BA6804C8C6E140AE1897B44CF32B42FD2397,A0DFB31231C718829FA18EAB4D0CD51DEDBAE08C,E1DE607E31C2C0FB6F8FC959BF7B58CE35D95990,AF1F15819AC766D6508A2B05DA989E99AB511F9F,2020-08-27 04:30:23.476000,2020-08-27 04:30:24.143000
kw6dctw64iadblvn,failed,not_found,4431,B872BA6804C8C6E140AE1897B44CF32B42FD2397,270934A4F7B669AA387F2D475FBE793D03694547,8A00CE9638BDB4686B91F1F0B229DB3F8C9B8415,F6CD4DBF5850AC4386DD9A424918AD3C6BA2716F,2020-08-27 04:30:24.143000,2020-08-27 04:30:24.936000
kw6dctw64iadblvn,failed,not_found,4578,B872BA6804C8C6E140AE1897B44CF32B42FD2397,D8380E08DEDF6C90A09EC378D1F6C1881EF79476,D123C0F8F562804693C47D68C61786023B295E98,AEF6C1FBA0FC16F4931638BF065085B974D3E90F,2020-08-27 04:30:24.936000,2020-08-27 04:30:25.854000
kw6dctw64iadblvn,failed,not_found,4767,B872BA6804C8C6E140AE1897B44CF32B42FD2397,259429E166E4BCD1D8BB195609C62CF4B1752393,C95068D2331DCAA934A6BDD4AF3A11D14B707D91,AF1C02D6BF9827BB956F09C454C28B431B1EFFE7,2020-08-27 04:30:25.854000,2020-08-27 04:30:27.610000
smvkuiz74b4iusch,failed,not_found,4293,B872BA6804C8C6E140AE1897B44CF32B42FD2397,1119A89E729DB65839FB232A1E0F8669B0AE84DF,114FB145113A8D53818F0BA9363DFBC81DC8447F,95FCD71974985F8CB546821E3DC4D834794F77F9,2020-08-27 04:30:23.383000,2020-08-27 04:30:24.328000
smvkuiz74b4iusch,failed,not_found,4458,B872BA6804C8C6E140AE1897B44CF32B42FD2397,4FDDFAD51B24DDABB62FB59071F4DC421E76C685,836460C721577873AD1FF8AB000112A9360EB3A0,B63626A3CA6F0521847853DDEC6D4044C80B903E,2020-08-27 04:30:24.328000,2020-08-27 04:30:25.052000
smvkuiz74b4iusch,failed,not_found,4622,B872BA6804C8C6E140AE1897B44CF32B42FD2397,F0B580798BB303BA36ED1268568E2AD935B6C486,9638D8A46D8CBA79F8122D77E038ED99EBFDAEAD,B63410CD48185ED34E9C6AE62D048D8A6854A5CA,2020-08-27 04:30:25.052000,2020-08-27 04:30:25.904000
smvkuiz74b4iusch,failed,not_found,4778,B872BA6804C8C6E140AE1897B44CF32B42FD2397,74B8B22AF950B0BE11D8A228FB09D2F5279FB757,070229A4CC2CFFB24EB667298A7DB5E8D11EB701,95F22A129FD1EE5BFF95218DDBA838BF6DBBDA7E,2020-08-27 04:30:25.905000,2020-08-27 04:30:26.397000
smvkuiz74b4iusch,failed,not_found,4915,B872BA6804C8C6E140AE1897B44CF32B42FD2397,1CD48F4ED0F1821FFBF1940802A13EEFD4C27502,BC123DB7F61E9DB31F23B37BF62A16DAA1010FC9,95EFACA18E34C260DDF749596B977402594E6739,2020-08-27 04:30:26.397000,2020-08-27 04:30:27.129000
smvkuiz74b4iusch,failed,not_found,5089,B872BA6804C8C6E140AE1897B44CF32B42FD2397,C49A177510CAA653DA6727BF0E07FB7F56A0F09D,6B8F0CE8383E409C83C657D336D00B86C816A5F5,B6352D774A912764B0B0FE6297666CF09DFE3007,2020-08-27 04:30:27.129000,2020-08-27 04:30:28.456000
ujxq7sg67agc7jay,failed,not_found,4299,B872BA6804C8C6E140AE1897B44CF32B42FD2397,0DD04EF0B081BBFDE3082D4ECC8A63FD0022FCAF,356B94BAD3096790E409790898144A4030AC225C,B340E3BA587E36462D8DE44DAE0F7CAB6748F064,2020-08-27 04:30:23.400000,2020-08-27 04:30:24.272000
ujxq7sg67agc7jay,failed,not_found,4438,B872BA6804C8C6E140AE1897B44CF32B42FD2397,787768FEF9FBFE2D9B8E0214019A7F9960D39206,16FD7E5D67B7054EE4E7FDDF04AFB48216CA640A,4273E6D162ED2717A1CF4207A254004CD3F5307B,2020-08-27 04:30:24.272000,2020-08-27 04:30:24.848000
ujxq7sg67agc7jay,failed,not_found,4562,B872BA6804C8C6E140AE1897B44CF32B42FD2397,85A3AC041E3FCD796AF5D653953D5E27A56E3719,63540827C4832D214984EA47B7A68C593F9F862F,B3218417B7C6CF4F7ABEC98FC51ACF96D313C68F,2020-08-27 04:30:24.849000,2020-08-27 04:30:26.326000
ujxq7sg67agc7jay,failed,not_found,4893,B872BA6804C8C6E140AE1897B44CF32B42FD2397,6A35EE13D4354FF0A03374C063B10290614BB6A9,F07B89BC9D794F3D9342417C62FBA8F9972D04A3,425E358E94FB53E7F11AF2D9AB60DE25F534BA1A,2020-08-27 04:30:26.326000,2020-08-27 04:30:26.981000
ujxq7sg67agc7jay,failed,not_found,5038,B872BA6804C8C6E140AE1897B44CF32B42FD2397,FF82B371BDDDA0F48D849CA38E33A9AA39C0D2BE,C63110BDD8736D2C2A733FF962F58D58FDE63A2D,424BF86927E80D916589BB12248BD468BB470684,2020-08-27 04:30:26.981000,2020-08-27 04:30:28.558000
ujxq7sg67agc7jay,failed,not_found,5425,B872BA6804C8C6E140AE1897B44CF32B42FD2397,A2E6BB5C391CD46B38C55B4329C35304540771F1,FC30F566E7B50D9C6ED6BB86DA4BF4B07AD52DE5,B32B93C90DCAF0012328A8D55D621D26B186E11A,2020-08-27 04:30:28.558000,2020-08-27 04:30:29.391000
mlhipcqieiwfetab,failed,not_found,4305,B872BA6804C8C6E140AE1897B44CF32B42FD2397,3E04505D362AA324E6E4E1C8516CCD9EF4D41B9C,A59BF4AED23D5A114CC5648826D58C5147B62D1E,B428E8A48C62E35536E5F30BA348A05ACE5FDF14,2020-08-27 04:30:23.419000,2020-08-27 04:30:24.110000
mlhipcqieiwfetab,failed,not_found,4425,B872BA6804C8C6E140AE1897B44CF32B42FD2397,0B25110BA3473A6DC04AB58A3A0D5E4D6922A0E0,5DC40F5357EDF4809A9010828172072C95A73514,B43409C6A047E50FC7B7A23321102957BAFC3D6B,2020-08-27 04:30:24.111000,2020-08-27 04:30:25.269000
mlhipcqieiwfetab,failed,not_found,4669,B872BA6804C8C6E140AE1897B44CF32B42FD2397,AE95BDA37A5BB4685FEBB7F06649D6CE949B5316,F5C3DA7642BB037E0D279359AE88CD7FC03A98A0,B426BB592E20008B7ED9E9D7AC5651ED8B0EB39E,2020-08-27 04:30:25.269000,2020-08-27 04:30:26.008000
mlhipcqieiwfetab,failed,not_found,4818,B872BA6804C8C6E140AE1897B44CF32B42FD2397,03910F285A33F365838EC66EF2C2EF754D046760,7600899E54FA28AABB1764548ED28CDEC96673B1,B8C7D56B7E87B39BD0878C5D1D69130596D0BFAD,2020-08-27 04:30:26.009000,2020-08-27 04:30:26.825000
mlhipcqieiwfetab,failed,not_found,5000,B872BA6804C8C6E140AE1897B44CF32B42FD2397,F1B1E1267A9301244120EF7D47CD4174FD94FD60,F24F8BEA2779A79111F33F6832B062BED306B9CB,B8D8E07448E0405F4275E52884ED9CEF63FEE4A3,2020-08-27 04:30:26.825000,2020-08-27 04:30:28.103000
mlhipcqieiwfetab,failed,not_found,5306,B872BA6804C8C6E140AE1897B44CF32B42FD2397,B845512E19DB0D7D99277FE4BB549D925EEB9432,81C55D403A82BF6E7C3FBDBD41D102B7088900D9,B8BF2948E7830586F64EE92CCEABFB202E2FBF85,2020-08-27 04:30:28.103000,2020-08-27 04:30:29.292000
hyutw2es57ndx2pm,failed,not_found,4306,B872BA6804C8C6E140AE1897B44CF32B42FD2397,AD7C011CE0280249FA05053C1AC8E770E242ADF8,7D31D5118D47BF86C550ABB79EDDE865EC31B67F,3BB035514F8246AC367B5370F4FE120BB11D8C6D,2020-08-27 04:30:23.419000,2020-08-27 04:30:24.766000
hyutw2es57ndx2pm,failed,not_found,4446,B872BA6804C8C6E140AE1897B44CF32B42FD2397,37C1D66559D0C7884E3D21F7DEB58C75D79B98A8,D971A4E181162BD99FEE4C2AD605D604A4FD5D4B,928FA1C68048456991707113975701FD75CB311B,2020-08-27 04:30:24.767000,2020-08-27 04:30:25.971000
hyutw2es57ndx2pm,failed,not_found,4799,B872BA6804C8C6E140AE1897B44CF32B42FD2397,34C532849438CF58DAE90FFA43ABF6D793DF2C3E,D1F2C5C820B3F96BE6144CBFB84FDDF9D0EC0810,3BAACE149DB31574B327BF835B594B707D12CD58,2020-08-27 04:30:25.972000,2020-08-27 04:30:26.785000
hyutw2es57ndx2pm,failed,not_found,4887,B872BA6804C8C6E140AE1897B44CF32B42FD2397,CB1EC403A7331FE26F218D178DF8908014CC4F65,E7723680EA1F78E015DF312411990D5F5E815C27,3BB34C63072D9D10E836EE42968713F7B9325F66,2020-08-27 04:30:26.785000,2020-08-27 04:30:27.364000
hyutw2es57ndx2pm,failed,not_found,5141,B872BA6804C8C6E140AE1897B44CF32B42FD2397,571263804EF55F49A8615AA24A20244B777BF539,AFA0C24F635C3E198A151D09A796430F0778BA65,926955277C7BDB6CD1E1561A91847CBCD5B079E5,2020-08-27 04:30:27.365000,2020-08-27 04:30:31.095000
hyutw2es57ndx2pm,failed,not_found,6027,B872BA6804C8C6E140AE1897B44CF32B42FD2397,798A57B4E129699A521A03E7F72BC0FDEC31F4D6,A1B7C1F83E5DA4376FD2E1DBA7AC28A71AB332AD,924B24AFA7F075D059E8EEB284CC400B33D3D036,2020-08-27 04:30:31.096000,2020-08-27 04:30:32.014000
yhmavy74atnxxziw,failed,not_found,4470,B872BA6804C8C6E140AE1897B44CF32B42FD2397,046F2D59A85FAE693676A87533717C57436261C2,76F3A81A0784DCF536F6DE19F98EAEB1F89DECCF,C3D92B0696196558E784EF7252A5370192720BE5,2020-08-27 04:30:24.364000,2020-08-27 04:30:25.111000
yhmavy74atnxxziw,failed,not_found,4634,B872BA6804C8C6E140AE1897B44CF32B42FD2397,A39721D284AA1ED1AE87AE63523535484AA14FB5,1804C06A266F0DA26DF58CD559E01C2F7C3FC42A,C3E0E9EA1FF3FCFC27E856BFE61533020DD7F090,2020-08-27 04:30:25.111000,2020-08-27 04:30:26.048000
yhmavy74atnxxziw,failed,not_found,4831,B872BA6804C8C6E140AE1897B44CF32B42FD2397,98138DFD3E2C8C89D8F5AB11EF9B6BFF272D83B4,5E7467C0E00AB25C56E0887271FEE69DFC1306CD,C3EFDAE459692CC22D7181FEF0F0A579156F43C1,2020-08-27 04:30:26.048000,2020-08-27 04:30:27.457000
yhmavy74atnxxziw,failed,not_found,5159,B872BA6804C8C6E140AE1897B44CF32B42FD2397,E81EF60A73B3809F8964F73766B01BAA0A171E20,C95068D2331DCAA934A6BDD4AF3A11D14B707D91,DA4B488C2826DFBBD04D635DA1E71A2BA5B20747,2020-08-27 04:30:27.457000,2020-08-27 04:30:28.206000
yhmavy74atnxxziw,failed,not_found,5332,B872BA6804C8C6E140AE1897B44CF32B42FD2397,235D3444236ABC28F412E93814F6B783200D4630,D24FB714345D4B9061CEA89ACBAD343081F14928,DA53984DBA28420169F34F4F44CB24E3A0946747,2020-08-27 04:30:28.206000,2020-08-27 04:30:28.868000
yhmavy74atnxxziw,failed,not_found,5478,B872BA6804C8C6E140AE1897B44CF32B42FD2397,B86BE002D4D6F3E2999E8EEAC9B72CAA796944BE,127887BF5B69EFEFA0DC47FC767135E0ACAAFD9F,DA1B8B8D617909902572790CE8BB99DA502C6485,2020-08-27 04:30:28.868000,2020-08-27 04:30:29.876000
ckibya6phgkpjwv5,failed,not_found,4476,B872BA6804C8C6E140AE1897B44CF32B42FD2397,A56A0120A21557832000D5C68FCD7DE08E82A3B0,77B8255CD2A608B962DA4423B8CF49ACFD1E21FE,FF8F56B5E1A36341F84FF72927CEB3F0AC6BC6A9,2020-08-27 04:30:24.385000,2020-08-27 04:30:25.268000
ckibya6phgkpjwv5,failed,not_found,4662,B872BA6804C8C6E140AE1897B44CF32B42FD2397,4F0E5D4E184C40E2B9A89664005B308A1DEE3756,8C9E4277399C612C2032CD3C98C052F0D6EA4961,0338F9F55111FE8E3570E7DE117EF3AF999CC1D7,2020-08-27 04:30:25.268000,2020-08-27 04:30:26.045000
ckibya6phgkpjwv5,failed,not_found,4824,B872BA6804C8C6E140AE1897B44CF32B42FD2397,74F2329674F27CB8169A32A41D971629623B7535,CB21756D213C09812ED2B03DC111CDE937387F9D,034AA4B30F77DF0FE183602EA7F8251FF2CF1BA2,2020-08-27 04:30:26.046000,2020-08-27 04:30:28.532000
ckibya6phgkpjwv5,failed,not_found,5419,B872BA6804C8C6E140AE1897B44CF32B42FD2397,CAC1EEB324F8CEDAE9C432E99CE8F42DDF4CB490,C0EDB08D7540D1DD3CA69809ED17D979F51B66E3,FF891D6EB596CD4E1CAD2F058EB4D1657260B525,2020-08-27 04:30:28.532000,2020-08-27 04:30:29.912000
ckibya6phgkpjwv5,failed,not_found,5745,B872BA6804C8C6E140AE1897B44CF32B42FD2397,46E0487EEEFD694CE625CC6E12D032395C01DB82,79C674E6C1AC90687CCCF644D24C17AC1E535A3C,FF87E49EF33078B04A5DE26AAE170DDF8BAE139F,2020-08-27 04:30:29.912000,2020-08-27 04:30:30.830000
ckibya6phgkpjwv5,,,,,,,02ED4F8DB11F1303BA21B16AA1CF2A0A48547ACA,2020-08-27 04:30:30.830000,
o6voj4zobw2nj54v,failed,not_found,4477,B872BA6804C8C6E140AE1897B44CF32B42FD2397,82ED9AEC94184EC6DD299A5CDB3378B04BB17489,4B550F757A5904939280CB85DE61F125A08AE5DE,620DB859CB0F86B02F81919DA10799E71D92762A,2020-08-27 04:30:24.385000,2020-08-27 04:30:25.232000
o6voj4zobw2nj54v,failed,not_found,4656,B872BA6804C8C6E140AE1897B44CF32B42FD2397,4A59FD3642C4D9F46A8D916AC9BC64390BCBC6AE,14D57DEDF0A4554A2D21AD53CCCC43E31158C733,B778066DAD76D6EEA7D0D31A82F168A84C0D7955,2020-08-27 04:30:25.232000,2020-08-27 04:30:25.972000
o6voj4zobw2nj54v,failed,not_found,4800,B872BA6804C8C6E140AE1897B44CF32B42FD2397,51142A1DF64451C7750ECB85788364A68A07CEC2,F52B8C77AC5885566C06E5ADB33A5A09C5E8B534,62004CD0E7112C16AB8079F9D335C6F58CB3BA50,2020-08-27 04:30:25.972000,2020-08-27 04:30:27.596000
o6voj4zobw2nj54v,failed,not_found,5203,B872BA6804C8C6E140AE1897B44CF32B42FD2397,43FF3346A3F8E4ED27F631DC956C4CD8D6173D7A,9F5068310818ED7C70B0BC4087AB55CB12CB4377,61FA7E7C766577D76EBABF19330993DEFA8AF3C3,2020-08-27 04:30:27.596000,2020-08-27 04:30:28.270000
o6voj4zobw2nj54v,failed,not_found,5345,B872BA6804C8C6E140AE1897B44CF32B42FD2397,C22BA9ED6DEE071D2B37B9718DCCFB6A53EAD5E6,A6E0F950CAC74AF867CA21976069529D6D4D3E30,B76A047C20D3E4F9B5A64428298DA55A90D62472,2020-08-27 04:30:28.271000,2020-08-27 04:30:29.042000
o6voj4zobw2nj54v,failed,not_found,5536,B872BA6804C8C6E140AE1897B44CF32B42FD2397,2F4C603CCBBCA287B04ECAB0EB0EEC9DFCA9CED9,D65DB84BF1EB4DD225B9A1CD9CEFD87B595A30F5,B7826E5C7C22D696E42AE96B696F66C5E9D86984,2020-08-27 04:30:29.043000,2020-08-27 04:30:30.369000
zxhxrmbywo57n5he,failed,not_found,4483,B872BA6804C8C6E140AE1897B44CF32B42FD2397,EAA823552F959DFD038E9AC8FA89345A738B6C00,08602BACB604139F07C9530DFC243454C48B9749,144CCCE4EFE85215BC0866E797BEA8F85929CFED,2020-08-27 04:30:24.431000,2020-08-27 04:30:25.199000
zxhxrmbywo57n5he,failed,not_found,4645,B872BA6804C8C6E140AE1897B44CF32B42FD2397,94318CC2299A3826D81899EB23C25A2B7D6B1FFE,CA4E9DFE87DE87E502F3B503D07EC8EFCAEE2549,9A08E378EA3FA18183CB0522D7665550E1B42BB4,2020-08-27 04:30:25.200000,2020-08-27 04:30:25.989000
zxhxrmbywo57n5he,failed,not_found,4806,B872BA6804C8C6E140AE1897B44CF32B42FD2397,E663E4851EC31BE460BC2DA3164E9BE114E73F3A,B9E7A637B00BBB77853A639CC33245A2FEB8F033,9A0AAF2E43BE3744CD1D6CD532C861F5A568F7A9,2020-08-27 04:30:25.989000,2020-08-27 04:30:27.335000
zxhxrmbywo57n5he,failed,not_found,5129,B872BA6804C8C6E140AE1897B44CF32B42FD2397,D710B8449C8EC4E3ED55B8C7483B6445ED9A0DBB,35513B1D2EA70649346C3C6D34F63D6982E3948A,148487C6EBE04EB22496080C20796C51B060F611,2020-08-27 04:30:27.335000,2020-08-27 04:30:28.227000
zxhxrmbywo57n5he,failed,not_found,5338,B872BA6804C8C6E140AE1897B44CF32B42FD2397,04DFE047ACDF7A6620ACA782FAFC5EF1AE7F4754,3D615DEF97F387631F50201FAFA6E7B67FDF3FEF,9A1B4E6D96C9321657FA31036A54C4216EE978A2,2020-08-27 04:30:28.227000,2020-08-27 04:30:29.122000
zxhxrmbywo57n5he,failed,not_found,5624,B872BA6804C8C6E140AE1897B44CF32B42FD2397,20462CBA5DA4C2D963567D17D0B7249718114A68,5D2A8CAA119D0528722C2438350FAB0C8DE01AB7,1443DAAF09F47875D922F718C8CC89A88C50B3F5,2020-08-27 04:30:29.122000,2020-08-27 04:30:30.147000
udtb3dry3vi2ftlx,failed,not_found,4683,B872BA6804C8C6E140AE1897B44CF32B42FD2397,1B5C9AA2DF96A8E6603D4EFA238AFE454A83CCCF,96B70F86B45623B4EC71E8E953DCD61A05D5BAAC,E75F2ACA1A18291AFE52E6BE0BAC1F805ABC1439,2020-08-27 04:30:25.330000,2020-08-27 04:30:26.151000
udtb3dry3vi2ftlx,failed,not_found,4859,B872BA6804C8C6E140AE1897B44CF32B42FD2397,E81993EA52B73285CFFD02FEC003569D21483001,E6C532D7C7614F19EF809F50AA735054BAB47979,F21760E63FE2BB45629BB14FCDB0FD677485DAF8,2020-08-27 04:30:26.152000,2020-08-27 04:30:26.932000
udtb3dry3vi2ftlx,failed,not_found,5027,B872BA6804C8C6E140AE1897B44CF32B42FD2397,B1E43B11A955CBA31F5261A22CBFCE204C95D5DE,4D52A12D9AD22A7E1BE5B564953A7CA9C31DA675,E75ABF29D4B417D3D3565AEDAF89E4F9D16E736F,2020-08-27 04:30:26.932000,2020-08-27 04:30:27.688000
udtb3dry3vi2ftlx,failed,not_found,5216,B872BA6804C8C6E140AE1897B44CF32B42FD2397,3F092986E9B87D3FDA09B71FA3A602378285C77A,4FF53BC47097B50DA5B68D72C5B25CC079F4A787,F237DAC181708BEEFF180632CD7AB42ECA0ACF91,2020-08-27 04:30:27.689000,2020-08-27 04:30:29.183000
udtb3dry3vi2ftlx,failed,not_found,5577,B872BA6804C8C6E140AE1897B44CF32B42FD2397,74B8B22AF950B0BE11D8A228FB09D2F5279FB757,CE863C22AD5ABBEAF606AE35A22781C409D895E5,E747773C61CF671A222EB913DE17DA33074A6D76,2020-08-27 04:30:29.184000,2020-08-27 04:30:30.321000
udtb3dry3vi2ftlx,failed,not_found,5834,B872BA6804C8C6E140AE1897B44CF32B42FD2397,85A3AC041E3FCD796AF5D653953D5E27A56E3719,CD39C258265B25EAA4ABA4FDCB2DF98104CAA362,F21DFB7CCD5EEF3E021086EC96EF7CFCAA72F4F3,2020-08-27 04:30:30.322000,2020-08-27 04:30:31.137000
jm4tbprypta6w5nq,failed,not_found,4684,B872BA6804C8C6E140AE1897B44CF32B42FD2397,6532EB51C1EA8B674F4AEFCFA31323AE4C4212E4,AE17FAAF8F302A506AF2167666EC62882804403F,8D3D6023C01D73D5A7AD645E209377BC5ACC6B82,2020-08-27 04:30:25.330000,2020-08-27 04:30:26.133000
jm4tbprypta6w5nq,failed,not_found,4853,B872BA6804C8C6E140AE1897B44CF32B42FD2397,03910F285A33F365838EC66EF2C2EF754D046760,5436FC72ABDEAC39BF58E64E5E12C462A7D3D088,8D41994D1D18E94403C3F67D0699E4C9D2248D4A,2020-08-27 04:30:26.133000,2020-08-27 04:30:27.003000
jm4tbprypta6w5nq,failed,not_found,5050,B872BA6804C8C6E140AE1897B44CF32B42FD2397,5B701D5C806F91D8A3C6B3E92624727EC43E26C2,E715660198FD1BB22F4D2DF66960D37908BC0C80,8D457B3887EFB17A2BA8EA01559E16CEE74E2489,2020-08-27 04:30:27.003000,2020-08-27 04:30:29.549000
jm4tbprypta6w5nq,failed,not_found,5666,B872BA6804C8C6E140AE1897B44CF32B42FD2397,40CDE936B04B4573A47223396006443CA5EAC845,4837A6DFFC8E3681D70AD9E8D057C029093DA2F7,451C144A35AAD47AF91FCE3021B4B982F6811335,2020-08-27 04:30:29.549000,2020-08-27 04:30:31.186000
jm4tbprypta6w5nq,failed,not_found,6064,B872BA6804C8C6E140AE1897B44CF32B42FD2397,8DF22EEAAE24835783E0581FB2C7CFFE80A5C070,303509AB910EF207B7438C27435C4A2FD579F1B1,453A763984BCF3E2FBD94B3CF2AE90EA02E4A145,2020-08-27 04:30:31.186000,2020-08-27 04:30:32.177000
jm4tbprypta6w5nq,failed,not_found,6104,B872BA6804C8C6E140AE1897B44CF32B42FD2397,1B3E48D75E7F7E61D1B9BBE24BA15A38B454380D,7FA3FA525901A91A1310B817943668BC2C16289E,453E51CBAA4C2169EBCB05583247DD6201E87FAD,2020-08-27 04:30:32.177000,2020-08-27 04:30:33.139000
djh2ivr7ik73ygi5,failed,not_found,4685,B872BA6804C8C6E140AE1897B44CF32B42FD2397,7D2595ABBB2F83E10275C0F3D2944DC580B4B55E,63C81BCA835570069A7FCD48312DEA707F6CBAA2,C239952D0C8E4EABC3E6B0A8E0B623689174E3C6,2020-08-27 04:30:25.331000,2020-08-27 04:30:26.008000
djh2ivr7ik73ygi5,failed,not_found,4812,B872BA6804C8C6E140AE1897B44CF32B42FD2397,7776F1FCE7027DA8FE3E2C35736661E02CCA12F8,58A9921DD0A1389356634625C5B14ACC1194A95C,C22BA9ED6DEE071D2B37B9718DCCFB6A53EAD5E6,2020-08-27 04:30:26.008000,2020-08-27 04:30:27.335000
djh2ivr7ik73ygi5,failed,not_found,5130,B872BA6804C8C6E140AE1897B44CF32B42FD2397,EFCCA5852D18207A7A93C13EF3460458CAAEA9D9,0E300A0942899B995AE08CEF58062BCFEB51EEDF,1CD17CB202063C51C7DAD3BACEF87ECE81C2350F,2020-08-27 04:30:27.335000,2020-08-27 04:30:28.402000
djh2ivr7ik73ygi5,failed,not_found,5380,B872BA6804C8C6E140AE1897B44CF32B42FD2397,3C79702BCC4AA498CB8E9FEC8A51A72AE89169EA,43E896D36AAB20B5B63094BBC52CAD4B560E47BF,C2481FAAA5508F6C2A64873972281220E9778476,2020-08-27 04:30:28.403000,2020-08-27 04:30:29.778000
djh2ivr7ik73ygi5,failed,not_found,5703,B872BA6804C8C6E140AE1897B44CF32B42FD2397,BE40A5C8EB81704DBC1586190159AA7EDC1DA11D,B8805CBDBE91A5E68D268FC62DC617B5BD7CC9E7,1CBFDCABD9012B06471FF868FE02B6BCC0133520,2020-08-27 04:30:29.778000,2020-08-27 04:30:30.556000
djh2ivr7ik73ygi5,failed,not_found,6867,B872BA6804C8C6E140AE1897B44CF32B42FD2397,8127FEAAF63A37CDB3CF0D1DA75D1B8D6DA90AD9,8358BDDA9C9A680B4E3A2809E5C24F5B3624D5C2,1CD48F4ED0F1821FFBF1940802A13EEFD4C27502,2020-08-27 04:30:30.556000,2020-08-27 04:30:35.692000
sf6mpu47nozhte6j,failed,not_found,4691,B872BA6804C8C6E140AE1897B44CF32B42FD2397,4FAB66DD36CF53A4D1F8D933037FA509ADE063BA,438F3EA4C9FB0DB63F5377A3271AB5435FAD7E04,FC629D4416C43468274FA21E4BE0609322E7B268,2020-08-27 04:30:25.366000,2020-08-27 04:30:26.530000
sf6mpu47nozhte6j,failed,not_found,4938,B872BA6804C8C6E140AE1897B44CF32B42FD2397,DCE8DBF94576272AD10D996C9AA0794A4567F304,F741E5124CB12700DA946B78C9B2DD175D6CD2A1,FC773D88785CF34CF0028BA13C5CBD32CAB27AE2,2020-08-27 04:30:26.530000,2020-08-27 04:30:27.670000
sf6mpu47nozhte6j,failed,not_found,5210,B872BA6804C8C6E140AE1897B44CF32B42FD2397,44DF1007B545B4D8057F279025EBB33CF99BE227,72C2EB697C3CD4CE7408359B386DEE6B2888F714,E34C28D652520D7C8D386EA3958EA924910E647B,2020-08-27 04:30:27.670000,2020-08-27 04:30:28.909000
sf6mpu47nozhte6j,failed,not_found,5494,B872BA6804C8C6E140AE1897B44CF32B42FD2397,8C3AD2C2AAF7F7B7E92B81F13C1A9267B39416DA,8C5B316ED73018484765C3E0944E4508DCAE0944,E351F94CF18E8CE8837549497B48559FA9D8B229,2020-08-27 04:30:28.909000,2020-08-27 04:30:30.872000
sf6mpu47nozhte6j,failed,not_found,7153,B872BA6804C8C6E140AE1897B44CF32B42FD2397,1D43C22FCEAE121726C6075C6CF7DCD3F8D9C88A,E9A90B9FF0574410695BA5F5C8354368221A7114,FC627D21D5AFB33C146F77474ACC33CF119A60FB,2020-08-27 04:30:30.872000,2020-08-27 04:30:37.755000
sf6mpu47nozhte6j,failed,not_found,7830,B872BA6804C8C6E140AE1897B44CF32B42FD2397,31D270A38505D4BFBBCABF717E9FB4BCA6DDF2FF,7355A4A20BA4C083C921464302108C121BAC7EF2,E3500E2C9F6B87085056893C4279AEA0B3F37782,2020-08-27 04:30:37.755000,2020-08-27 04:30:38.818000
cgy3rxlwjb2zrwh4,failed,not_found,4900,B872BA6804C8C6E140AE1897B44CF32B42FD2397,A785BB0757BE625BD938BD2D1DD015DBC3AF46F6,A50CFA07258E3CEA7B06FC9B6248A257565287F5,54F5D800DD9783FCF2200E80EF3D1A867A3F6D6B,2020-08-27 04:30:26.347000,2020-08-27 04:30:27.669000
cgy3rxlwjb2zrwh4,failed,not_found,5209,B872BA6804C8C6E140AE1897B44CF32B42FD2397,ACAE2A7000B2BEB08704AAA0A2DDCADD68E58A63,C25E583A63191C6CEF57F503F38A4C6815321A85,54F0D1BA3FA0A117F54394355D4F8B45DF9A076A,2020-08-27 04:30:27.670000,2020-08-27 04:30:28.776000
cgy3rxlwjb2zrwh4,failed,not_found,5462,B872BA6804C8C6E140AE1897B44CF32B42FD2397,34133CC3192CF7538089B14511400DF21BA5A077,9E4CC64C4F94C359D43C5BA09094323FDBEFD975,54FF87E18CF4B351BB078A640A4DC5265969485E,2020-08-27 04:30:28.776000,2020-08-27 04:30:30.321000
cgy3rxlwjb2zrwh4,failed,not_found,5828,B872BA6804C8C6E140AE1897B44CF32B42FD2397,B8F6E68B36BEE2BF548750BDCCC3C2A7DB56A623,3DD93E6A1959804D0E36D26E83CA86E3AD3F4DE4,8168C5DED2879DCAF91F686683EA00612F422FDC,2020-08-27 04:30:30.321000,2020-08-27 04:30:32.966000
cgy3rxlwjb2zrwh4,failed,not_found,6499,B872BA6804C8C6E140AE1897B44CF32B42FD2397,81F59E8936D0B2105182E4B8200AC07D9274961F,E4A23FEACFA0D7064C6694BE91BF94805E3CE487,819F0B4CF49043EA1E602AB2EFF53FDB419D8DF6,2020-08-27 04:30:32.967000,2020-08-27 04:30:34.183000
cgy3rxlwjb2zrwh4,failed,not_found,6823,B872BA6804C8C6E140AE1897B44CF32B42FD2397,F8DE8132E599A194E20DDB738AF64A7200CD5949,F34B418DB5F47B81A7451C40421A5B002A532723,819C8AFEDAC733315A8F3DB80F043F13090C49F6,2020-08-27 04:30:34.184000,2020-08-27 04:30:35.595000
sk7gqubw3ll5a75w,failed,not_found,4901,B872BA6804C8C6E140AE1897B44CF32B42FD2397,5E7467C0E00AB25C56E0887271FEE69DFC1306CD,E97DAC45ED2AB46DD830A279BDCC7AFCE10EE674,AC9A06F8B47676C9AE5C80DB3964C6ABF2A21965,2020-08-27 04:30:26.347000,2020-08-27 04:30:27.129000
sk7gqubw3ll5a75w,failed,not_found,6101,B872BA6804C8C6E140AE1897B44CF32B42FD2397,046F2D59A85FAE693676A87533717C57436261C2,DA8D76F5F5819693B5C96F499BA19F7404014769,66BBCD0D58FDB891AD86CE22A2613A9BEE3CA274,2020-08-27 04:30:27.129000,2020-08-27 04:30:32.329000
sk7gqubw3ll5a75w,failed,not_found,6331,B872BA6804C8C6E140AE1897B44CF32B42FD2397,D8120A907FAFD23A0CD15CD8DFB35B5B6DB583FF,DBE82FA23B9FE3CB2462A6FCF5289DED3CBF4AEE,669E5034B6DE2E2C7CFBCF9EAC8D9F5A47757996,2020-08-27 04:30:32.329000,2020-08-27 04:30:33.086000
sk7gqubw3ll5a75w,failed,not_found,7719,B872BA6804C8C6E140AE1897B44CF32B42FD2397,4CD4DFFEF3971C902A22100D911CAC639BE2EF5C,7355A4A20BA4C083C921464302108C121BAC7EF2,ACAE2A7000B2BEB08704AAA0A2DDCADD68E58A63,2020-08-27 04:30:33.087000,2020-08-27 04:30:38.777000
sk7gqubw3ll5a75w,failed,not_found,8731,B872BA6804C8C6E140AE1897B44CF32B42FD2397,25A84EFEE28E443EB9D3130138243452586F8BAA,18A0BF3052374A7111EF4B8FC8EB7B9B30C95308,AC990FD1FF5058EFA43A809E948B23EF998D021B,2020-08-27 04:30:38.777000,2020-08-27 04:30:43.265000
sk7gqubw3ll5a75w,failed,not_found,8922,B872BA6804C8C6E140AE1897B44CF32B42FD2397,63C6AB74A5C288C2159DDC783BB00F88AB44427C,271454031B99A7F5DDE486C554D40DBC4F050D29,66B06D59BDFC90EBC6EDE79C558275F2CD4799B0,2020-08-27 04:30:43.265000,2020-08-27 04:30:44.181000
gp3cysvum4irq3z2,failed,not_found,4907,B872BA6804C8C6E140AE1897B44CF32B42FD2397,1F97BE0788A261FF978C082E0AB44ADD96AF1F7A,863FDDA3CA537CE03646B3AEBD3FD1CC6B077FBE,0173A7A8BA9D32043641B69726D32A9ADFE26D16,2020-08-27 04:30:26.368000,2020-08-27 04:30:27.063000
gp3cysvum4irq3z2,failed,not_found,5066,B872BA6804C8C6E140AE1897B44CF32B42FD2397,8B67AE10335B9D44D31509B9A94ABE8ED769F17A,87C08DDFD32C62F3C56D371F9774D27BFDBB807B,D8B99A7556B3A546910F505F374F55D2417EEE12,2020-08-27 04:30:27.063000,2020-08-27 04:30:28.429000
gp3cysvum4irq3z2,failed,not_found,5396,B872BA6804C8C6E140AE1897B44CF32B42FD2397,5DB9AE27A44EB7B476CC04A66C67A71C97A001E6,F9674F45A25CAA977E7B872807E0A070C121F5FA,01729F10A81DDD8A92D770B2133082EB56C75E26,2020-08-27 04:30:28.429000,2020-08-27 04:30:29.442000
gp3cysvum4irq3z2,failed,not_found,5648,B872BA6804C8C6E140AE1897B44CF32B42FD2397,7E44E0D39CE8666A98EA5DEBCBB8E12B3906410F,2935E0F03B71BE44F6F265FEF976E810BAAD6F4E,01981F09AF08EB1EC69F91B31D89B6C76757620A,2020-08-27 04:30:29.442000,2020-08-27 04:30:30.788000
gp3cysvum4irq3z2,failed,not_found,5846,B872BA6804C8C6E140AE1897B44CF32B42FD2397,638D91FC9EF661348A6994D04C3499BC03F50BBE,2AF23516A65C6FF674D33D81480253902388FDBC,D8B9AE2CCFAF30A7974AAEB9B3FEAF035B070D81,2020-08-27 04:30:30.789000,2020-08-27 04:30:31.422000
gp3cysvum4irq3z2,failed,not_found,6123,B872BA6804C8C6E140AE1897B44CF32B42FD2397,F8DE8132E599A194E20DDB738AF64A7200CD5949,C7E332093AD8D8CBBED8AA6136BDDBC337A87BF4,D8BD437B3165203E890D0DB57DF2AC128C95B3B4,2020-08-27 04:30:31.422000,2020-08-27 04:30:32.497000
ene44vvo3j3ge6ia,failed,not_found,4908,B872BA6804C8C6E140AE1897B44CF32B42FD2397,0CC18E42E5ECADFE76862CE2EB7189EFA17A11FD,9C34EAD957DF77978BCF356F3F96B9A79E3961CB,49877399DD0E82FE123148361038823368F77193,2020-08-27 04:30:26.368000,2020-08-27 04:30:27.111000
ene44vvo3j3ge6ia,failed,not_found,5072,B872BA6804C8C6E140AE1897B44CF32B42FD2397,C239952D0C8E4EABC3E6B0A8E0B623689174E3C6,C49A177510CAA653DA6727BF0E07FB7F56A0F09D,49791A9C1CD16463868F407C3968A3DCF1E9DC49,2020-08-27 04:30:27.111000,2020-08-27 04:30:27.690000
ene44vvo3j3ge6ia,failed,not_found,5222,B872BA6804C8C6E140AE1897B44CF32B42FD2397,A7C5B40EC0FB5175E884075DDC87531D353F679C,8FD3BAF5E14EBE1124D6253D59882AFE1C2B9B8E,9423A72BBC8B5C6AC9DE9F57735EB2B08E4156E8,2020-08-27 04:30:27.690000,2020-08-27 04:30:28.456000
ene44vvo3j3ge6ia,failed,not_found,5403,B872BA6804C8C6E140AE1897B44CF32B42FD2397,E5CC91BAFE7CCD68003E873D32E38027638D49D7,6D4D5193A0E290C027FE6B66731133F70946A155,495B496867C84BBC92338301D924850F226E75DA,2020-08-27 04:30:28.456000,2020-08-27 04:30:29.318000
ene44vvo3j3ge6ia,failed,not_found,5613,B872BA6804C8C6E140AE1897B44CF32B42FD2397,B1E43B11A955CBA31F5261A22CBFCE204C95D5DE,6E9642DDB353D044931029C036D1CAD832F3DFD7,94318CC2299A3826D81899EB23C25A2B7D6B1FFE,2020-08-27 04:30:29.318000,2020-08-27 04:30:29.874000
ene44vvo3j3ge6ia,failed,not_found,6866,B872BA6804C8C6E140AE1897B44CF32B42FD2397,8C612213C4B5C154FA90847F36FBF36DB78AB1AC,11DF0017A43AF1F08825CD5D973297F81AB00FF3,9425164E47E7B8F2AA66944FBDC38CFAFB3E0B7C,2020-08-27 04:30:29.875000,2020-08-27 04:30:35.554000
xu5hzlacfcivb25d,failed,not_found,5147,B872BA6804C8C6E140AE1897B44CF32B42FD2397,CCF28BC8FB26C8C172DEE741702056914D2849BD,0C6D3655763B1A3A60FC42135CD60765AFE953BA,27A4E3F95718C8C699B795B47BAFFAAF67194A23,2020-08-27 04:30:27.403000,2020-08-27 04:30:28.227000
xu5hzlacfcivb25d,failed,not_found,5339,B872BA6804C8C6E140AE1897B44CF32B42FD2397,A0261C16D15B44F7C98B470FC073EA2B9CD10D41,2D70583AFDE90C7C3D9CFF9F0C076F0C022CC29C,73DCA56424912F69F1478D6630DF27CFE8F41439,2020-08-27 04:30:28.227000,2020-08-27 04:30:29.064000
xu5hzlacfcivb25d,failed,not_found,5542,B872BA6804C8C6E140AE1897B44CF32B42FD2397,6E4B0D429CD87AB6C25D72E298294C583FF8BA4A,2AA5F598F9A1812F01CD99E3B59BB87362ED7438,27C69411CFFE9043D7C9B29CE65339B92A54D35D,2020-08-27 04:30:29.064000,2020-08-27 04:30:31.567000
xu5hzlacfcivb25d,failed,not_found,6161,B872BA6804C8C6E140AE1897B44CF32B42FD2397,7B190463E733CC292AA4010D194D1798CD8EB9A0,C005F0CB30CD54CB45FF08ED151511A286B1B7CE,27D02579AD5F3E32895D99C38E482D1DC6CBAE5E,2020-08-27 04:30:31.567000,2020-08-27 04:30:33.722000
xu5hzlacfcivb25d,failed,not_found,6633,B872BA6804C8C6E140AE1897B44CF32B42FD2397,6DFEB41C04CCE846871338E85DD5ACF5CFB6C1DD,43FF3346A3F8E4ED27F631DC956C4CD8D6173D7A,73E0EAD7C2A9E9603C0DB7EE4743CCEF935EAC3D,2020-08-27 04:30:33.722000,2020-08-27 04:30:34.184000
xu5hzlacfcivb25d,failed,not_found,8919,B872BA6804C8C6E140AE1897B44CF32B42FD2397,DD7BD3E5BD0BA48A8C70B0CDF017FA5988B87E27,61FA7E7C766577D76EBABF19330993DEFA8AF3C3,73A5A81688BD536BFBABE18630F5BD6306C9AC8E,2020-08-27 04:30:34.184000,2020-08-27 04:30:44.181000
xpeqjvsnsn7ci6wj,failed,not_found,5170,B872BA6804C8C6E140AE1897B44CF32B42FD2397,A22B1C2EF2255987F8AB8AA0B1A8E23F5023EEB8,638D91FC9EF661348A6994D04C3499BC03F50BBE,9AB93B5422149E5DFF4BE6A3814E2F6D9648DB6A,2020-08-27 04:30:27.515000,2020-08-27 04:30:28.271000
xpeqjvsnsn7ci6wj,failed,not_found,5346,B872BA6804C8C6E140AE1897B44CF32B42FD2397,0E300A0942899B995AE08CEF58062BCFEB51EEDF,2CD9A9BEFC2FD3BA4A2A53EFA7B16C7C66956D90,72B2B12A3F60408BDBC98C6DF53988D3A0B3F0EE,2020-08-27 04:30:28.271000,2020-08-27 04:30:29.090000
xpeqjvsnsn7ci6wj,failed,not_found,5548,B872BA6804C8C6E140AE1897B44CF32B42FD2397,C3CFCC9B5993A6F0D1349858C598C4A78AFE51F9,B70BD334FFEE23E653B75219AE12CF0236BCFCBB,7292EF58742CC793F7AB3846D87001178328F9A2,2020-08-27 04:30:29.091000,2020-08-27 04:30:30.344000
xpeqjvsnsn7ci6wj,failed,not_found,5840,B872BA6804C8C6E140AE1897B44CF32B42FD2397,950134F4ABA3291EEE4E7A2F26546DB7070776A4,1C0736CF3744A3B87C2D2269B8BD3388C7E60552,9ACD9D526D1F82D7A00225742F1BDB374D7D17D4,2020-08-27 04:30:30.344000,2020-08-27 04:30:31.230000
xpeqjvsnsn7ci6wj,failed,not_found,6072,B872BA6804C8C6E140AE1897B44CF32B42FD2397,103336165A0D2EFCAD3605339843A0A7710B8B92,0D2FD3E66E063B49736EBB805287014428416757,729DAA09F1E225DBAAF2F42F3C82FD3BBE7AD5DE,2020-08-27 04:30:31.230000,2020-08-27 04:30:32.383000
xpeqjvsnsn7ci6wj,failed,not_found,6369,B872BA6804C8C6E140AE1897B44CF32B42FD2397,1FC89C159EA0F96D52D8A7092BF938C509DB6984,A1FC8E424167AD70B6FA4953D9348BCD82CEB788,9AC1E6D6D65D8036A42F3F6B88ADC2BEBDE17F17,2020-08-27 04:30:32.383000,2020-08-27 04:30:33.180000
g4syzitzpm2qjut5,failed,not_found,5171,B872BA6804C8C6E140AE1897B44CF32B42FD2397,A0DFB31231C718829FA18EAB4D0CD51DEDBAE08C,8B64F593CAC2ED05C0FA703AEF50FF71925B569C,1C41B62A48C9B86E2D0AA6C27F25D73CCC848D83,2020-08-27 04:30:27.515000,2020-08-27 04:30:28.955000
g4syzitzpm2qjut5,failed,not_found,5510,B872BA6804C8C6E140AE1897B44CF32B42FD2397,F73036C92CD94D5A16DEA9E50FE4BEC2AF3DE171,4B68D0E5392ED6F3469A37880631353A96558631,1C4147BDE31ED65715FE1CF088570E145BF46AA1,2020-08-27 04:30:28.955000,2020-08-27 04:30:30.265000
g4syzitzpm2qjut5,failed,not_found,5817,B872BA6804C8C6E140AE1897B44CF32B42FD2397,872B18761953254914F77C71846E8A2623C52591,EE7CD2A763435C7006095BD167C790ABE5BC4DEA,1C2F0929A4A8D9661D83E70FDE96B61040ECA14D,2020-08-27 04:30:30.266000,2020-08-27 04:30:31.050000
g4syzitzpm2qjut5,failed,not_found,6005,B872BA6804C8C6E140AE1897B44CF32B42FD2397,708A968F3644F8A547156368FEA3DB664110E631,9A48EC8AAFB2E8C9E20408596383DB74F1196747,2F09BD6D9A2D5A7D6D26C17651CE8ECF0B7BA257,2020-08-27 04:30:31.050000,2020-08-27 04:30:31.750000
g4syzitzpm2qjut5,failed,not_found,6200,B872BA6804C8C6E140AE1897B44CF32B42FD2397,6FF440DFB1D0697B942357D747900CC308DD57CC,823183CEB754CDE8E76A3722D783CA031E7E160A,2F26D43258285FEB39E4320888DFAFA8A0D20E11,2020-08-27 04:30:31.750000,2020-08-27 04:30:32.572000
g4syzitzpm2qjut5,failed,not_found,6426,B872BA6804C8C6E140AE1897B44CF32B42FD2397,7B0D94D348D9F98C50B6674C5CB17AF35EA2605F,6ED3BE22B2261258017B3F0584706265985D7AE9,2ED8654AD1B8C25F3EB83156B07EA35BE6132F0C,2020-08-27 04:30:32.572000,2020-08-27 04:30:33.360000
txrh6rks25uzd7n5,failed,not_found,5177,B872BA6804C8C6E140AE1897B44CF32B42FD2397,8404E8B8AAB98208FAEFB1727B637133AD9C6FAF,0F977B4D6EBEECD578AC838A5FDDC81B636060A7,1099983E2C5C3ECDAD0B7D5AABD2AC6BF2CBBF70,2020-08-27 04:30:27.516000,2020-08-27 04:30:28.680000
txrh6rks25uzd7n5,failed,not_found,5441,B872BA6804C8C6E140AE1897B44CF32B42FD2397,E46C3F0533709EE2112874B13A4FE3868B33E75E,874D84382C892F3F61CC9E106BF08843DE0B865A,1079E628FC6B0025656AC024F2D9975C441498CD,2020-08-27 04:30:28.680000,2020-08-27 04:30:29.443000
txrh6rks25uzd7n5,failed,not_found,5655,B872BA6804C8C6E140AE1897B44CF32B42FD2397,0ED0EA324C931CF41CB5272BFB1D015B3D5772A9,874D84382C892F3F61CC9E106BF08843DE0B865A,1096D71C2EA45A68E4D3A375CAE590FBF349DEAB,2020-08-27 04:30:29.444000,2020-08-27 04:30:30.111000
txrh6rks25uzd7n5,failed,not_found,5805,B872BA6804C8C6E140AE1897B44CF32B42FD2397,901CBA6FF3B90618D3FFEFF040353C267F690DF8,6E4B0D429CD87AB6C25D72E298294C583FF8BA4A,B3D56C1E0AD84BA93AF6DC533A8569C3D0E8A58B,2020-08-27 04:30:30.111000,2020-08-27 04:30:30.966000
txrh6rks25uzd7n5,failed,not_found,5984,B872BA6804C8C6E140AE1897B44CF32B42FD2397,1C0736CF3744A3B87C2D2269B8BD3388C7E60552,9288B75B5FF8861EFF32A6BE8825CC38A4F9F8C2,B3C6B4D26A20151F568D39ACFA63E15DBC01CD5D,2020-08-27 04:30:30.966000,2020-08-27 04:30:31.678000
txrh6rks25uzd7n5,failed,not_found,6185,B872BA6804C8C6E140AE1897B44CF32B42FD2397,F8D27B163B9247B232A2EEE68DD8B698695C28DE,0EFF185569EC180F7027C060C5CB71272B5F8C44,B3DA9D673321B92253DCCD38A9740F2C562C91EA,2020-08-27 04:30:31.678000,2020-08-27 04:30:32.383000
535qnj5a533o7oqr,failed,not_found,5363,B872BA6804C8C6E140AE1897B44CF32B42FD2397,72A33E374DE5AD1E617394896F0FD8B092D3E7C4,1079E628FC6B0025656AC024F2D9975C441498CD,70090E9F85FBE004EEBF58461FD6EDD5BF8A523E,2020-08-27 04:30:28.330000,2020-08-27 04:30:29.292000
535qnj5a533o7oqr,,,,,,,7044955A4D7B04CF70011D73B467B13CE5E69D41,2020-08-27 04:30:29.292000,
oyccuao4cvfnj5ci,failed,not_found,5364,B872BA6804C8C6E140AE1897B44CF32B42FD2397,872B18761953254914F77C71846E8A2623C52591,92BBADCB0697F5EB1792C607EE2DC1C291A98ADC,119E566B3D747658908EA00F336F4E158AE97AAD,2020-08-27 04:30:28.331000,2020-08-27 04:30:29.184000
oyccuao4cvfnj5ci,failed,not_found,5585,B872BA6804C8C6E140AE1897B44CF32B42FD2397,6C333B5BDBA3DFE7A782E40CB970C271ABFED119,708A968F3644F8A547156368FEA3DB664110E631,1188DC549FDF5E8054E1FE8C789A632CD1872F7E,2020-08-27 04:30:29.184000,2020-08-27 04:30:30.062000
oyccuao4cvfnj5ci,failed,not_found,5792,B872BA6804C8C6E140AE1897B44CF32B42FD2397,F878E3AD594F013195A051CD1072BF33D543A235,5BB51E650366D14C95027DB2F1D7A69BC5B00676,BF0FB582E37F738CD33C3651125F2772705BB8E8,2020-08-27 04:30:30.063000,2020-08-27 04:30:30.688000
oyccuao4cvfnj5ci,failed,not_found,5902,B872BA6804C8C6E140AE1897B44CF32B42FD2397,2F69F8C4DC02DD15A39BFDB4078A791D89ECEAA2,4280688117CB33E2D1A07CD84DDAD3B3FC9685AF,BEBA52AC89045D6EAD68E977DF3F98BCF8330AAF,2020-08-27 04:30:30.688000,2020-08-27 04:30:31.326000
oyccuao4cvfnj5ci,failed,not_found,6080,B872BA6804C8C6E140AE1897B44CF32B42FD2397,F9674F45A25CAA977E7B872807E0A070C121F5FA,900777F6E1307328D5C39826356925FDECB0790B,118496882F58E787DC24F5C219B93F22BA5820D8,2020-08-27 04:30:31.327000,2020-08-27 04:30:32.201000
oyccuao4cvfnj5ci,failed,not_found,6309,B872BA6804C8C6E140AE1897B44CF32B42FD2397,088A6237EED87EDEB0E1E3AD0A4A419F963F0787,61B2102DB3D97F16FBB359EFE86EC6887A1B3B5A,BEC85424BD423975E11ED05BF4FEAB3A7526510F,2020-08-27 04:30:32.201000,2020-08-27 04:30:33.858000
h54he2v2eeuxefhj,failed,not_found,5365,B872BA6804C8C6E140AE1897B44CF32B42FD2397,E5CC91BAFE7CCD68003E873D32E38027638D49D7,4EB55679FA91363B97372554F8DC7C63F4E5B101,026E53D9AA2FF22217B215B57E4C4B4EF196FCD5,2020-08-27 04:30:28.331000,2020-08-27 04:30:29.254000
h54he2v2eeuxefhj,failed,not_found,5596,B872BA6804C8C6E140AE1897B44CF32B42FD2397,874D84382C892F3F61CC9E106BF08843DE0B865A,3FE39429CB7077BBB13D2774591A1B80EE493742,148487C6EBE04EB22496080C20796C51B060F611,2020-08-27 04:30:29.254000,2020-08-27 04:30:30.088000
h54he2v2eeuxefhj,failed,not_found,5798,B872BA6804C8C6E140AE1897B44CF32B42FD2397,675F05FDECF1DCF836ED274D65EBE919C4743B91,A2CBEC70217814A9DFB21069F8510BE418ABB094,025B66CEBC070FCB0519D206CF0CF4965C20C96E,2020-08-27 04:30:30.088000,2020-08-27 04:30:30.872000
h54he2v2eeuxefhj,failed,not_found,5964,B872BA6804C8C6E140AE1897B44CF32B42FD2397,C75CDD818316ABBC839F9F0DDAEC873FCF60C370,1F6ABD086F40B890A33C93CC4606EE68B31C9556,14D30D32CFFCA63D89E001BE80DE0E3AC4B25046,2020-08-27 04:30:30.873000,2020-08-27 04:30:33.315000
h54he2v2eeuxefhj,failed,not_found,6611,B872BA6804C8C6E140AE1897B44CF32B42FD2397,DC2B1E4348AF306326FA63EEDB76EA6139133485,1145A39EC0CE18834E67D2799E3C5D87453C5EF2,14D2FDC6ABDCD1A27CA32D13AA2C68566D1E8223,2020-08-27 04:30:33.315000,2020-08-27 04:30:34.225000
h54he2v2eeuxefhj,failed,not_found,6843,B872BA6804C8C6E140AE1897B44CF32B42FD2397,AEDFB1F1F69DC74A90BCF87B587252334D7D180E,ADE92B0150C933FFE00683E7492F1D930AFABB6D,021DDCD687FD505B7EA7E75DA6CEF0D778AA07FB,2020-08-27 04:30:34.225000,2020-08-27 04:30:35.094000
5sec2przjwmesr4v,failed,not_found,5366,B872BA6804C8C6E140AE1897B44CF32B42FD2397,861BCFDD148973985E7FE97C7455C9E4AC4E13BE,D111CA928084A907D8BE9B3F1E1D05227A5FBBE0,993845A39881E6A1C4DD6C9A73F45541DB1092AE,2020-08-27 04:30:28.331000,2020-08-27 04:30:29.574000
5sec2przjwmesr4v,failed,not_found,5672,B872BA6804C8C6E140AE1897B44CF32B42FD2397,1D4B555184EC12F758BC8BBB4C0983AFBC25D6F5,3A94EFBF4A220B35A92D0A5B4A80D6324C3C306A,1690976085F0DD5F08226722DDE01F8606EA7C48,2020-08-27 04:30:29.574000,2020-08-27 04:30:30.831000
5sec2przjwmesr4v,failed,not_found,5950,B872BA6804C8C6E140AE1897B44CF32B42FD2397,16DB78459B845F4E728405EB694E32929E2B318A,08F06A0DDAFABF9A26FCB2E392A1435F9E048216,9938E3AAC64CE9D56B743ECD8B2CA235AFB9DF74,2020-08-27 04:30:30.831000,2020-08-27 04:30:31.806000
5sec2przjwmesr4v,failed,not_found,6208,B872BA6804C8C6E140AE1897B44CF32B42FD2397,AEF0EADA8C92A4DF1500FAE303ECD8E1EBD56670,AE95BDA37A5BB4685FEBB7F06649D6CE949B5316,16920E1AF95EEF7A516BB31DB4F35C3D67D885C1,2020-08-27 04:30:31.806000,2020-08-27 04:30:32.644000
5sec2przjwmesr4v,failed,not_found,6442,B872BA6804C8C6E140AE1897B44CF32B42FD2397,0C0388BC552D7AC903F49390A40244FD3FFF44A2,3CE90527D5712296B58E7EB7CD57F7D388D25FBB,99339F3E68BCCC1391BF14C821D80766FE0C5956,2020-08-27 04:30:32.644000,2020-08-27 04:30:33.722000
5sec2przjwmesr4v,,,,,,,169535CC4C75FF79C6D548D41720064EE4FE61D2,2020-08-27 04:30:33.722000,
bfgcdqhzesyb6cgq,failed,not_found,5630,B872BA6804C8C6E140AE1897B44CF32B42FD2397,4D7495E2EC2BC0CA6D2B4028C0131E68E8DFCED9,3E13E2EB87CCF5690564EE33E9F9F9F80B229FBB,74B8B22AF950B0BE11D8A228FB09D2F5279FB757,2020-08-27 04:30:29.391000,2020-08-27 04:30:30.089000
bfgcdqhzesyb6cgq,failed,not_found,5799,B872BA6804C8C6E140AE1897B44CF32B42FD2397,31DDF87B0464C8AA3715F9AC93E8A619E60E5031,87D73471FDC64BD9CEDF84435D20CA4EB5C36FE8,74C0C2705DB1192C03F19F7CD1BB234843B1A81F,2020-08-27 04:30:30.089000,2020-08-27 04:30:31.537000
bfgcdqhzesyb6cgq,failed,not_found,6146,B872BA6804C8C6E140AE1897B44CF32B42FD2397,F9674F45A25CAA977E7B872807E0A070C121F5FA,14D57DEDF0A4554A2D21AD53CCCC43E31158C733,74B41DED505CFABC7A8D439362FC9B6589DE4591,2020-08-27 04:30:31.538000,2020-08-27 04:30:32.358000
bfgcdqhzesyb6cgq,failed,not_found,6353,B872BA6804C8C6E140AE1897B44CF32B42FD2397,061E0496931D23A81A2B685C9339D36857DD0FA1,DBE82FA23B9FE3CB2462A6FCF5289DED3CBF4AEE,0D99F89BBB92BF5557F8D3F895DB218A72871089,2020-08-27 04:30:32.358000,2020-08-27 04:30:33.242000
bfgcdqhzesyb6cgq,failed,not_found,6586,B872BA6804C8C6E140AE1897B44CF32B42FD2397,303509AB910EF207B7438C27435C4A2FD579F1B1,66BD39FE805AED414ADE400CAAD862C9CC3AC34E,0DD04EF0B081BBFDE3082D4ECC8A63FD0022FCAF,2020-08-27 04:30:33.242000,2020-08-27 04:30:34.187000
bfgcdqhzesyb6cgq,failed,not_found,6833,B872BA6804C8C6E140AE1897B44CF32B42FD2397,BF7BFCB3096FC81FBD0B7ADA66164431EC7FD117,02648F2F135C7296A27B1F59D2AE4EEC25D9A877,0DDC190D45A6C452F6814408284DDF7DA8175006,2020-08-27 04:30:34.187000,2020-08-27 04:30:35.595000
n447sbctcge6cwlm,failed,not_found,5641,B872BA6804C8C6E140AE1897B44CF32B42FD2397,A4C83C2BEB4F1B31D40E80D5524C66A117D77C50,B86BE002D4D6F3E2999E8EEAC9B72CAA796944BE,DEF3365F1C012F80E56877B5EF05CE72BDEB0CCC,2020-08-27 04:30:29.417000,2020-08-27 04:30:30.909000
n447sbctcge6cwlm,failed,not_found,5971,B872BA6804C8C6E140AE1897B44CF32B42FD2397,A1DEB529DE86E7CABC3212778374933D68FB7F2F,2096BCFEBB95A1134F39FCF8CEB076FF41A2B48B,DEF35CE8FCC5B5ED35DEC379A9EDF420FF419677,2020-08-27 04:30:30.910000,2020-08-27 04:30:31.567000
n447sbctcge6cwlm,failed,not_found,6162,B872BA6804C8C6E140AE1897B44CF32B42FD2397,CFA7447C66A709932F038FEE6B028B84A6E676E8,11C3D14A1166AEDED6D247A32DE6451F6C95223A,DEF8C760A79FEF2358E03AE5A1950086ABEB953E,2020-08-27 04:30:31.567000,2020-08-27 04:30:32.177000
n447sbctcge6cwlm,failed,not_found,7416,B872BA6804C8C6E140AE1897B44CF32B42FD2397,61B2102DB3D97F16FBB359EFE86EC6887A1B3B5A,A0DFB31231C718829FA18EAB4D0CD51DEDBAE08C,067ECF198238BD14B0CFE24899475A53A94E14EC,2020-08-27 04:30:32.177000,2020-08-27 04:30:37.692000
n447sbctcge6cwlm,failed,not_found,7820,B872BA6804C8C6E140AE1897B44CF32B42FD2397,B9FC8DFA8939C129BE76CD65EBBACA7DDAEF84F5,DD0AA66DD9E4E71FFAFAB658DF8300F1CEEA0364,06804E6383EE94E83C9453F39B1E524C272D6D84,2020-08-27 04:30:37.693000,2020-08-27 04:30:38.959000
n447sbctcge6cwlm,failed,not_found,8648,B872BA6804C8C6E140AE1897B44CF32B42FD2397,6B88E20FEE8EB47F1A8E30207F327005C61A013D,DBE82FA23B9FE3CB2462A6FCF5289DED3CBF4AEE,064D3C4CC1B854839B0979FE1C2F05ABAB7F9D68,2020-08-27 04:30:38.959000,2020-08-27 04:30:42.633000
lari3lfegu3u7st4,failed,not_found,6629,B872BA6804C8C6E140AE1897B44CF32B42FD2397,438E8C214576AF13480A550D45C116F43333C319,25990FC54D7268C914170A118EE4EE75025451DA,C0A0FEB6473F3F31822BB8F008049718CA017627,2020-08-27 04:30:29.417000,2020-08-27 04:30:34.595000
lari3lfegu3u7st4,failed,not_found,7986,B872BA6804C8C6E140AE1897B44CF32B42FD2397,BA27D43AC00F014945DC32D036056F13FE1D5243,C5A1D5B7CB0D12A7B7334F2915134E6DA8F5C46D,2FF5EA5B3251C510E7C7507A8698FDE08910C304,2020-08-27 04:30:34.595000,2020-08-27 04:30:39.912000
lari3lfegu3u7st4,failed,not_found,8749,B872BA6804C8C6E140AE1897B44CF32B42FD2397,BA0A023DF7D0A03E2CB5A180E1DD54B0950AA5C1,0B85617241252517E8ECF2CFC7F4C1A32DCD153F,C0BFC0A0341BD0293F093DEC6966B99038A31B79,2020-08-27 04:30:39.912000,2020-08-27 04:30:43.084000
lari3lfegu3u7st4,,,,,,,2FD0BA57A34DC2792AF470398F72F37F9E51DC2D,2020-08-27 04:30:43.085000,
fvn644u4gus5ab6j,failed,not_found,5649,B872BA6804C8C6E140AE1897B44CF32B42FD2397,DC9E3C6576CC9A04AAE1C465210A972A722571A0,3F5689B1ED8217540F0F6C46390AA18370765827,B86BE002D4D6F3E2999E8EEAC9B72CAA796944BE,2020-08-27 04:30:29.442000,2020-08-27 04:30:30.128000
fvn644u4gus5ab6j,failed,not_found,5811,B872BA6804C8C6E140AE1897B44CF32B42FD2397,4586DF1934953F38206B5117237F79C1C8797FC4,B0C68DDD4265C850DC08CDE01154025E9EBEC14F,B0A63BC3FDA67A7ADD1BE08BAA8309C4B204D29B,2020-08-27 04:30:30.128000,2020-08-27 04:30:31.008000
fvn644u4gus5ab6j,,,,,,,B872BA6804C8C6E140AE1897B44CF32B42FD2397,2020-08-27 04:30:31.008000,
xoenb5rmavzczl6i,failed,not_found,5852,B872BA6804C8C6E140AE1897B44CF32B42FD2397,92F1064AC1A2A1D7B4A97506484B7798016F88B6,6530C1F5E453CC08EBB1A1D4B5836C921060473B,E5ABD9509709B004D3F797331EB2312EA5782962,2020-08-27 04:30:30.406000,2020-08-27 04:30:31.674000
xoenb5rmavzczl6i,failed,not_found,6177,B872BA6804C8C6E140AE1897B44CF32B42FD2397,DA91C260D6A78F748BDF17131A1F1D18443BE1EB,1079E628FC6B0025656AC024F2D9975C441498CD,C5A3098B98FE432B9B875BEAE8BFFA6462776FF7,2020-08-27 04:30:31.674000,2020-08-27 04:30:33.216000
xoenb5rmavzczl6i,failed,not_found,6578,B872BA6804C8C6E140AE1897B44CF32B42FD2397,4011E1BB0E5B9A22AF665B553BFFDDE22A517B16,7A3E534C033E3836BD5AF223B642853C502AB33A,C59E079437340E3AD14E6785C0A91A5B6F328566,2020-08-27 04:30:33.216000,2020-08-27 04:30:34.135000
xoenb5rmavzczl6i,failed,not_found,6806,B872BA6804C8C6E140AE1897B44CF32B42FD2397,7992F172EDBE69B99F0190651BAC14DD0FD9E5C8,30D457317789E20449CBC12E02F5658FA23E0BEE,C5A1D5B7CB0D12A7B7334F2915134E6DA8F5C46D,2020-08-27 04:30:34.136000,2020-08-27 04:30:34.915000
xoenb5rmavzczl6i,failed,not_found,6996,B872BA6804C8C6E140AE1897B44CF32B42FD2397,F0BCFE7041A46C0A0175B56FB94228CCBF0DB4D0,0E300A0942899B995AE08CEF58062BCFEB51EEDF,E5CC82DF823F15F9EEF99F22BFB1F3CC5F5076EF,2020-08-27 04:30:34.915000,2020-08-27 04:30:35.786000
xoenb5rmavzczl6i,failed,not_found,7256,B872BA6804C8C6E140AE1897B44CF32B42FD2397,91DDE492833DA13509B2ABEF3E8F6D5161153385,BFC2EEBFE31AA782949AA7D410046BF28EAF89C8,E5CC91BAFE7CCD68003E873D32E38027638D49D7,2020-08-27 04:30:35.786000,2020-08-27 04:30:37.132000
gbkurjaxzarpvdd4,failed,not_found,5853,B872BA6804C8C6E140AE1897B44CF32B42FD2397,7B0D94D348D9F98C50B6674C5CB17AF35EA2605F,20571FE948D23E8B62CEDE1B33298F1BF324EE17,79E48A3242DB3515700F8925FA8E6323F8D51D7D,2020-08-27 04:30:30.406000,2020-08-27 04:30:31.472000
gbkurjaxzarpvdd4,failed,not_found,6131,B872BA6804C8C6E140AE1897B44CF32B42FD2397,4FF53BC47097B50DA5B68D72C5B25CC079F4A787,EC8C36BC209BA499263E93D0826046667AAC14BA,79DEB4E02FD08AE1AEB4D8594AAB082375E9062D,2020-08-27 04:30:31.472000,2020-08-27 04:30:32.461000
gbkurjaxzarpvdd4,failed,not_found,6392,B872BA6804C8C6E140AE1897B44CF32B42FD2397,A08B3E65331F29C960A8EB6F5D90B66A05D26CB5,9A48EC8AAFB2E8C9E20408596383DB74F1196747,79E3B585803DE805CCBC00C1EF36B1E74372861D,2020-08-27 04:30:32.461000,2020-08-27 04:30:33.315000
gbkurjaxzarpvdd4,failed,not_found,6612,B872BA6804C8C6E140AE1897B44CF32B42FD2397,7EB91FDB68EAD3A13808D9356DA82605773215F5,DE4EB74B8105751568A75649F6672A31F2A3DE20,1C24A2669C7E0D62B2157B95F56ED00EE307C85C,2020-08-27 04:30:33.315000,2020-08-27 04:30:34.045000
gbkurjaxzarpvdd4,failed,not_found,6871,B872BA6804C8C6E140AE1897B44CF32B42FD2397,81F59E8936D0B2105182E4B8200AC07D9274961F,F604131DCC4303E51DB876A017A3DC9684FD626B,1C0D0AF3FF05CCBBA4B6ED262196A4C5A76102E6,2020-08-27 04:30:34.046000,2020-08-27 04:30:35.442000
gbkurjaxzarpvdd4,failed,not_found,8274,B872BA6804C8C6E140AE1897B44CF32B42FD2397,0B19BBFDC498CCEA23027B1D7BD8E20121B95E60,6A6E168C7FB2909DBEBCA7BF43B818583C37F3EA,1C0736CF3744A3B87C2D2269B8BD3388C7E60552,2020-08-27 04:30:35.442000,2020-08-27 04:30:41.452000
l6xtlcrbm66dqxzh,failed,not_found,5859,B872BA6804C8C6E140AE1897B44CF32B42FD2397,0AC4C4D8BCA8DA7BAE6BE3FEA87442E724353CBF,1FC89C159EA0F96D52D8A7092BF938C509DB6984,DEF35CE8FCC5B5ED35DEC379A9EDF420FF419677,2020-08-27 04:30:30.426000,2020-08-27 04:30:31.185000
l6xtlcrbm66dqxzh,failed,not_found,6056,B872BA6804C8C6E140AE1897B44CF32B42FD2397,BD6FFF1AD5A88A8D43870D43EC4450081B4B2BBA,DC40A59D4D744F2C3C7A655EC6BF3A59AFA1C66C,BFC4734342209C8D172AACC283750116F74359C6,2020-08-27 04:30:31.185000,2020-08-27 04:30:31.855000
l6xtlcrbm66dqxzh,failed,not_found,6216,B872BA6804C8C6E140AE1897B44CF32B42FD2397,C0CBBD17F848C8F9A49104A96DB498013B30F14F,71A05B576836F54050348AA0D63185B12DBA51E3,BFCDE7C44DC8F222216AACFF46D3E28D722D32D3,2020-08-27 04:30:31.855000,2020-08-27 04:30:32.890000
l6xtlcrbm66dqxzh,failed,not_found,6361,B872BA6804C8C6E140AE1897B44CF32B42FD2397,A0DFB31231C718829FA18EAB4D0CD51DEDBAE08C,C2F653A5CEE30C8D5713FA4AE7F75E992A479196,DEF3365F1C012F80E56877B5EF05CE72BDEB0CCC,2020-08-27 04:30:32.890000,2020-08-27 04:30:33.271000
l6xtlcrbm66dqxzh,failed,not_found,6594,B872BA6804C8C6E140AE1897B44CF32B42FD2397,08CD9D4224058DC97A1F27679A5BEE5724C4C6EC,1C7215BC0123DDA23BDED0F9D2849D3AD80183CB,DEF8C760A79FEF2358E03AE5A1950086ABEB953E,2020-08-27 04:30:33.271000,2020-08-27 04:30:34.595000
l6xtlcrbm66dqxzh,failed,not_found,6928,B872BA6804C8C6E140AE1897B44CF32B42FD2397,B55B11A739C43396B10CC621D9C9F9D7F3A8CDE4,B6E33C39C1C94E582CBB8C24CCE351F2129807C6,BFCE771635906C6C9D76ACEA6757DE6FF3445160,2020-08-27 04:30:34.595000,2020-08-27 04:30:35.442000
7d6jpv5dm35xgqpy,failed,not_found,5865,B872BA6804C8C6E140AE1897B44CF32B42FD2397,B845512E19DB0D7D99277FE4BB549D925EEB9432,681D82B559E2DEC25A966B0CE593168CD75ADB16,5475E1C23C16B6FEFC2C56FA20FF674726D7FE26,2020-08-27 04:30:30.427000,2020-08-27 04:30:31.421000
7d6jpv5dm35xgqpy,failed,not_found,6112,B872BA6804C8C6E140AE1897B44CF32B42FD2397,BFA905EA10DFD54A38A0C119FAE00182DE4C173B,D6C977DF0968848878AC02E21F78A57B84BE49B3,F8C77C15C14E06874397A0D508D2D2F447B0FA31,2020-08-27 04:30:31.421000,2020-08-27 04:30:32.522000
7d6jpv5dm35xgqpy,failed,not_found,6411,B872BA6804C8C6E140AE1897B44CF32B42FD2397,AA34219475E41282095DD3C088009EE562AF14E5,77A56CB237740E24AEA2D61C8C8936232AFC1BD8,546E52A979FB0FBBDF1DDF360FB20AA03D22AACE,2020-08-27 04:30:32.522000,2020-08-27 04:30:33.271000
7d6jpv5dm35xgqpy,failed,not_found,6595,B872BA6804C8C6E140AE1897B44CF32B42FD2397,AEF6C1FBA0FC16F4931638BF065085B974D3E90F,F8DE8132E599A194E20DDB738AF64A7200CD5949,547A06CAE5516B6321A4F1914240EFB2DF16017C,2020-08-27 04:30:33.272000,2020-08-27 04:30:34.015000
7d6jpv5dm35xgqpy,failed,not_found,6771,B872BA6804C8C6E140AE1897B44CF32B42FD2397,3E3CBA3F2870CE76A41D3E97A8D838AA703586E3,BF50E09EED25B82861CF95E1AAA42DCFEF53E5D1,F8B133B285A78E7FAF8A54F27C153C8C609207E2,2020-08-27 04:30:34.016000,2020-08-27 04:30:35.351000
7d6jpv5dm35xgqpy,failed,not_found,7128,B872BA6804C8C6E140AE1897B44CF32B42FD2397,E20A99DE17D99F73D888C7D33C46807B71A197FB,890480E14E634C8B4467C475E355A6FBF3D99CD5,F8AA8D8CCBA0C5F2836DE6315CDFA6E4A31A0890,2020-08-27 04:30:35.351000,2020-08-27 04:30:37.029000
z37d3oahrzhhgb7s,failed,not_found,6088,B872BA6804C8C6E140AE1897B44CF32B42FD2397,CDAF0B74C45FD5B1955198A8D92C8A518A53D07B,D405FCCF06ADEDF898DF2F29C9348DCB623031BA,4DE4F06C019EC4814D486524C2A282C1DC7653DE,2020-08-27 04:30:31.366000,2020-08-27 04:30:32.573000
z37d3oahrzhhgb7s,failed,not_found,6434,B872BA6804C8C6E140AE1897B44CF32B42FD2397,288C100FFA656938C23F32207CAF0DA932ECD247,8ABC4D5F6182C7E79B087D1ED9E5CF652C83E52C,296B2178FD742AB35AB20C9ADF04D5DFD3D407EB,2020-08-27 04:30:32.573000,2020-08-27 04:30:33.772000
z37d3oahrzhhgb7s,failed,not_found,6689,B872BA6804C8C6E140AE1897B44CF32B42FD2397,5DB9AE27A44EB7B476CC04A66C67A71C97A001E6,87B529BCF6B52BE28BBB22EC4AA702F9AE42D551,296DD68C9017BF7FC7CEC9ACB43A6FAA942408FF,2020-08-27 04:30:33.773000,2020-08-27 04:30:34.743000
z37d3oahrzhhgb7s,failed,not_found,6971,B872BA6804C8C6E140AE1897B44CF32B42FD2397,1B9FACF25E17D26E307EA7CFA7D455B144B032E5,F00C8B7589FEE52BE84387CDB422C1F1386979C0,4E0A9957FDBA7418AF82A3CBFCB53D8B8D97FC8E,2020-08-27 04:30:34.744000,2020-08-27 04:30:35.865000
z37d3oahrzhhgb7s,failed,not_found,7283,B872BA6804C8C6E140AE1897B44CF32B42FD2397,27D668BFB3839D8C6E36193FFC3DF4DD6D79B513,2D418A89F79DB4A8E658BA549FBB974D1D22DD1A,296A9A2C96249BC5D8CA8CF196EF5E3FCC80488E,2020-08-27 04:30:35.866000,2020-08-27 04:30:37.211000
z37d3oahrzhhgb7s,failed,not_found,7642,B872BA6804C8C6E140AE1897B44CF32B42FD2397,38F21DEE29E40DCDF9460A80662B7723562CA008,3A8557B067FBE53F168BBEAA7D14D1298AE52A52,4DD11C3F11F5E2891D57EF9F7DF43BEE1B514FCE,2020-08-27 04:30:37.212000,2020-08-27 04:30:38.819000
5shv73o4oegygylt,failed,not_found,7155,B872BA6804C8C6E140AE1897B44CF32B42FD2397,1589600C48D2DFA5187ADD908B47CA7E381190CA,0B19BBFDC498CCEA23027B1D7BD8E20121B95E60,1532A36172C70012B1057FBBFAFE2734EDBF4A3B,2020-08-27 04:30:31.421000,2020-08-27 04:30:37.373000
5shv73o4oegygylt,failed,not_found,7700,B872BA6804C8C6E140AE1897B44CF32B42FD2397,12D552E8AF7AA2B71B218B5BBF6A5FEFA6F26BA0,4A59FD3642C4D9F46A8D916AC9BC64390BCBC6AE,153962FA0F2A058A97D37B039607377EE67E5885,2020-08-27 04:30:37.373000,2020-08-27 04:30:38.746000
5shv73o4oegygylt,failed,not_found,8064,B872BA6804C8C6E140AE1897B44CF32B42FD2397,22775B953E662151549C114CB8EE5FBDBCBDAD02,1079E628FC6B0025656AC024F2D9975C441498CD,15483893699246724B8135CC6F087767EA89A2D3,2020-08-27 04:30:38.746000,2020-08-27 04:30:40.088000
5shv73o4oegygylt,failed,not_found,8416,B872BA6804C8C6E140AE1897B44CF32B42FD2397,9A48EC8AAFB2E8C9E20408596383DB74F1196747,1C3C4AEF036D1202EEC623228EBA5FB71931E2A3,BB7B02C3ED7D575A9EEA44A10A65B4AA289C104A,2020-08-27 04:30:40.089000,2020-08-27 04:30:42.400000
5shv73o4oegygylt,failed,not_found,8901,B872BA6804C8C6E140AE1897B44CF32B42FD2397,38F21DEE29E40DCDF9460A80662B7723562CA008,8C5B316ED73018484765C3E0944E4508DCAE0944,BB60F5BA113A0B8B44B7B37DE3567FE561E92F78,2020-08-27 04:30:42.400000,2020-08-27 04:30:43.997000
5shv73o4oegygylt,failed,not_found,9219,B872BA6804C8C6E140AE1897B44CF32B42FD2397,C0F508ADA14AE7EA9F8F6650AF149B8DFC35B598,F83A64E0FA85BC224807919772FE14E1BA07CEF5,BB5630967607D8A8B6CA854AF954FE8372D1662A,2020-08-27 04:30:43.997000,2020-08-27 04:30:46.041000
sxb2izuk5efeltyy,failed,not_found,7158,B872BA6804C8C6E140AE1897B44CF32B42FD2397,698B8708CF4EA02D27CA09274F3351B4F66A5834,9E4CC64C4F94C359D43C5BA09094323FDBEFD975,EE94030D02AF5A788C62EA56D483540C38460E10,2020-08-27 04:30:31.422000,2020-08-27 04:30:36.380000
sxb2izuk5efeltyy,failed,not_found,7408,B872BA6804C8C6E140AE1897B44CF32B42FD2397,509EAB4C5D10C9A9A24B4EA0CE402C047A2D64E6,DAEF8B8B799C711A86350FDC4337B2B3A75B97C9,31419A64188BC8070EE89F3CEE6AA98EAAC7E8E8,2020-08-27 04:30:36.380000,2020-08-27 04:30:37.373000
sxb2izuk5efeltyy,failed,not_found,7839,B872BA6804C8C6E140AE1897B44CF32B42FD2397,844AE9CAD04325E955E2BE1521563B79FE7094B7,8CAA470B905758742203E3EB45941719FCA9FEEC,EECADDB0CBB5725D4DDFE3D7E734E8261E0E9D09,2020-08-27 04:30:37.374000,2020-08-27 04:30:38.819000
sxb2izuk5efeltyy,failed,not_found,8092,B872BA6804C8C6E140AE1897B44CF32B42FD2397,A3AFBDEE30238E44899C9F8B7666D12B09C8EE32,4CE6D83FFA8AD24767007E8C972F371F2468F09A,EEA500A216DAA83E7815F2C46786652935FD7351,2020-08-27 04:30:38.819000,2020-08-27 04:30:40.216000
sxb2izuk5efeltyy,failed,not_found,8460,B872BA6804C8C6E140AE1897B44CF32B42FD2397,02758CD398E3F842EF82478078AAAE0273770DB2,AFF320BA96E4338B61A008D2CA250FFE0E23B09C,318CB7FC0EAEB92311EB51B5B78E3CAD45EBCF21,2020-08-27 04:30:40.217000,2020-08-27 04:30:41.598000
sxb2izuk5efeltyy,failed,not_found,8776,B872BA6804C8C6E140AE1897B44CF32B42FD2397,EE010EF80A27AC0B02CDC2B8B214A6201BB02D2B,C0F3C0EF81D84182379AA4CA5AD5A5289D011145,311A4533F7A2415F42346A6C8FA77E6FD279594C,2020-08-27 04:30:41.598000,2020-08-27 04:30:43.226000
odr6o6a3hqs6afxm,failed,not_found,6115,B872BA6804C8C6E140AE1897B44CF32B42FD2397,208F39CCF602D9549E57D6A386259C1129B8D244,A9406A006D6E7B5DA30F2C6D4E42A338B5E340B2,83AEDBDB4BE3AD0ED91850BF1A521B843077759E,2020-08-27 04:30:31.422000,2020-08-27 04:30:32.463000
odr6o6a3hqs6afxm,failed,not_found,6400,B872BA6804C8C6E140AE1897B44CF32B42FD2397,69534B8B5FCCD0BF1124945B1D0F5A35FB0A3542,E459E02374D0385D2E2515CBBE707EA208966BCF,0C93559D6D7E95B41561424345B0B176FBE66F00,2020-08-27 04:30:32.463000,2020-08-27 04:30:33.313000
odr6o6a3hqs6afxm,failed,not_found,6603,B872BA6804C8C6E140AE1897B44CF32B42FD2397,188673CF3937442517301800F383BE53D4A17732,8358BDDA9C9A680B4E3A2809E5C24F5B3624D5C2,837D5EA513DF7FDDA36BE569C646151CDA4B9935,2020-08-27 04:30:33.313000,2020-08-27 04:30:34.251000
odr6o6a3hqs6afxm,failed,not_found,6852,B872BA6804C8C6E140AE1897B44CF32B42FD2397,776FCB8F73F8D84407F5AF2460A75F9EEC982EB3,0B555940D37DC849728841C0B290074E1A1BDCA8,0CB40D12177CBABAB87652BBFC00A7E6F4434D3E,2020-08-27 04:30:34.251000,2020-08-27 04:30:35.125000
odr6o6a3hqs6afxm,failed,not_found,8273,B872BA6804C8C6E140AE1897B44CF32B42FD2397,355140498339A8FEBBA1453E93A3FAE8F7973968,2ACEC0EB4F92729B8CA22C868545866B9529431C,838749E0065B79086D12B5C1D7869B99EEFE1DB0,2020-08-27 04:30:35.125000,2020-08-27 04:30:41.148000
odr6o6a3hqs6afxm,failed,not_found,9463,B872BA6804C8C6E140AE1897B44CF32B42FD2397,BE40A5C8EB81704DBC1586190159AA7EDC1DA11D,FA8138622F8EBE01091BEE60810AB2F0DD6E4D21,0CAFFFE470E88AF156D6750B616995B3790F24EF,2020-08-27 04:30:41.148000,2020-08-27 04:30:47.454000
hhbk664ag7ppy6lx,failed,not_found,6377,B872BA6804C8C6E140AE1897B44CF32B42FD2397,F6740DEABFD5F62612FA025A5079EA72846B1F67,ED325E5B2BBB2785D8DF5FC98BED9CB207A15B45,285B3195256DEA66C7F58C0596B17D923788056C,2020-08-27 04:30:32.439000,2020-08-27 04:30:33.851000
hhbk664ag7ppy6lx,failed,not_found,6722,B872BA6804C8C6E140AE1897B44CF32B42FD2397,3239007CE1FB2ECDFDF2067DF23B949295DC5EF6,881F09279F94E9AAD3DE30727DF3AD7C2CE900DF,286F22F5D198AB20C50C65B94A03B52CAE588946,2020-08-27 04:30:33.851000,2020-08-27 04:30:34.525000
hhbk664ag7ppy6lx,failed,not_found,6911,B872BA6804C8C6E140AE1897B44CF32B42FD2397,E617AD78CD262D6F68817BE6B178063B35F5FF77,088A6237EED87EDEB0E1E3AD0A4A419F963F0787,B340E3BA587E36462D8DE44DAE0F7CAB6748F064,2020-08-27 04:30:34.525000,2020-08-27 04:30:35.840000
hhbk664ag7ppy6lx,failed,not_found,7274,B872BA6804C8C6E140AE1897B44CF32B42FD2397,4FF53BC47097B50DA5B68D72C5B25CC079F4A787,3CD5F7766CF8E96FE315678B0CAC6A5B999FC47D,B32B93C90DCAF0012328A8D55D621D26B186E11A,2020-08-27 04:30:35.840000,2020-08-27 04:30:36.784000
hhbk664ag7ppy6lx,failed,not_found,7534,B872BA6804C8C6E140AE1897B44CF32B42FD2397,EF1A9BE231A6C3AC94B9E2BFC86990B16C923A45,724E86E7F5DA715529DC0ECAA013AE4BDC680E4C,B3218417B7C6CF4F7ABEC98FC51ACF96D313C68F,2020-08-27 04:30:36.784000,2020-08-27 04:30:39.135000
hhbk664ag7ppy6lx,failed,not_found,8171,B872BA6804C8C6E140AE1897B44CF32B42FD2397,3031327C6769D7224F945C3A7D1DEEC6B3897A5B,3FE1AA163445DC0E0677B5227F507907C4872A30,280EC2C1108F58F39942C8740B0665702DC05E43,2020-08-27 04:30:39.135000,2020-08-27 04:30:40.744000
c5hqp6zr3amijgnp,failed,not_found,6401,B872BA6804C8C6E140AE1897B44CF32B42FD2397,0B555940D37DC849728841C0B290074E1A1BDCA8,B0A63BC3FDA67A7ADD1BE08BAA8309C4B204D29B,286F22F5D198AB20C50C65B94A03B52CAE588946,2020-08-27 04:30:32.496000,2020-08-27 04:30:33.360000
c5hqp6zr3amijgnp,failed,not_found,6620,B872BA6804C8C6E140AE1897B44CF32B42FD2397,5D765770B4DB110D88787457978AB4008CF65CAC,92BBADCB0697F5EB1792C607EE2DC1C291A98ADC,288C100FFA656938C23F32207CAF0DA932ECD247,2020-08-27 04:30:33.360000,2020-08-27 04:30:34.046000
c5hqp6zr3amijgnp,failed,not_found,6789,B872BA6804C8C6E140AE1897B44CF32B42FD2397,881F09279F94E9AAD3DE30727DF3AD7C2CE900DF,3F3E911D64F8DED71208D614782ABED41F4D7A0D,F5959A1F1154807D3E51A87BCDCA6E096353579D,2020-08-27 04:30:34.046000,2020-08-27 04:30:35.627000
c5hqp6zr3amijgnp,failed,not_found,7230,B872BA6804C8C6E140AE1897B44CF32B42FD2397,2D70583AFDE90C7C3D9CFF9F0C076F0C022CC29C,0DD04EF0B081BBFDE3082D4ECC8A63FD0022FCAF,F5B58FEE44573C3BFD7D176D918BA5B4057519D7,2020-08-27 04:30:35.627000,2020-08-27 04:30:36.607000
c5hqp6zr3amijgnp,failed,not_found,7482,B872BA6804C8C6E140AE1897B44CF32B42FD2397,8B1CC76D6D1370A67263628D4CBC01B62903D0BF,BEA635C89C057DB8E879572C6A2C188239CFAD68,285B3195256DEA66C7F58C0596B17D923788056C,2020-08-27 04:30:36.608000,2020-08-27 04:30:37.692000
c5hqp6zr3amijgnp,failed,not_found,7819,B872BA6804C8C6E140AE1897B44CF32B42FD2397,912B7597346A74A44AD4B6068C645772B758DCB7,8DCB526722FBE2B3F4C0CE9D020B0589170F8BDA,F59A3032A7AE637687E99437CA6DA81D3587A0EC,2020-08-27 04:30:37.692000,2020-08-27 04:30:38.985000
suceubnr2pymoskp,failed,not_found,6402,B872BA6804C8C6E140AE1897B44CF32B42FD2397,81F59E8936D0B2105182E4B8200AC07D9274961F,EA5A50A9B27FF173086A75174B0D9D22C8843349,706B1ED9AF5CCAC90AD488AE2691B358FA598CBB,2020-08-27 04:30:32.496000,2020-08-27 04:30:34.450000
suceubnr2pymoskp,failed,not_found,6901,B872BA6804C8C6E140AE1897B44CF32B42FD2397,B01BF09244C6B73687BB781C5A9C9E812974D086,547C1CDB516798EC66A01F04A5884DCE1A151919,E747773C61CF671A222EB913DE17DA33074A6D76,2020-08-27 04:30:34.450000,2020-08-27 04:30:35.681000
suceubnr2pymoskp,failed,not_found,7247,B872BA6804C8C6E140AE1897B44CF32B42FD2397,9E1E4F5B5F94812D02C4D18CB4086CE71CA5C614,046F2D59A85FAE693676A87533717C57436261C2,706A7674A217BA905FE677E82236B7B968A23DB7,2020-08-27 04:30:35.681000,2020-08-27 04:30:37.161000
suceubnr2pymoskp,failed,not_found,7633,B872BA6804C8C6E140AE1897B44CF32B42FD2397,A3C0C4B34CDBCE03A85CDA06E9EE2F7E165551DB,014E24C0CD21D2B9829E841D5EC1D3C415F866BF,E75ABF29D4B417D3D3565AEDAF89E4F9D16E736F,2020-08-27 04:30:37.162000,2020-08-27 04:30:39.075000
suceubnr2pymoskp,failed,not_found,8162,B872BA6804C8C6E140AE1897B44CF32B42FD2397,BDDF8187EA4419951CFD0A54088B634564F63AF3,4FF53BC47097B50DA5B68D72C5B25CC079F4A787,7088D485934E8A403B81531F8C90BDC75FA43C98,2020-08-27 04:30:39.075000,2020-08-27 04:30:40.252000
suceubnr2pymoskp,failed,not_found,8495,B872BA6804C8C6E140AE1897B44CF32B42FD2397,BF29077D90DD65D8B15B2DFC876D25C76E5057FB,8A00CE9638BDB4686B91F1F0B229DB3F8C9B8415,E75F2ACA1A18291AFE52E6BE0BAC1F805ABC1439,2020-08-27 04:30:40.253000,2020-08-27 04:30:41.946000
um3fwl7ledyhy7lw,failed,not_found,6403,B872BA6804C8C6E140AE1897B44CF32B42FD2397,5E7467C0E00AB25C56E0887271FEE69DFC1306CD,AFF320BA96E4338B61A008D2CA250FFE0E23B09C,C4FD2403CC929297B559A49E582516944F75C6A9,2020-08-27 04:30:32.496000,2020-08-27 04:30:33.504000
um3fwl7ledyhy7lw,failed,not_found,6658,B872BA6804C8C6E140AE1897B44CF32B42FD2397,00042F1D198E9428A6800F2509C124A8DB6C8AD3,B76A047C20D3E4F9B5A64428298DA55A90D62472,C51701910DEA998F4F51287A71B7E94449A3E9BC,2020-08-27 04:30:33.504000,2020-08-27 04:30:35.380000
um3fwl7ledyhy7lw,failed,not_found,7146,B872BA6804C8C6E140AE1897B44CF32B42FD2397,8101421BEFCCF4C271D5483C5AABCAAD245BBB9D,98DBFA6DC7F4013566D09E3DDC6F6CAF510E7FD6,DAEF8B8B799C711A86350FDC4337B2B3A75B97C9,2020-08-27 04:30:35.380000,2020-08-27 04:30:36.355000
um3fwl7ledyhy7lw,failed,not_found,7391,B872BA6804C8C6E140AE1897B44CF32B42FD2397,10CA859C429A17EFF704CC53D0080940148D59DA,0ED0EA324C931CF41CB5272BFB1D015B3D5772A9,DADCAD37DE5E22E7E1F323927260155EAB3689C2,2020-08-27 04:30:36.355000,2020-08-27 04:30:37.615000
um3fwl7ledyhy7lw,failed,not_found,7776,B872BA6804C8C6E140AE1897B44CF32B42FD2397,39BD825F627DDF78E322EB4378C17615506AD3A1,E81993EA52B73285CFFD02FEC003569D21483001,C545ED3BE029B226D74B3F798235951D2FEEE3E1,2020-08-27 04:30:37.616000,2020-08-27 04:30:38.927000
um3fwl7ledyhy7lw,failed,not_found,8118,B872BA6804C8C6E140AE1897B44CF32B42FD2397,4D7495E2EC2BC0CA6D2B4028C0131E68E8DFCED9,F3889E2C68A673848CA9094F6F4A3653D7692109,DAF0A29144F02A4089A291FC697972A4CB03C8E0,2020-08-27 04:30:38.928000,2020-08-27 04:30:40.252000
cspukr43ak7sjo25,failed,not_found,6632,B872BA6804C8C6E140AE1897B44CF32B42FD2397,D8E8B73CEE4849D6956CF4D4F64A806AC2258FB1,9456BBB3FB923DD1CDEC5C8B45D9615BC937DC42,68EBC7615E7DE318C6B9AA530EFD6E20FDE8DF9A,2020-08-27 04:30:33.397000,2020-08-27 04:30:34.224000
cspukr43ak7sjo25,failed,not_found,6842,B872BA6804C8C6E140AE1897B44CF32B42FD2397,AE31E0FBF0D3E1B39F1DD8F55BC070D11AF524B0,5DE37A3371AAE7638748EB43C9F1CE66E09D4470,07B8FC5B66719C355FABF84B4F5E0131E127DF01,2020-08-27 04:30:34.225000,2020-08-27 04:30:36.007000
cspukr43ak7sjo25,failed,not_found,7300,B872BA6804C8C6E140AE1897B44CF32B42FD2397,AFE05115595A1D028E91AD41F6A07239DB04CEBC,B97CF770ECD2D4298A505E84A8C8A5ABFCA08887,68701181F3F08C0D13E6460CFB149E010104EF03,2020-08-27 04:30:36.007000,2020-08-27 04:30:36.950000
cspukr43ak7sjo25,failed,not_found,7568,B872BA6804C8C6E140AE1897B44CF32B42FD2397,B845512E19DB0D7D99277FE4BB549D925EEB9432,857614896A8DA87D3D398F741BD32E2A21B1BDDF,68773D3FF7B8CEFCEEFCA32AE72015E2D38C62C1,2020-08-27 04:30:36.951000,2020-08-27 04:30:37.922000
cspukr43ak7sjo25,,,,,,,07A8A66164B8752A9E06D44AAB6219D89D6C10F6,2020-08-27 04:30:37.922000,
3clf4lqek5tn36ln,failed,not_found,6641,B872BA6804C8C6E140AE1897B44CF32B42FD2397,2BF341398A55E8C0C4B6BD193A7F50CCE44BF883,2935E0F03B71BE44F6F265FEF976E810BAAD6F4E,928FA1C68048456991707113975701FD75CB311B,2020-08-27 04:30:33.426000,2020-08-27 04:30:35.220000
3clf4lqek5tn36ln,failed,not_found,7102,B872BA6804C8C6E140AE1897B44CF32B42FD2397,BDDF8187EA4419951CFD0A54088B634564F63AF3,875F74A3DC14737BECA06F8B500022154D1A29D1,DE46A42423304FC3793C73649539DDA309122A65,2020-08-27 04:30:35.221000,2020-08-27 04:30:36.663000
3clf4lqek5tn36ln,failed,not_found,7500,B872BA6804C8C6E140AE1897B44CF32B42FD2397,6C282D35C674A036B79B5F30E90D19B363D3DAB2,47A83EC4D144FB8094A57DC5AEB39E9F6F174036,924B24AFA7F075D059E8EEB284CC400B33D3D036,2020-08-27 04:30:36.663000,2020-08-27 04:30:37.887000
3clf4lqek5tn36ln,failed,not_found,7721,B872BA6804C8C6E140AE1897B44CF32B42FD2397,7A3E534C033E3836BD5AF223B642853C502AB33A,63BF46A63F9C21FD315CD061B3EAA3EB05283A0A,926955277C7BDB6CD1E1561A91847CBCD5B079E5,2020-08-27 04:30:37.887000,2020-08-27 04:30:39.135000
3clf4lqek5tn36ln,failed,not_found,8172,B872BA6804C8C6E140AE1897B44CF32B42FD2397,E46777C6EFB6036190EFAAD9B13EE9D0E75C5510,98AEF7B834D688773CE2BCC5A32761A4943CF623,DE0421FBD771E6189205D353366874B1790185C7,2020-08-27 04:30:39.135000,2020-08-27 04:30:40.695000
3clf4lqek5tn36ln,failed,not_found,8577,B872BA6804C8C6E140AE1897B44CF32B42FD2397,D2F4DAC5918BB082A5CFAC5275B29FAC9B399B2B,06E72526BBE040C51C5ADFBAA07ADD9AEB5E1FA1,DE29A5C0DB38AA229286B237798D8817EE6B75E2,2020-08-27 04:30:40.695000,2020-08-27 04:30:42.182000
4jovfuzmc2y4v7d6,failed,not_found,6642,B872BA6804C8C6E140AE1897B44CF32B42FD2397,BE9B12FAAB7429842D643E2308390ECD8961E0A1,875F74A3DC14737BECA06F8B500022154D1A29D1,3BB035514F8246AC367B5370F4FE120BB11D8C6D,2020-08-27 04:30:33.427000,2020-08-27 04:30:34.449000
4jovfuzmc2y4v7d6,failed,not_found,7985,B872BA6804C8C6E140AE1897B44CF32B42FD2397,60A5547B2203DD2E148EF9BDD6FF3891081C5DF4,706A7674A217BA905FE677E82236B7B968A23DB7,3BAACE149DB31574B327BF835B594B707D12CD58,2020-08-27 04:30:34.449000,2020-08-27 04:30:40.274000
4jovfuzmc2y4v7d6,failed,not_found,8505,B872BA6804C8C6E140AE1897B44CF32B42FD2397,4B351545DD58473F36B0A20E5500AC6ED51E8CD5,DB2682153AC0CCAECD2BD1E9EBE99C6815807A1E,3BB34C63072D9D10E836EE42968713F7B9325F66,2020-08-27 04:30:40.275000,2020-08-27 04:30:42.670000
4jovfuzmc2y4v7d6,failed,not_found,8967,B872BA6804C8C6E140AE1897B44CF32B42FD2397,005ED97213F725867E422B8DC0443361BBB24E3C,01FE2137C42E4802507A1FD97B0158116FD78A8C,D002C061F56CB6FE6FF7A27747EC2A7369ABBA9A,2020-08-27 04:30:42.670000,2020-08-27 04:30:44.473000
4jovfuzmc2y4v7d6,failed,not_found,9292,B872BA6804C8C6E140AE1897B44CF32B42FD2397,A18CD278493BB18BEFD8AB54A669BFF6BB73B9CB,BCDE75725B927738B6FD34EA2D78F4FA77B99848,D007C5B3FC015AD4F708CA2DBB443F9FB5915987,2020-08-27 04:30:44.473000,2020-08-27 04:30:46.848000
4jovfuzmc2y4v7d6,failed,not_found,9738,B872BA6804C8C6E140AE1897B44CF32B42FD2397,6C9F1A9CA87546159E5D4C33C78128C26DF3CECD,A09DAAAD16E3F77C2ED1A012BD8A18FFCBFEB422,D000291816C0D9EE531FA4DD185EC1AD80386A5A,2020-08-27 04:30:46.849000,2020-08-27 04:30:49.315000
yybhb3hfytmsnhic,failed,not_found,6643,B872BA6804C8C6E140AE1897B44CF32B42FD2397,B9877C7A9EAD7439C186B6B4C2885612BA379874,CBBA40F7D9F284F47A243EE2C081E96682741D22,6DFB4AC8B5E7B1AD0B3F5F465F774A421C66CBBA,2020-08-27 04:30:33.427000,2020-08-27 04:30:34.649000
yybhb3hfytmsnhic,failed,not_found,6938,B872BA6804C8C6E140AE1897B44CF32B42FD2397,A1B7C1F83E5DA4376FD2E1DBA7AC28A71AB332AD,02758CD398E3F842EF82478078AAAE0273770DB2,B83DC1558F0D34353BB992EF93AFEAFDB226A73E,2020-08-27 04:30:34.650000,2020-08-27 04:30:35.501000
yybhb3hfytmsnhic,failed,not_found,7176,B872BA6804C8C6E140AE1897B44CF32B42FD2397,D7829A21726220AF77401BE5B2B132963A0BE82B,94890F37CE0CD5D020773CA7A0E397AA592E5AF3,6DFEB2BFBFA9DBEDCE2DE932F9D16EE7E0530ED1,2020-08-27 04:30:35.502000,2020-08-27 04:30:36.632000
yybhb3hfytmsnhic,failed,not_found,7491,B872BA6804C8C6E140AE1897B44CF32B42FD2397,41E041EC676622FFEE59F56BC75B99CD0D47F653,E8D114B3C78D8E6E7FEB1004650DD632C2143C9E,6DE7E3CC79ED6AA0F3F5E61D4D12D3EE018C18F8,2020-08-27 04:30:36.633000,2020-08-27 04:30:37.997000
yybhb3hfytmsnhic,failed,not_found,7910,B872BA6804C8C6E140AE1897B44CF32B42FD2397,3E8A05249544488C4D24C37B5AF853806F76F8D3,7FF1A673A5E1F7E9D2495A36C185B890DBD96553,B840C7DE596E77A22187E638C5116DC5B3BBDDD1,2020-08-27 04:30:37.997000,2020-08-27 04:30:39.727000
yybhb3hfytmsnhic,failed,not_found,8330,B872BA6804C8C6E140AE1897B44CF32B42FD2397,33D88F331408141F2A2CC563239E54E48F7A211B,912B7597346A74A44AD4B6068C645772B758DCB7,B849824F8FCD7AEB130DF356F592BA40C686CA08,2020-08-27 04:30:39.728000,2020-08-27 04:30:40.998000
uhszc53bvn4ua6i5,failed,not_found,6880,B872BA6804C8C6E140AE1897B44CF32B42FD2397,BCA89124643769D36946189DBE75FFA735191D13,1B9FACF25E17D26E307EA7CFA7D455B144B032E5,F5959A1F1154807D3E51A87BCDCA6E096353579D,2020-08-27 04:30:34.426000,2020-08-27 04:30:36.295000
uhszc53bvn4ua6i5,failed,not_found,7374,B872BA6804C8C6E140AE1897B44CF32B42FD2397,1FC89C159EA0F96D52D8A7092BF938C509DB6984,7BB70F8585DFC27E75D692970C0EEB0F22983A63,CF8CC4763298F77FF64DAF340D26D1BBF3362C5B,2020-08-27 04:30:36.296000,2020-08-27 04:30:37.408000
uhszc53bvn4ua6i5,failed,not_found,7710,B872BA6804C8C6E140AE1897B44CF32B42FD2397,BA39D0333CF0F2026F58D8A493168F92A016CAA1,D7829A21726220AF77401BE5B2B132963A0BE82B,F59A3032A7AE637687E99437CA6DA81D3587A0EC,2020-08-27 04:30:37.408000,2020-08-27 04:30:38.816000
uhszc53bvn4ua6i5,failed,not_found,8083,B872BA6804C8C6E140AE1897B44CF32B42FD2397,FEDF4998951A750D5D7974DF243035499E84882E,0E300A0942899B995AE08CEF58062BCFEB51EEDF,CF7D2B4BECD17E04FA0D604229888F91D1665C01,2020-08-27 04:30:38.816000,2020-08-27 04:30:40.844000
uhszc53bvn4ua6i5,failed,not_found,8604,B872BA6804C8C6E140AE1897B44CF32B42FD2397,CE694BA8D019EE60D8E7838CC177E689CEA825EA,1D361A2F1CAE4FDD5A85E13C168BE7075A100524,F569731C9CA2270563A1B056ED9378CC99BE3DAC,2020-08-27 04:30:40.844000,2020-08-27 04:30:42.465000
uhszc53bvn4ua6i5,failed,not_found,8910,B872BA6804C8C6E140AE1897B44CF32B42FD2397,CA95B3584C44DED8107AF5B3D8C25C562CC64DD4,3CEA56B817455E13C4B063E7D3E7726C286F7C9B,CF6A6080091BB210AA3892FEFE2F6A396DA08DF3,2020-08-27 04:30:42.465000,2020-08-27 04:30:44.099000
xoxg73l3dqe3tw7y,failed,not_found,6881,B872BA6804C8C6E140AE1897B44CF32B42FD2397,9EB3FD84065E5622A57EFEF14E41A01B5B99A022,331452F317390D3C78BCD759170699E55C5570C9,D5D8C31E1F845B46564B112233EECFB539060915,2020-08-27 04:30:34.427000,2020-08-27 04:30:35.271000
xoxg73l3dqe3tw7y,failed,not_found,7119,B872BA6804C8C6E140AE1897B44CF32B42FD2397,D52A160303C638D9FB03463F8A6B7934D5787F4C,DA91C260D6A78F748BDF17131A1F1D18443BE1EB,B26E8B962FB76404C169634571B4C5687AC6230F,2020-08-27 04:30:35.272000,2020-08-27 04:30:37.532000
xoxg73l3dqe3tw7y,failed,not_found,7765,B872BA6804C8C6E140AE1897B44CF32B42FD2397,45F1CEDD0D81BE2BF908A7CEF8EA799486E42206,874D84382C892F3F61CC9E106BF08843DE0B865A,D5F5502C1762A0B737A81A6BDB78DDBF7EFC7725,2020-08-27 04:30:37.532000,2020-08-27 04:30:39.339000
xoxg73l3dqe3tw7y,failed,not_found,8329,B872BA6804C8C6E140AE1897B44CF32B42FD2397,7CD234DFEFE8F215EC9AE2BC1D2CAFC9E0D1CC00,AB10D5040BCBBA912FA448B8CF2A653DC8ACDC2C,B27115A20B05D40730A4020145EFA63381D9D51B,2020-08-27 04:30:39.339000,2020-08-27 04:30:41.612000
xoxg73l3dqe3tw7y,failed,not_found,8785,B872BA6804C8C6E140AE1897B44CF32B42FD2397,4FF53BC47097B50DA5B68D72C5B25CC079F4A787,672A56A583C658372E63ACEB43E7F791C2819548,B2741D35F0FDACE03350DBECD8BE8A84FEFB33DC,2020-08-27 04:30:41.612000,2020-08-27 04:30:43.290000
xoxg73l3dqe3tw7y,failed,not_found,9093,B872BA6804C8C6E140AE1897B44CF32B42FD2397,2F69F8C4DC02DD15A39BFDB4078A791D89ECEAA2,7281E68A005357F57F183AF5B6937711D92C556B,D5F3BC4F36359A21DEEA6B64EEB08E30FD85930B,2020-08-27 04:30:43.291000,2020-08-27 04:30:46.430000
7kq7rtwmciq7weci,failed,not_found,6882,B872BA6804C8C6E140AE1897B44CF32B42FD2397,8B51EF7AD52443F873211BF86C7D789406D59F2F,6530C1F5E453CC08EBB1A1D4B5836C921060473B,98DBFA6DC7F4013566D09E3DDC6F6CAF510E7FD6,2020-08-27 04:30:34.427000,2020-08-27 04:30:36.180000
7kq7rtwmciq7weci,failed,not_found,7325,B872BA6804C8C6E140AE1897B44CF32B42FD2397,5C8B811887778DCF705F3D39F19E40A21889451F,8701E70AC4C0C9E1FE47EA853FC997D29BE5D65C,A79F94117D73D4AFA4BCE340A3CB6E345C817594,2020-08-27 04:30:36.180000,2020-08-27 04:30:37.295000
7kq7rtwmciq7weci,failed,not_found,8721,B872BA6804C8C6E140AE1897B44CF32B42FD2397,B55B11A739C43396B10CC621D9C9F9D7F3A8CDE4,AC6A78BAE7BBCAC798C7AD17460147214F9EA0CD,A7B2BD56EE7D3AD45BE2FF91741568DB768D138E,2020-08-27 04:30:37.296000,2020-08-27 04:30:44.149000
7kq7rtwmciq7weci,failed,not_found,9228,B872BA6804C8C6E140AE1897B44CF32B42FD2397,58F3E2956EABB81F673E2FB90E16E001DB4AC3AE,75FDB1B03164ECED2B37CE8B925EA7629C1CDAC3,A7A3D155579D8D5FBD28AB77B40F71037872F934,2020-08-27 04:30:44.149000,2020-08-27 04:30:45.746000
7kq7rtwmciq7weci,failed,not_found,9538,B872BA6804C8C6E140AE1897B44CF32B42FD2397,D965855F77A59FBBC5D1224DFB9C12A992355079,431702B3A68A6015F9955DD4FD0129175B43EA0F,98EAC67EA6814038285F1A100D786AD8A0CD2A5E,2020-08-27 04:30:45.746000,2020-08-27 04:30:48.374000
7kq7rtwmciq7weci,,,,,,,98E659B5B701076BE433B4723F20A1811739588A,2020-08-27 04:30:48.375000,
anz3btcwgwa6n4ix,failed,not_found,6883,B872BA6804C8C6E140AE1897B44CF32B42FD2397,E81993EA52B73285CFFD02FEC003569D21483001,9F5068310818ED7C70B0BC4087AB55CB12CB4377,4495DEA0FE1200E8675065F0DA58E21C93A616CA,2020-08-27 04:30:34.427000,2020-08-27 04:30:35.352000
anz3btcwgwa6n4ix,failed,not_found,7137,B872BA6804C8C6E140AE1897B44CF32B42FD2397,87D73471FDC64BD9CEDF84435D20CA4EB5C36FE8,D0E1962B2460BA54D81E1426300D09720E6D43EB,E96C071A67833C2C93D74F7C84C99148E15181F8,2020-08-27 04:30:35.352000,2020-08-27 04:30:36.721000
anz3btcwgwa6n4ix,failed,not_found,7517,B872BA6804C8C6E140AE1897B44CF32B42FD2397,9AB93B5422149E5DFF4BE6A3814E2F6D9648DB6A,F6740DEABFD5F62612FA025A5079EA72846B1F67,E97D754577161C2BEF19042F6E1931D8F3E57DFE,2020-08-27 04:30:36.722000,2020-08-27 04:30:37.816000
anz3btcwgwa6n4ix,failed,not_found,7849,B872BA6804C8C6E140AE1897B44CF32B42FD2397,D228AE265C966CA4E9A8C4B746A30A9737060A32,0E2B627495934E75FE2BF0458676BF34055EBE93,44BD70C13DAA7513D6F47773804178B009F21ED5,2020-08-27 04:30:37.816000,2020-08-27 04:30:38.958000
anz3btcwgwa6n4ix,failed,not_found,8127,B872BA6804C8C6E140AE1897B44CF32B42FD2397,5DC40F5357EDF4809A9010828172072C95A73514,DD08F4F385A97501EE532F51D8126E3BF4DCC382,E95955CD7AB012DE770711878F147C784FC13D37,2020-08-27 04:30:38.958000,2020-08-27 04:30:40.218000
anz3btcwgwa6n4ix,failed,not_found,8276,B872BA6804C8C6E140AE1897B44CF32B42FD2397,DA8E36914466CA191566C3AD3681ADD110707D05,8859E68A7C95BD5AB403F16DAD92681E184D3710,449D8A5D4B4ECC0FBB659C14DCD712ADCC3E41DE,2020-08-27 04:30:40.219000,2020-08-27 04:30:40.998000
6xhoyyoovlb3lfkr,failed,not_found,7201,B872BA6804C8C6E140AE1897B44CF32B42FD2397,A4F11D693FAB6E949B2B7C18153C3F7989896007,A68097FE97D3065B1A6F4CE7187D753F8B8513F5,CCF2FD0048FCC9A842BE881472CEC148BB4EF458,2020-08-27 04:30:35.552000,2020-08-27 04:30:36.512000
6xhoyyoovlb3lfkr,failed,not_found,7454,B872BA6804C8C6E140AE1897B44CF32B42FD2397,B93503D458D9FE97DE5C12D211082871D08F1284,B143D439B72D239A419F8DCE07B8A8EB1B486FA7,CCF28BC8FB26C8C172DEE741702056914D2849BD,2020-08-27 04:30:36.512000,2020-08-27 04:30:37.788000
6xhoyyoovlb3lfkr,failed,not_found,8328,B872BA6804C8C6E140AE1897B44CF32B42FD2397,BCA89124643769D36946189DBE75FFA735191D13,695D811B130673C2DE8DCFC5A9E742790BD25066,CCF38C8682E5936852F6F33A0A333AFF30CA453F,2020-08-27 04:30:37.788000,2020-08-27 04:30:42.342000
6xhoyyoovlb3lfkr,failed,not_found,8892,B872BA6804C8C6E140AE1897B44CF32B42FD2397,24B6AFD1937525F0330BD94759A0F3BBC06F5955,E459E02374D0385D2E2515CBBE707EA208966BCF,310723122778237508274A36E9557B060A531BDD,2020-08-27 04:30:42.343000,2020-08-27 04:30:44.300000
6xhoyyoovlb3lfkr,failed,not_found,9254,B872BA6804C8C6E140AE1897B44CF32B42FD2397,F966CC62522A4F9C482CB555D43249A9874413D8,EC8C36BC209BA499263E93D0826046667AAC14BA,310056E3539B2EE9F227B0D230B0835554051475,2020-08-27 04:30:44.300000,2020-08-27 04:30:46.097000
6xhoyyoovlb3lfkr,failed,not_found,9466,B872BA6804C8C6E140AE1897B44CF32B42FD2397,EFF32E0B2BA102251F3F717CB3988896EEB3A8AE,E14B30A83FF80C576B2EC0F2C8A5F29D41B8DC8E,30E899AAFEB7429FEA43A15F2B43759D965E289F,2020-08-27 04:30:46.098000,2020-08-27 04:30:47.480000
qg6g6avgnmwv6onb,failed,not_found,7202,B872BA6804C8C6E140AE1897B44CF32B42FD2397,9F5068310818ED7C70B0BC4087AB55CB12CB4377,4837A6DFFC8E3681D70AD9E8D057C029093DA2F7,3B5C6ED2C1DECEB32BF1AD9B7B272F4CE9CE0656,2020-08-27 04:30:35.552000,2020-08-27 04:30:36.838000
qg6g6avgnmwv6onb,failed,not_found,7543,B872BA6804C8C6E140AE1897B44CF32B42FD2397,6BE5AA34A5C391724677A3FDC2AA77B3768F6E26,0B19BBFDC498CCEA23027B1D7BD8E20121B95E60,3B4C5729F829CA2E895B81AF834A63DB336D0FFE,2020-08-27 04:30:36.838000,2020-08-27 04:30:37.845000
qg6g6avgnmwv6onb,failed,not_found,7418,B872BA6804C8C6E140AE1897B44CF32B42FD2397,92AFFA3E0F1A236C175BC664AE8B356EDA6D0C8D,CB92FA4D7D71F134CE1F1FFF2BFF53E88DD4A1DB,3B3F451BD58F96DC0E8EB7D01F209FC8803C33DF,2020-08-27 04:30:37.845000,2020-08-27 04:30:39.039000
qg6g6avgnmwv6onb,failed,not_found,8153,B872BA6804C8C6E140AE1897B44CF32B42FD2397,46A91ECF7C4F36F830E015EF484BE3B5A53B74DD,CD9BFE309010778D64ED5E55D5EEAA92B2020DE8,574C2643494258032AA31D1AA60B73F5D48C6BB6,2020-08-27 04:30:39.039000,2020-08-27 04:30:41.675000
qg6g6avgnmwv6onb,failed,not_found,8794,B872BA6804C8C6E140AE1897B44CF32B42FD2397,FA1845C313B88EF49E8BE1F23B02CD0AC702B636,506763994792208999529D03C016774C814386A8,573CC3D8F1C845AA33AA4593B68CA0D47156AA30,2020-08-27 04:30:41.675000,2020-08-27 04:30:43.607000
qg6g6avgnmwv6onb,failed,not_found,9156,B872BA6804C8C6E140AE1897B44CF32B42FD2397,C55AC4238C66CE8D00838572D563A284DBEF0228,CB1CE5D58F07BCACBD06FBA82ED2359D5E8CE911,576F242DC99996D31FFEF6DD5E083FD439ECF4C7,2020-08-27 04:30:43.607000,2020-08-27 04:30:45.930000
54zyjaskhzchydpn,failed,not_found,7220,B872BA6804C8C6E140AE1897B44CF32B42FD2397,73713518E8BD7110D0C6D84F0682C1E0B7541F79,86CDD0D92AB972538416A382D99666736CDDF141,B97CF770ECD2D4298A505E84A8C8A5ABFCA08887,2020-08-27 04:30:35.592000,2020-08-27 04:30:36.546000
54zyjaskhzchydpn,failed,not_found,7463,B872BA6804C8C6E140AE1897B44CF32B42FD2397,8A136F5D0DACBBB6D8537DA4A806C44EF7E9037B,B143D439B72D239A419F8DCE07B8A8EB1B486FA7,365F393040AA2979DC01D102F5052CAD048F42F7,2020-08-27 04:30:36.546000,2020-08-27 04:30:37.817000
54zyjaskhzchydpn,failed,not_found,7858,B872BA6804C8C6E140AE1897B44CF32B42FD2397,088A6237EED87EDEB0E1E3AD0A4A419F963F0787,1E1A7C9134637383BE653C41973995A229D81595,B9DE57771D72238A0D8C8D3269A255BA448413B0,2020-08-27 04:30:37.817000,2020-08-27 04:30:39.170000
54zyjaskhzchydpn,failed,not_found,8189,B872BA6804C8C6E140AE1897B44CF32B42FD2397,4E81EA3528D6FB79B10B0F11C6FC96CE1C060021,0F6E56C326DC9719942E8BBA58C22F71332DA891,364E18848469385C5948376FAF778AC61D4CFB67,2020-08-27 04:30:39.170000,2020-08-27 04:30:40.361000
54zyjaskhzchydpn,failed,not_found,8523,B872BA6804C8C6E140AE1897B44CF32B42FD2397,CBBA40F7D9F284F47A243EE2C081E96682741D22,42B4F52C5B11E4D39855F654955425B0D5A0598B,3655BA69BDB86299057FDE2FF1A788003BE1043D,2020-08-27 04:30:40.361000,2020-08-27 04:30:42.256000
54zyjaskhzchydpn,failed,not_found,8883,B872BA6804C8C6E140AE1897B44CF32B42FD2397,C1B79C4CD9B713BBB6B0522155B46A7BFE3BFAAE,158581827034DEF1BAB1FC248D180165452E53D3,B9962C193AE4313D625E9BFB9415C4306214D330,2020-08-27 04:30:42.256000,2020-08-27 04:30:44.183000
2lttsuq6my6w2sq5,failed,not_found,7221,B872BA6804C8C6E140AE1897B44CF32B42FD2397,38F21DEE29E40DCDF9460A80662B7723562CA008,42B4F52C5B11E4D39855F654955425B0D5A0598B,D9D1398493254911E6F017B3AEF840D8131C4377,2020-08-27 04:30:35.593000,2020-08-27 04:30:37.755000
2lttsuq6my6w2sq5,failed,not_found,7829,B872BA6804C8C6E140AE1897B44CF32B42FD2397,38CC95A8CE92A591D4A5779359BEFFBA13FA1B88,68701181F3F08C0D13E6460CFB149E010104EF03,D0CDC93C97C8D4C275117F6D44B95F8909A01E96,2020-08-27 04:30:37.755000,2020-08-27 04:30:39.728000
2lttsuq6my6w2sq5,failed,not_found,8339,B872BA6804C8C6E140AE1897B44CF32B42FD2397,CE5ED345398CC02D573347C2F238F80B18E680EE,A2CD32D9D0668DB764AD68C745CE29693CA851B9,D09A982BBE65A162BE796D570F2578EA82444B54,2020-08-27 04:30:39.728000,2020-08-27 04:30:41.356000
2lttsuq6my6w2sq5,failed,not_found,8684,B872BA6804C8C6E140AE1897B44CF32B42FD2397,599A708756048993A1029B2775EEF8C9E40BB640,BD552C165E2ED2887D3F1CCE9CFF155DDA2D86E6,D0BF6A6400081DA6031536ECEAD59F79BDABEB65,2020-08-27 04:30:41.357000,2020-08-27 04:30:43.114000
2lttsuq6my6w2sq5,failed,not_found,9030,B872BA6804C8C6E140AE1897B44CF32B42FD2397,0173A7A8BA9D32043641B69726D32A9ADFE26D16,27D668BFB3839D8C6E36193FFC3DF4DD6D79B513,D9EB99B58EBB31681324DFBD15BA0C8C7238B526,2020-08-27 04:30:43.114000,2020-08-27 04:30:44.747000
2lttsuq6my6w2sq5,failed,not_found,9364,B872BA6804C8C6E140AE1897B44CF32B42FD2397,D228AE265C966CA4E9A8C4B746A30A9737060A32,99339F3E68BCCC1391BF14C821D80766FE0C5956,D9D6C35E932FEF7100A00C99C199356E82DAB7E6,2020-08-27 04:30:44.747000,2020-08-27 04:30:46.573000
4cj25tti5pr7lryc,failed,not_found,7435,B872BA6804C8C6E140AE1897B44CF32B42FD2397,10A5EFCCD2FB9C1A4AC20FB779A5DB11B58957A7,E8BAE7393740A700D50B010DED9D9EC9A66B390D,619A18E2960058B7BD38719D7ABFDECCB354780E,2020-08-27 04:30:36.509000,2020-08-27 04:30:37.507000
4cj25tti5pr7lryc,failed,not_found,7730,B872BA6804C8C6E140AE1897B44CF32B42FD2397,92BBADCB0697F5EB1792C607EE2DC1C291A98ADC,59BC32EA48ED1D06A373856434C0C5C4D2D86603,A2415E2FEF1972055EC0CBDF688717DF4C453AED,2020-08-27 04:30:37.507000,2020-08-27 04:30:38.746000
4cj25tti5pr7lryc,failed,not_found,8065,B872BA6804C8C6E140AE1897B44CF32B42FD2397,F6740DEABFD5F62612FA025A5079EA72846B1F67,99339F3E68BCCC1391BF14C821D80766FE0C5956,619E413D0C8AFF95B456622707016A7AB7B4DA5D,2020-08-27 04:30:38.746000,2020-08-27 04:30:40.380000
4cj25tti5pr7lryc,failed,not_found,8532,B872BA6804C8C6E140AE1897B44CF32B42FD2397,B2130AA2FD840777A5045A0883060B53C1E3F9CC,E14B30A83FF80C576B2EC0F2C8A5F29D41B8DC8E,61AF790EF78C2D73C8E3D8E2596D42A1AACE1359,2020-08-27 04:30:40.381000,2020-08-27 04:30:42.062000
4cj25tti5pr7lryc,failed,not_found,8722,B872BA6804C8C6E140AE1897B44CF32B42FD2397,1AAD015F4D885413A2BCE0E58159116901236C49,088A6237EED87EDEB0E1E3AD0A4A419F963F0787,A2534EF23390CAE079B1586F0FDF9CE11F556062,2020-08-27 04:30:42.063000,2020-08-27 04:30:42.825000
4cj25tti5pr7lryc,failed,not_found,8994,B872BA6804C8C6E140AE1897B44CF32B42FD2397,AE95BDA37A5BB4685FEBB7F06649D6CE949B5316,3CE90527D5712296B58E7EB7CD57F7D388D25FBB,A24908D1E26872E1715F9901E80FB5FA6EEBEE91,2020-08-27 04:30:42.825000,2020-08-27 04:30:44.300000
gtanudn3edww4jg5,failed,not_found,7436,B872BA6804C8C6E140AE1897B44CF32B42FD2397,D39328D2EAE3816F9C5D5D1BB19D1C14E2E79482,6F435F389BC05A34708E99F2B222F580D9065362,4415B0667DE7347C16133DED0477ED82A90FA4EE,2020-08-27 04:30:36.509000,2020-08-27 04:30:37.889000
gtanudn3edww4jg5,failed,not_found,7883,B872BA6804C8C6E140AE1897B44CF32B42FD2397,5CCC3569C67B7F1BB733664D43DF4645F2A4B04D,E81EF60A73B3809F8964F73766B01BAA0A171E20,44496B18C68356AF3A58ACAD835429C37B9432ED,2020-08-27 04:30:37.889000,2020-08-27 04:30:39.223000
gtanudn3edww4jg5,failed,not_found,7987,B872BA6804C8C6E140AE1897B44CF32B42FD2397,19DEA2B8BBD3613C50CA24C96C4DE0C3ADAF4A3E,AEF0EADA8C92A4DF1500FAE303ECD8E1EBD56670,20386D9A32BECBE602375E015FC70117955653F1,2020-08-27 04:30:39.224000,2020-08-27 04:30:40.031000
gtanudn3edww4jg5,failed,not_found,8407,B872BA6804C8C6E140AE1897B44CF32B42FD2397,930106E732385FD01810AB243E7022C42639BC06,EC4AD91674B5AFECCA117A396776F120651E55BF,443114A8673927436BC3F8FCFE6E08B16B1D5F86,2020-08-27 04:30:40.031000,2020-08-27 04:30:41.419000
gtanudn3edww4jg5,failed,not_found,8693,B872BA6804C8C6E140AE1897B44CF32B42FD2397,ABA31795BAD2AB8097F3AD0FE1A920E518D3D3F3,1034775A01EA629979D0A601EC85FDF2F584CC45,20465F3DFD77F7AC95F31A4D35726FB6D82F0E67,2020-08-27 04:30:41.419000,2020-08-27 04:30:42.690000
gtanudn3edww4jg5,failed,not_found,8976,B872BA6804C8C6E140AE1897B44CF32B42FD2397,4D7495E2EC2BC0CA6D2B4028C0131E68E8DFCED9,B568135C5E345BAFB080C11FDDF348E545A722E5,2037A6568C5771A5D8FF5C64FC1819247E6FEE7B,2020-08-27 04:30:42.690000,2020-08-27 04:30:44.709000
mrturwnenmz2bwcr,failed,not_found,7453,B872BA6804C8C6E140AE1897B44CF32B42FD2397,DEA98B7F9BA8B7F8A098D3939A6FE446084B48E7,F29A5D7E317934CDFFFA3DD9B26AC9AB48CB1C6C,215A723CB44D8ACB001D12C7832FC742921B4F64,2020-08-27 04:30:36.511000,2020-08-27 04:30:37.644000
mrturwnenmz2bwcr,failed,not_found,7802,B872BA6804C8C6E140AE1897B44CF32B42FD2397,F3F3F4900B87CF4A6B4A7F9402502FC457B7B1FC,CDC4E266687686EEC65313D4B0A5D3FA1653015D,216D8778B43123805F3FE3D7157223F34EF74A40,2020-08-27 04:30:37.644000,2020-08-27 04:30:39.379000
mrturwnenmz2bwcr,failed,not_found,8239,B872BA6804C8C6E140AE1897B44CF32B42FD2397,DA8D76F5F5819693B5C96F499BA19F7404014769,21AC6EF15C86641CE623B8A08D64144BCAC14AEC,8E43D46CD4328675B4F68BFF9F45B4D954B67645,2020-08-27 04:30:39.379000,2020-08-27 04:30:43.269000
mrturwnenmz2bwcr,failed,not_found,9074,B872BA6804C8C6E140AE1897B44CF32B42FD2397,7FA3FA525901A91A1310B817943668BC2C16289E,AC330D98115D6DA8A82E24469BFB03A5B365AB56,21A183AB1F0B207B50A1E08687685A8D940C5F80,2020-08-27 04:30:43.269000,2020-08-27 04:30:45.048000
mrturwnenmz2bwcr,failed,not_found,9417,B872BA6804C8C6E140AE1897B44CF32B42FD2397,53134D9637D9FBE565FA1E3AF82B23CC964C56D6,B7826E5C7C22D696E42AE96B696F66C5E9D86984,8E52CC35132AC6DF3781F539148781274D150919,2020-08-27 04:30:45.049000,2020-08-27 04:30:47.181000
mrturwnenmz2bwcr,,,,,,,8E5F4EE45E0631A60E59CAA42E1464FD7120459D,2020-08-27 04:30:47.182000,
sen3mi256v7cabqc,failed,not_found,7473,B872BA6804C8C6E140AE1897B44CF32B42FD2397,7B53DA28813258A20335C8E8985C05D0D089B441,A541C211909264081DC3A4F8E105F06139DDCD8B,6D72E970EB5218702C854BE250EC0663CC14D9BD,2020-08-27 04:30:36.606000,2020-08-27 04:30:37.921000
sen3mi256v7cabqc,failed,not_found,7892,B872BA6804C8C6E140AE1897B44CF32B42FD2397,901592FBE2A2335F5DC3A5434600B9A4F9D9C68E,9F466C50FE96B145D8A18BDB9260C5D9C2EA8AA8,6D6EC2A2E2ED8BFF2D4834F8D669D82FC2A9FA8D,2020-08-27 04:30:37.922000,2020-08-27 04:30:40.312000
sen3mi256v7cabqc,failed,not_found,8514,B872BA6804C8C6E140AE1897B44CF32B42FD2397,E6C04728E9339DF22F331B7017D4A7AA3F252F0B,87D73471FDC64BD9CEDF84435D20CA4EB5C36FE8,5628495D9939A8C139DD441402DE42F7012B7092,2020-08-27 04:30:40.312000,2020-08-27 04:30:41.898000
sen3mi256v7cabqc,failed,not_found,8812,B872BA6804C8C6E140AE1897B44CF32B42FD2397,239A2E0F09B8FEA551727486519040598A022778,FE1AF5E909002134BFF834F4AD5E1DE723779002,6D4D5193A0E290C027FE6B66731133F70946A155,2020-08-27 04:30:41.898000,2020-08-27 04:30:43.607000
sen3mi256v7cabqc,failed,not_found,9165,B872BA6804C8C6E140AE1897B44CF32B42FD2397,52A022F16D8CDBF019E132F1538A1798F167973A,C49A177510CAA653DA6727BF0E07FB7F56A0F09D,55F55D768DB08B621A862F6FA7AC5A6CD9A2E29D,2020-08-27 04:30:43.607000,2020-08-27 04:30:45.634000
sen3mi256v7cabqc,,,,,,,562434D987CF49D45649B76ADCA993BEA8F78471,2020-08-27 04:30:45.634000,
6gnrgcmm73dvg7qa,failed,not_found,7755,B872BA6804C8C6E140AE1897B44CF32B42FD2397,A0D30806B95DCBC16AED26C08ACF5EA29E594D67,6E4B0D429CD87AB6C25D72E298294C583FF8BA4A,3547FAF7D6526BBE81CC07FACAD612A99BDD9876,2020-08-27 04:30:37.530000,2020-08-27 04:30:39.869000
6gnrgcmm73dvg7qa,failed,not_found,8357,B872BA6804C8C6E140AE1897B44CF32B42FD2397,6C84A07C4417A6ADE63618D6B03B9822C536E95A,8ABC4D5F6182C7E79B087D1ED9E5CF652C83E52C,3523171F7CA63A75EEFB87DFE98C8AC0C90F7AB8,2020-08-27 04:30:39.869000,2020-08-27 04:30:41.331000
6gnrgcmm73dvg7qa,failed,not_found,8675,B872BA6804C8C6E140AE1897B44CF32B42FD2397,18671DE5092C67883BFB2450C3267B92618BEC66,277F5717A62B3A728C98B3168E484BC08B4997E3,3539F96FCCDC645C7801006F92864CBAFD4A8EB2,2020-08-27 04:30:41.331000,2020-08-27 04:30:42.798000
6gnrgcmm73dvg7qa,failed,not_found,8985,B872BA6804C8C6E140AE1897B44CF32B42FD2397,6E9642DDB353D044931029C036D1CAD832F3DFD7,58245CD810DE4B7BFB419E2B694E9844B77B1FF7,1443DAAF09F47875D922F718C8CC89A88C50B3F5,2020-08-27 04:30:42.798000,2020-08-27 04:30:44.968000
6gnrgcmm73dvg7qa,failed,not_found,9399,B872BA6804C8C6E140AE1897B44CF32B42FD2397,92CA65917475033271D68E39C190551F1F03E53C,BF7168623AD4FF542A9E940C4CCF575D9BE16323,1408DA5C310FEECE76E7CF88FB68ECB28B22D4DC,2020-08-27 04:30:44.968000,2020-08-27 04:30:47.695000
6gnrgcmm73dvg7qa,,,,,,,1424000B86DF67D1FBFF685B204073BB9591CEFD,2020-08-27 04:30:47.696000,
gtznfvdxyvecswmj,failed,not_found,7766,B872BA6804C8C6E140AE1897B44CF32B42FD2397,04D9CEA8D778ABA130B014F758C2BCADD31DA05E,98867F5242505A2DD581C85B1CE256090B87F138,9155DBF11CA246908A5410EDA79FCF01DA44901B,2020-08-27 04:30:37.614000,2020-08-27 04:30:40.118000
gtznfvdxyvecswmj,failed,not_found,9272,B872BA6804C8C6E140AE1897B44CF32B42FD2397,875F74A3DC14737BECA06F8B500022154D1A29D1,D6670FB54B21818CE7C13524AA003258B8E35D38,09DEA9A672FDEF38CE01E3F453E7D7CD0707E7C6,2020-08-27 04:30:40.118000,2020-08-27 04:30:46.343000
gtznfvdxyvecswmj,failed,not_found,9484,B872BA6804C8C6E140AE1897B44CF32B42FD2397,F73036C92CD94D5A16DEA9E50FE4BEC2AF3DE171,18F34AE6567F5FB081C4353D5EDA5CEE155810C4,09DCA3360179C6C8A5A20DDDE1C54662965EF1BA,2020-08-27 04:30:46.343000,2020-08-27 04:30:49.313000
gtznfvdxyvecswmj,,,,,,,09F3067452D8D1DAFD33D0524A41DBF5295D3472,2020-08-27 04:30:49.313000,
v7lcvtq4bhhb2xib,failed,not_found,7775,B872BA6804C8C6E140AE1897B44CF32B42FD2397,69534B8B5FCCD0BF1124945B1D0F5A35FB0A3542,DAEF8B8B799C711A86350FDC4337B2B3A75B97C9,B49EAAE4690E5CE762D1DF8B00FDE05970880EAD,2020-08-27 04:30:37.615000,2020-08-27 04:30:39.615000
v7lcvtq4bhhb2xib,failed,not_found,8294,B872BA6804C8C6E140AE1897B44CF32B42FD2397,21A183AB1F0B207B50A1E08687685A8D940C5F80,855BC2DABE24C861CD887DB9B2E950424B49FC34,B5053ABFF845C96B1DD8F45DCF32E6BE1E63F127,2020-08-27 04:30:39.616000,2020-08-27 04:30:41.236000
v7lcvtq4bhhb2xib,failed,not_found,8666,B872BA6804C8C6E140AE1897B44CF32B42FD2397,6E4B0D429CD87AB6C25D72E298294C583FF8BA4A,2F2710152A2344B1DE3EF619E85CB1B298643D27,71026B999E15ECC0BCCA56B972E210CCA76AD96A,2020-08-27 04:30:41.236000,2020-08-27 04:30:43.815000
v7lcvtq4bhhb2xib,failed,not_found,9174,B872BA6804C8C6E140AE1897B44CF32B42FD2397,0B555940D37DC849728841C0B290074E1A1BDCA8,0A5000E5FF2977E0D236B9F5B47590D8888494DF,B4CAFD9CBFB34EC5DAAC146920DC7DFAFE91EA20,2020-08-27 04:30:43.815000,2020-08-27 04:30:45.711000
v7lcvtq4bhhb2xib,,,,,,,70F09E981D6D4A34A35F248F0C873CBA356A0612,2020-08-27 04:30:45.711000,
r424wtvq3ey6ek4q,failed,not_found,7951,B872BA6804C8C6E140AE1897B44CF32B42FD2397,9DA672F46D0AD9BA59B2FA56A8F343D38C78BF4C,215616527FB97ED5BE0BF8D2166BDB44EEB6A840,A1EC0D0861AF76DF5AADDC17AD18DDC8F4281FE2,2020-08-27 04:30:37.642000,2020-08-27 04:30:40.148000
r424wtvq3ey6ek4q,failed,not_found,8450,B872BA6804C8C6E140AE1897B44CF32B42FD2397,6D163F649ECBE9DC20F016236EF36D7E1559E98E,103336165A0D2EFCAD3605339843A0A7710B8B92,A1FC8E424167AD70B6FA4953D9348BCD82CEB788,2020-08-27 04:30:40.148000,2020-08-27 04:30:41.452000
r424wtvq3ey6ek4q,failed,not_found,9464,B872BA6804C8C6E140AE1897B44CF32B42FD2397,3E53D3979DB07EFD736661C934A1DED14127B684,BDDF8187EA4419951CFD0A54088B634564F63AF3,76B4FEDD0696D924A407CFAB50B6E574B28CCDCA,2020-08-27 04:30:41.452000,2020-08-27 04:30:47.340000
r424wtvq3ey6ek4q,,,,,,,76C0C613B63D83E84EC870A7F49FD5E0CBB9C8E0,2020-08-27 04:30:47.340000,
axjp7rgui6uxtdij,failed,not_found,8012,B872BA6804C8C6E140AE1897B44CF32B42FD2397,D1F2C5C820B3F96BE6144CBFB84FDDF9D0EC0810,AEDFB1F1F69DC74A90BCF87B587252334D7D180E,E26635F9ED41CDA8467C2AA992D81074337602EF,2020-08-27 04:30:38.597000,2020-08-27 04:30:40.148000
axjp7rgui6uxtdij,failed,not_found,8451,B872BA6804C8C6E140AE1897B44CF32B42FD2397,8838B9E8F70E10B5895427D370A65B5554C3F25D,462ECB5FF94C6AB6971E451710B748BE20F7CC8B,E20A99DE17D99F73D888C7D33C46807B71A197FB,2020-08-27 04:30:40.148000,2020-08-27 04:30:41.965000
axjp7rgui6uxtdij,failed,not_found,8821,B872BA6804C8C6E140AE1897B44CF32B42FD2397,41CEB66108B70108F148BF7778260A87723AACA1,0122A605B7C170D6086143448273D9A9844B69E2,9ACD9D526D1F82D7A00225742F1BDB374D7D17D4,2020-08-27 04:30:41.965000,2020-08-27 04:30:43.363000
axjp7rgui6uxtdij,failed,not_found,9102,B872BA6804C8C6E140AE1897B44CF32B42FD2397,F4873B3EC3325B81DC36C7E38AD3A5ED12B2F339,2AA5F598F9A1812F01CD99E3B59BB87362ED7438,9AC1E6D6D65D8036A42F3F6B88ADC2BEBDE17F17,2020-08-27 04:30:43.363000,2020-08-27 04:30:45.231000
axjp7rgui6uxtdij,failed,not_found,9720,B872BA6804C8C6E140AE1897B44CF32B42FD2397,462ECB5FF94C6AB6971E451710B748BE20F7CC8B,F73036C92CD94D5A16DEA9E50FE4BEC2AF3DE171,9AB93B5422149E5DFF4BE6A3814E2F6D9648DB6A,2020-08-27 04:30:45.231000,2020-08-27 04:30:49.243000
axjp7rgui6uxtdij,,,,,,,E23931923121DA64C12CB6AA20B6F2C3E55627FF,2020-08-27 04:30:49.243000,
ju6eq43jx66dkeha,failed,not_found,8029,B872BA6804C8C6E140AE1897B44CF32B42FD2397,E778381BD386B4723877DE837A895F6E9C241607,FE1AF5E909002134BFF834F4AD5E1DE723779002,4D52E15C5637FB70736DD3B03F2AAE7C253BF4B4,2020-08-27 04:30:38.680000,2020-08-27 04:30:40.763000
ju6eq43jx66dkeha,failed,not_found,8657,B872BA6804C8C6E140AE1897B44CF32B42FD2397,8D912126FA40BD67EE7D5759BD19459450AEBEA1,7A3E534C033E3836BD5AF223B642853C502AB33A,4D52A12D9AD22A7E1BE5B564953A7CA9C31DA675,2020-08-27 04:30:40.763000,2020-08-27 04:30:42.878000
ju6eq43jx66dkeha,failed,not_found,9012,B872BA6804C8C6E140AE1897B44CF32B42FD2397,7D8EBB86CF2EB560F938BEF018E1D8FD6B36B327,B411027C926A9BFFCF7DA91E3CAF1856A321EFFD,4D4FD5337E6756158661ABE25AC5902A94CC7174,2020-08-27 04:30:42.879000,2020-08-27 04:30:44.807000
ju6eq43jx66dkeha,failed,not_found,9373,B872BA6804C8C6E140AE1897B44CF32B42FD2397,198F12E2DEFBE6BEEBC38B2FEDD615AECB38DA7A,CC09DFB016081AD50686DAC96440BB2D6F343251,A5B15D590C207446BFB6F739FCA67DE8C176F431,2020-08-27 04:30:44.808000,2020-08-27 04:30:47.208000
ju6eq43jx66dkeha,,,,,,,A5AF5D1904550DD27B1C50872D9496C73D916AEE,2020-08-27 04:30:47.208000,
6gq5mjmgj6y7btmt,failed,not_found,8046,B872BA6804C8C6E140AE1897B44CF32B42FD2397,795790C25BDE834B836EA54DD96DB2610829573B,9423A72BBC8B5C6AC9DE9F57735EB2B08E4156E8,E69022DEC00F259B18B2F6EA6167AF1FF4B548F2,2020-08-27 04:30:38.682000,2020-08-27 04:30:40.218000
6gq5mjmgj6y7btmt,failed,not_found,8469,B872BA6804C8C6E140AE1897B44CF32B42FD2397,4FE1CAC1563D79D92D4107FAC0C6DB96435CCA9E,13B2354C74CCE29815B4E1F692F2F0E86C7F13DD,E689C03C0990FDCE4FD25C5F1DF17D5DA793B620,2020-08-27 04:30:40.218000,2020-08-27 04:30:41.984000
6gq5mjmgj6y7btmt,failed,not_found,8830,B872BA6804C8C6E140AE1897B44CF32B42FD2397,3EE6BA5394B18AEF14E0D3B959D733B7A1EC3AD5,0706B3AF0059CB226E4AACDEDB6794678F402905,CC2D8C3C2A4E5ECAAF027D0C9022C66B9ED58330,2020-08-27 04:30:41.984000,2020-08-27 04:30:43.381000
6gq5mjmgj6y7btmt,failed,not_found,9111,B872BA6804C8C6E140AE1897B44CF32B42FD2397,63540827C4832D214984EA47B7A68C593F9F862F,6389ECB4891334B846300FDD8A68250EBB5B7C52,E690103F3E388A3D9C125936F1AE5C64C1A26D51,2020-08-27 04:30:43.382000,2020-08-27 04:30:46.431000
6gq5mjmgj6y7btmt,failed,not_found,9711,B872BA6804C8C6E140AE1897B44CF32B42FD2397,52A022F16D8CDBF019E132F1538A1798F167973A,128FC6D8FBF753121C5662FEE309CCD47B64BA6B,CC1BDE73D48DEF3202C688A158D0718C885360D4,2020-08-27 04:30:46.431000,2020-08-27 04:30:49.147000
6gq5mjmgj6y7btmt,,,,,,,CC2179A97D4EC55BFA56B27F2300C53162CEBB6E,2020-08-27 04:30:49.147000,
yrtlkwx4b55pskbp,failed,not_found,8055,B872BA6804C8C6E140AE1897B44CF32B42FD2397,DC2B1E4348AF306326FA63EEDB76EA6139133485,6C251FA7F45E9DEDF5F69BA3D167F6BA736F49CD,F0A3054C76604DC75D3F57F55C27F1BFB643F107,2020-08-27 04:30:38.712000,2020-08-27 04:30:39.869000
yrtlkwx4b55pskbp,failed,not_found,8486,B872BA6804C8C6E140AE1897B44CF32B42FD2397,80C113BCE9356B4DECF94E7CF4A8C0BD315EE8E8,89FD4FB2A5FD73B50F2E5D85C4707883F8CD5130,F090D06DD908C91487F0A65DFFDFB1E4CD664288,2020-08-27 04:30:39.869000,2020-08-27 04:30:41.764000
yrtlkwx4b55pskbp,failed,not_found,8803,B872BA6804C8C6E140AE1897B44CF32B42FD2397,C3D92B0696196558E784EF7252A5370192720BE5,103336165A0D2EFCAD3605339843A0A7710B8B92,F0A97AAF092015293EC63D7E75D9C2B70B7C360B,2020-08-27 04:30:41.764000,2020-08-27 04:30:43.188000
yrtlkwx4b55pskbp,failed,not_found,9039,B872BA6804C8C6E140AE1897B44CF32B42FD2397,22775B953E662151549C114CB8EE5FBDBCBDAD02,F12F8DFDDE1969D4E5940781E3DAB326D28C1220,CA4E9DFE87DE87E502F3B503D07EC8EFCAEE2549,2020-08-27 04:30:43.188000,2020-08-27 04:30:44.809000
yrtlkwx4b55pskbp,failed,not_found,9382,B872BA6804C8C6E140AE1897B44CF32B42FD2397,0F977B4D6EBEECD578AC838A5FDDC81B636060A7,CD0F9AA1A5064430B1DE8E645CBA7A502B27ED5F,CA29603FE2143C9BF06AFE76AB5D7940194271C1,2020-08-27 04:30:44.809000,2020-08-27 04:30:47.276000
yrtlkwx4b55pskbp,failed,not_found,9630,B872BA6804C8C6E140AE1897B44CF32B42FD2397,6B7ABD237CF25E5F787F365AF5FC4C86F0213A9F,874D84382C892F3F61CC9E106BF08843DE0B865A,CA4DF2B63A43080C57CF9A561D4A155F97EC5A4F,2020-08-27 04:30:47.276000,2020-08-27 04:30:48.972000
erge3fq6hzm7kmln,failed,not_found,8256,B872BA6804C8C6E140AE1897B44CF32B42FD2397,4856C97DC4F2271BC896DF9CABD217EE2D869D68,EF09163EC3F03C2F63A865BBBF1CE5642C6595A3,0647C3F8352BBFA0D57A1C3E0DCF67FC3E073D2C,2020-08-27 04:30:39.456000,2020-08-27 04:30:40.783000
erge3fq6hzm7kmln,,,,,,,7044955A4D7B04CF70011D73B467B13CE5E69D41,2020-08-27 04:30:40.783000,
s6f2ds5327kwx5xu,failed,not_found,8275,B872BA6804C8C6E140AE1897B44CF32B42FD2397,8D912126FA40BD67EE7D5759BD19459450AEBEA1,C5F214F7F9CCBF09324C9AA032760150243A196C,5628495D9939A8C139DD441402DE42F7012B7092,2020-08-27 04:30:39.533000,2020-08-27 04:30:40.990000
s6f2ds5327kwx5xu,failed,not_found,8622,B872BA6804C8C6E140AE1897B44CF32B42FD2397,0122A605B7C170D6086143448273D9A9844B69E2,1FC89C159EA0F96D52D8A7092BF938C509DB6984,55F55D768DB08B621A862F6FA7AC5A6CD9A2E29D,2020-08-27 04:30:40.990000,2020-08-27 04:30:42.825000
s6f2ds5327kwx5xu,failed,not_found,9003,B872BA6804C8C6E140AE1897B44CF32B42FD2397,17ABA734572DBB1050CF3800F0DD145BAE7ED9A7,85A3AC041E3FCD796AF5D653953D5E27A56E3719,375AAFD4E280B95136969E191AF4D9A1FA7C4FD9,2020-08-27 04:30:42.826000,2020-08-27 04:30:44.920000
s6f2ds5327kwx5xu,failed,not_found,9274,B872BA6804C8C6E140AE1897B44CF32B42FD2397,BF0FB582E37F738CD33C3651125F2772705BB8E8,7ED3D8AFAC750F8CC0BDF8C87FE3BCBA2BBE2209,562434D987CF49D45649B76ADCA993BEA8F78471,2020-08-27 04:30:44.920000,2020-08-27 04:30:46.206000
s6f2ds5327kwx5xu,failed,not_found,9609,B872BA6804C8C6E140AE1897B44CF32B42FD2397,61B2102DB3D97F16FBB359EFE86EC6887A1B3B5A,AE6A8C18E7499B586CD36246AC4BCAFFBBF93AB2,375DCBB2DBD94E5263BC0C015F0C9E756669617E,2020-08-27 04:30:46.206000,2020-08-27 04:30:49.076000
s6f2ds5327kwx5xu,,,,,,,37535409102DFFE92F3DAC809E470E62BC27F1DF,2020-08-27 04:30:49.077000,
dilzxyqhpg3w6pbc,failed,not_found,8285,B872BA6804C8C6E140AE1897B44CF32B42FD2397,0E2EEC125A6AC8D5EBF5DB36B776A3DA5510E7A0,6EF78BB131DA33F9D266BC4BB5972261E34DBD13,CE34F2DA5B7B419D9D126530DCE86EA87D6D13EE,2020-08-27 04:30:39.541000,2020-08-27 04:30:40.864000
dilzxyqhpg3w6pbc,failed,not_found,8613,B872BA6804C8C6E140AE1897B44CF32B42FD2397,8CB537148D663DB5EE4663A46218C6EF6BC80159,F07B89BC9D794F3D9342417C62FBA8F9972D04A3,CE1D843B222F85A0B55DF268F6D6D3A65FF8BAB7,2020-08-27 04:30:40.864000,2020-08-27 04:30:44.278000
dilzxyqhpg3w6pbc,failed,not_found,9084,B872BA6804C8C6E140AE1897B44CF32B42FD2397,C2F653A5CEE30C8D5713FA4AE7F75E992A479196,B568135C5E345BAFB080C11FDDF348E545A722E5,A4F11D693FAB6E949B2B7C18153C3F7989896007,2020-08-27 04:30:44.278000,2020-08-27 04:30:44.968000
dilzxyqhpg3w6pbc,failed,not_found,9408,B872BA6804C8C6E140AE1897B44CF32B42FD2397,0122A605B7C170D6086143448273D9A9844B69E2,787768FEF9FBFE2D9B8E0214019A7F9960D39206,CE1FD7659F2DFE92B883083C0C6C974616D17F3D,2020-08-27 04:30:44.969000,2020-08-27 04:30:47.208000
dilzxyqhpg3w6pbc,failed,not_found,9783,B872BA6804C8C6E140AE1897B44CF32B42FD2397,99774357E7FD1F113F242C469D1D399D444AA51A,63540827C4832D214984EA47B7A68C593F9F862F,A4E120350425BAD920307FFA74440F95D0172302,2020-08-27 04:30:47.209000,2020-08-27 04:30:49.315000
dilzxyqhpg3w6pbc,,,,,,,A4E7318199A347B70E85B4C8581E608CAEDAD8AC,2020-08-27 04:30:49.315000,
7bk2v3ntab43twm2,failed,not_found,8311,B872BA6804C8C6E140AE1897B44CF32B42FD2397,A480D8C9F9B1112E47C24E33DAC0419CAF1A821A,2F69F8C4DC02DD15A39BFDB4078A791D89ECEAA2,E51620B90DCB310138ED89EDEDD0A5C361AAE24E,2020-08-27 04:30:39.677000,2020-08-27 04:30:41.201000
7bk2v3ntab43twm2,failed,not_found,8496,B872BA6804C8C6E140AE1897B44CF32B42FD2397,CC2179A97D4EC55BFA56B27F2300C53162CEBB6E,D35682AB6E29D91AA030E03A9BEB42700D96A1EF,45D67EDBFE0A61F9784F34A88DA6D5E13C397786,2020-08-27 04:30:41.201000,2020-08-27 04:30:42.256000
7bk2v3ntab43twm2,failed,not_found,9628,B872BA6804C8C6E140AE1897B44CF32B42FD2397,D628832091562BD6F28E94DCB56EC3E5B10DC1C6,12B1A5769D38FF47CF68C2235E1BDA315DF400F2,45D8C1EEFF044043AA6806C4B9130F8F189EF316,2020-08-27 04:30:42.256000,2020-08-27 04:30:49.079000
7bk2v3ntab43twm2,,,,,,,45A5286454BA553FACF56CF4AE5F4CC6D2D095B0,2020-08-27 04:30:49.079000,
ms67wdv54k3pou2q,failed,not_found,8541,B872BA6804C8C6E140AE1897B44CF32B42FD2397,5DC40F5357EDF4809A9010828172072C95A73514,90633012A1A752D8D02FEC8374A4BF98941A1900,42D47C736518BFA495CA31AEE40AE468F0BDA2A6,2020-08-27 04:30:40.432000,2020-08-27 04:30:42.091000
ms67wdv54k3pou2q,failed,not_found,8865,B872BA6804C8C6E140AE1897B44CF32B42FD2397,DB2682153AC0CCAECD2BD1E9EBE99C6815807A1E,35513B1D2EA70649346C3C6D34F63D6982E3948A,45F1CEDD0D81BE2BF908A7CEF8EA799486E42206,2020-08-27 04:30:42.092000,2020-08-27 04:30:43.996000
ms67wdv54k3pou2q,failed,not_found,9210,B872BA6804C8C6E140AE1897B44CF32B42FD2397,E2D9035061E3D133B2CA4DA3383AEAACCC0733E1,7260949459C2D4D4A5ABC3AC10C1AD6939E6525C,45FD401243854294783CD83673613FF565D9A662,2020-08-27 04:30:43.997000,2020-08-27 04:30:46.128000
ms67wdv54k3pou2q,failed,not_found,9591,B872BA6804C8C6E140AE1897B44CF32B42FD2397,01B70C7C497FC8667DB5EB82C40D8F9214D6A484,724E86E7F5DA715529DC0ECAA013AE4BDC680E4C,42EFF3531952A7AF86F67B6749F0D8C7E5EB2B70,2020-08-27 04:30:46.128000,2020-08-27 04:30:48.884000
ms67wdv54k3pou2q,,,,,,,42D58335381BC9BB8C9ED98D390109EB74DBCBC4,2020-08-27 04:30:48.885000,
ae4qdrhzxc24gmc7,failed,not_found,8550,B872BA6804C8C6E140AE1897B44CF32B42FD2397,E087F6FBA148F8BB6A520CEF08FA5BF324828B22,1F97BE0788A261FF978C082E0AB44ADD96AF1F7A,D983EC97264C0FB1C979C84ACD91C70273C41272,2020-08-27 04:30:40.432000,2020-08-27 04:30:42.027000
ae4qdrhzxc24gmc7,failed,not_found,8839,B872BA6804C8C6E140AE1897B44CF32B42FD2397,B86137AE9681701901C6720E55C16805B46BD8E3,195A26A390C42A1CE9FA77D2FDC25FB65AE27D45,562434D987CF49D45649B76ADCA993BEA8F78471,2020-08-27 04:30:42.028000,2020-08-27 04:30:43.935000
ae4qdrhzxc24gmc7,failed,not_found,9201,B872BA6804C8C6E140AE1897B44CF32B42FD2397,7FF1A673A5E1F7E9D2495A36C185B890DBD96553,DA96AC308288FBFD4641F25F1FA44DDD62FFE42B,5628495D9939A8C139DD441402DE42F7012B7092,2020-08-27 04:30:43.935000,2020-08-27 04:30:46.184000
ae4qdrhzxc24gmc7,failed,not_found,9600,B872BA6804C8C6E140AE1897B44CF32B42FD2397,31D270A38505D4BFBBCABF717E9FB4BCA6DDF2FF,C056D9887C999E8D9DB43CF300E1F73A7E0D1D74,D98AE191FAB7B50E851F344B7929394BFBAFB76A,2020-08-27 04:30:46.184000,2020-08-27 04:30:48.273000
ae4qdrhzxc24gmc7,,,,,,,D9D1398493254911E6F017B3AEF840D8131C4377,2020-08-27 04:30:48.273000,
y3ffj63fcewxbkev,failed,not_found,8559,B872BA6804C8C6E140AE1897B44CF32B42FD2397,1079E628FC6B0025656AC024F2D9975C441498CD,91DDE492833DA13509B2ABEF3E8F6D5161153385,6742B34E735C0DDD67B90920EF28819738B63EC0,2020-08-27 04:30:40.485000,2020-08-27 04:30:42.090000
y3ffj63fcewxbkev,failed,not_found,8856,B872BA6804C8C6E140AE1897B44CF32B42FD2397,56927E61B51E6F363FB55498150A6DDFCF7077F2,272AC842521666E3D1B0E5EAFAC79EF73EC88972,525D5386F858580E93B88D21727869555DFC654C,2020-08-27 04:30:42.090000,2020-08-27 04:30:44.471000
y3ffj63fcewxbkev,failed,not_found,9283,B872BA6804C8C6E140AE1897B44CF32B42FD2397,0745857B06337B7F343635608975972A9EC14901,6E4B0D429CD87AB6C25D72E298294C583FF8BA4A,67549C743EB7A9D06A75E37BEB82417EBB22E97F,2020-08-27 04:30:44.471000,2020-08-27 04:30:46.268000
y3ffj63fcewxbkev,failed,not_found,9618,B872BA6804C8C6E140AE1897B44CF32B42FD2397,3FE39429CB7077BBB13D2774591A1B80EE493742,61B2102DB3D97F16FBB359EFE86EC6887A1B3B5A,525EE34C1A7B89AB9DF585246DE30E32702913F5,2020-08-27 04:30:46.268000,2020-08-27 04:30:48.591000
y3ffj63fcewxbkev,,,,,,,673C081A9502D5D3AB9395FF4257274BE4C7A8A4,2020-08-27 04:30:48.591000,
vtgtqat4jufatmku,failed,not_found,8568,B872BA6804C8C6E140AE1897B44CF32B42FD2397,94F367A130296C9EB92BE32E25AAEB7F227DE0D6,B96A2DF1C23DF9169D70ADE0993BD003311F51DA,F001CD2A9E27B7E3ECD120951CAF968213967B31,2020-08-27 04:30:40.508000,2020-08-27 04:30:43.227000
vtgtqat4jufatmku,failed,not_found,9048,B872BA6804C8C6E140AE1897B44CF32B42FD2397,AFE05115595A1D028E91AD41F6A07239DB04CEBC,7C22E89AB620E77DF1B4A33787A5EC3F2AB4A8D1,FB4BC8A17AD016963AA34EB98060F475DBB2DD9D,2020-08-27 04:30:43.227000,2020-08-27 04:30:44.668000
vtgtqat4jufatmku,failed,not_found,9355,B872BA6804C8C6E140AE1897B44CF32B42FD2397,D7829A21726220AF77401BE5B2B132963A0BE82B,91517F219F7648E4B8BBF3C162C77DDC55315612,F00EC2E0A2CA79A57FE7A0918A087987747D772D,2020-08-27 04:30:44.668000,2020-08-27 04:30:47.082000
vtgtqat4jufatmku,,,,,,,F004C51B7C3136D7DFC20469AA5329B8372A263A,2020-08-27 04:30:47.082000,
ju7vvbsycd2kwzz6,failed,not_found,8711,B872BA6804C8C6E140AE1897B44CF32B42FD2397,E663E4851EC31BE460BC2DA3164E9BE114E73F3A,B8E514ADDC653D61DE1FCB67821BB0303778782F,C74E2C7FB511861A489C60F7503A6FD74C12723E,2020-08-27 04:30:41.522000,2020-08-27 04:30:43.906000
ju7vvbsycd2kwzz6,failed,not_found,9310,B872BA6804C8C6E140AE1897B44CF32B42FD2397,7A3E534C033E3836BD5AF223B642853C502AB33A,823701D5C4C5D72C3FF533113F25A1922DED6303,C72E73566CB3377AAE5849F5926AD660E4AF82A2,2020-08-27 04:30:43.906000,2020-08-27 04:30:47.947000
ju7vvbsycd2kwzz6,,,,,,,C75CDD818316ABBC839F9F0DDAEC873FCF60C370,2020-08-27 04:30:47.948000,
gpe4qh5u4r2d26mx,failed,not_found,9465,B872BA6804C8C6E140AE1897B44CF32B42FD2397,DA9E02BB8080E473157052F70439B7886AA8569D,946BB39545FCB4D4A4929DC9B84EAA28725EDF6F,D0CDC93C97C8D4C275117F6D44B95F8909A01E96,2020-08-27 04:30:41.524000,2020-08-27 04:30:48.056000
gpe4qh5u4r2d26mx,,,,,,,D0D93D5E8B46BD72B68617B402E2DBC16F8AA040,2020-08-27 04:30:48.056000,
vrfcov7ua2paafn2,failed,not_found,8758,B872BA6804C8C6E140AE1897B44CF32B42FD2397,1FE9F0F999FB72F4AFB0D1B9239B78E9519C11F7,DBE82FA23B9FE3CB2462A6FCF5289DED3CBF4AEE,D80A50EF9BFD77CFCEA5326F389E24F932D6F9DA,2020-08-27 04:30:41.592000,2020-08-27 04:30:43.269000
vrfcov7ua2paafn2,failed,not_found,9083,B872BA6804C8C6E140AE1897B44CF32B42FD2397,0B97514C2C0D07593600281626073571D7071749,56927E61B51E6F363FB55498150A6DDFCF7077F2,8AFFEAE2A917D35C4E98395F5F3BDC3A55472632,2020-08-27 04:30:43.269000,2020-08-27 04:30:45.158000
vrfcov7ua2paafn2,failed,not_found,9426,B872BA6804C8C6E140AE1897B44CF32B42FD2397,12D552E8AF7AA2B71B218B5BBF6A5FEFA6F26BA0,6E4B5DBF0EE117085C50A8F0E07488A1EB30B562,D8056CAD4A3D6EE7D82748027474BF5C53E569D9,2020-08-27 04:30:45.158000,2020-08-27 04:30:47.604000
vrfcov7ua2paafn2,,,,,,,D80EA21626BFAE8044E4037FE765252E157E3586,2020-08-27 04:30:47.604000,
ii6xmbwkwie4b5oa,failed,not_found,8767,B872BA6804C8C6E140AE1897B44CF32B42FD2397,2935E0F03B71BE44F6F265FEF976E810BAAD6F4E,EFE48A6A2A02B68D1767C13B9646FA62EA8310B2,C414F28FD2BEC1553024299B31D4E726BEB8E788,2020-08-27 04:30:41.597000,2020-08-27 04:30:43.884000
ii6xmbwkwie4b5oa,,,,,,,C408BCC8F32F21F0ABB64632A25640F03110DFC7,2020-08-27 04:30:43.884000,
oiiyozdcuug66ask,failed,not_found,9065,B872BA6804C8C6E140AE1897B44CF32B42FD2397,3CE90527D5712296B58E7EB7CD57F7D388D25FBB,5DB9AE27A44EB7B476CC04A66C67A71C97A001E6,C4336D75C121D306DD4FAFBE33F826AD53FAD50F,2020-08-27 04:30:42.522000,2020-08-27 04:30:45.633000
oiiyozdcuug66ask,failed,not_found,9511,B872BA6804C8C6E140AE1897B44CF32B42FD2397,F641F043D50CEFA07EE41EB284466458788808ED,19DEA2B8BBD3613C50CA24C96C4DE0C3ADAF4A3E,C414F28FD2BEC1553024299B31D4E726BEB8E788,2020-08-27 04:30:45.633000,2020-08-27 04:30:47.553000
oiiyozdcuug66ask,,,,,,,761A60D0364D9AA03114F72550483287ED060B2D,2020-08-27 04:30:47.553000,
vtbp5eepauqgroz6,failed,not_found,8940,B872BA6804C8C6E140AE1897B44CF32B42FD2397,D248B96B33DA5083D7771B791CB46A1214B59446,331452F317390D3C78BCD759170699E55C5570C9,CC605FEC74F20D49995D8FAAFF7365954233B85D,2020-08-27 04:30:42.522000,2020-08-27 04:30:44.246000
vtbp5eepauqgroz6,failed,not_found,9237,B872BA6804C8C6E140AE1897B44CF32B42FD2397,87D73471FDC64BD9CEDF84435D20CA4EB5C36FE8,AA44DDCAAF120676DC6616DF7C5DC7062AE7C208,0A6001B1E3A9F5365BD3C2988BD69BB8EAD71289,2020-08-27 04:30:44.246000,2020-08-27 04:30:45.929000
vtbp5eepauqgroz6,failed,not_found,9565,B872BA6804C8C6E140AE1897B44CF32B42FD2397,CC651A7620A8129209BF865CA6ECC1F09023DD28,D965855F77A59FBBC5D1224DFB9C12A992355079,0A58B05D403A2663EB56124F8C7AAB0CABFAA115,2020-08-27 04:30:45.929000,2020-08-27 04:30:48.273000
vtbp5eepauqgroz6,,,,,,,0A592CE8A53AECDF9130D37245C6460B238728DF,2020-08-27 04:30:48.273000,
3yjjvmx4twqirece,failed,not_found,8949,B872BA6804C8C6E140AE1897B44CF32B42FD2397,1CD48F4ED0F1821FFBF1940802A13EEFD4C27502,B74DABBE248B935CDC1038CD5C9280878C8C94E7,E0A3471C24C9021CC58FBF774203046FD2BC893F,2020-08-27 04:30:42.626000,2020-08-27 04:30:44.403000
3yjjvmx4twqirece,failed,not_found,9263,B872BA6804C8C6E140AE1897B44CF32B42FD2397,37C1D66559D0C7884E3D21F7DEB58C75D79B98A8,43FF3346A3F8E4ED27F631DC956C4CD8D6173D7A,E08FA051D29468D098C2A3E1B123E4A05967398E,2020-08-27 04:30:44.404000,2020-08-27 04:30:46.003000
3yjjvmx4twqirece,failed,not_found,9574,B872BA6804C8C6E140AE1897B44CF32B42FD2397,9AB93B5422149E5DFF4BE6A3814E2F6D9648DB6A,46E0487EEEFD694CE625CC6E12D032395C01DB82,C5D29A323B1952CF783C84408804F01926139E69,2020-08-27 04:30:46.003000,2020-08-27 04:30:48.431000
3yjjvmx4twqirece,,,,,,,C5D5E635D115C921C060929FDBEA08F214289198,2020-08-27 04:30:48.431000,
jm4wrgvobb3o6ese,failed,not_found,8958,B872BA6804C8C6E140AE1897B44CF32B42FD2397,754CB99117E6ED570DFCFB7D9F12674B97A4E28E,0B19BBFDC498CCEA23027B1D7BD8E20121B95E60,A751D8BEE222564B7BA657F74B6658836FF1AEEA,2020-08-27 04:30:42.650000,2020-08-27 04:30:44.515000
jm4wrgvobb3o6ese,failed,not_found,9328,B872BA6804C8C6E140AE1897B44CF32B42FD2397,003BFA1B6CC5CBEFD5D0082F8FC9AF2A8868A8FB,35513B1D2EA70649346C3C6D34F63D6982E3948A,3547FAF7D6526BBE81CC07FACAD612A99BDD9876,2020-08-27 04:30:44.515000,2020-08-27 04:30:46.568000
jm4wrgvobb3o6ese,failed,not_found,9729,B872BA6804C8C6E140AE1897B44CF32B42FD2397,5D2A8CAA119D0528722C2438350FAB0C8DE01AB7,42D47C736518BFA495CA31AEE40AE468F0BDA2A6,3539F96FCCDC645C7801006F92864CBAFD4A8EB2,2020-08-27 04:30:46.568000,2020-08-27 04:30:49.076000
jm4wrgvobb3o6ese,,,,,,,3548129E3B54BF4B833BBCBAE214DB05CA46AE6B,2020-08-27 04:30:49.076000,
l2yugs3qqnpkw3m4,failed,not_found,9120,B872BA6804C8C6E140AE1897B44CF32B42FD2397,E432C6B90254DD0675F86D3E4D5F3A2CA100DE8B,3BADB3EFFB87534736BFAC9A2024AB78401BDBC3,05DC5DBEFB651BC02946DB3286F85DB1B5D2C3D6,2020-08-27 04:30:43.403000,2020-08-27 04:30:45.796000
l2yugs3qqnpkw3m4,failed,not_found,9556,B872BA6804C8C6E140AE1897B44CF32B42FD2397,BE6CF26814BD1F35B76FE576702DBA9627EE8237,0824D7C7FB117D5C6AC01581FD798E670C37C804,B8BF2948E7830586F64EE92CCEABFB202E2FBF85,2020-08-27 04:30:45.796000,2020-08-27 04:30:48.167000
l2yugs3qqnpkw3m4,,,,,,,061370AE41C1084B2910EB0522C8B2DB1C2CB96E,2020-08-27 04:30:48.167000,
spxcplj332hh6wzc,failed,not_found,9129,B872BA6804C8C6E140AE1897B44CF32B42FD2397,5DB9AE27A44EB7B476CC04A66C67A71C97A001E6,1687ECEA6D20E62CF371BA8D53B95E68788F98C1,9D462FB499BA316E485ED80E0073802D2283FAAB,2020-08-27 04:30:43.492000,2020-08-27 04:30:45.796000
spxcplj332hh6wzc,failed,not_found,9547,B872BA6804C8C6E140AE1897B44CF32B42FD2397,72A33E374DE5AD1E617394896F0FD8B092D3E7C4,FB016E16B8CD7A0E53DEEF31ED8754E4F6B8E837,260B86A04CBEDE605F183624C2FCA3CE81FD24A1,2020-08-27 04:30:45.796000,2020-08-27 04:30:47.877000
spxcplj332hh6wzc,,,,,,,9DA5284A51021A711ECAA677C81E5408222B9F2A,2020-08-27 04:30:47.877000,
3jeevonbm736nwvy,failed,not_found,9138,B872BA6804C8C6E140AE1897B44CF32B42FD2397,1C7215BC0123DDA23BDED0F9D2849D3AD80183CB,5BB51E650366D14C95027DB2F1D7A69BC5B00676,405F35A10556611FB81CA3E5C01BF1A54F11BD4C,2020-08-27 04:30:43.492000,2020-08-27 04:30:45.233000
3jeevonbm736nwvy,failed,not_found,9444,B872BA6804C8C6E140AE1897B44CF32B42FD2397,8E5F4EE45E0631A60E59CAA42E1464FD7120459D,AB687988F260DE9EDC3B36C66287DE2660ED1CE0,F3A3461889BF97250F50A7BAAAE4A2B92062F6D7,2020-08-27 04:30:45.233000,2020-08-27 04:30:47.208000
3jeevonbm736nwvy,,,,,,,F3936F97C14EFCFD18154DF4443B91FEDD071F47,2020-08-27 04:30:47.208000,
b4enm2ow6pfithhb,failed,not_found,9147,B872BA6804C8C6E140AE1897B44CF32B42FD2397,79D9E66BB2FDBF25E846B635D8248FE1194CFD26,9A08E378EA3FA18183CB0522D7665550E1B42BB4,99B2CBF6EFD80ACD303E8089656668EF236015CD,2020-08-27 04:30:43.516000,2020-08-27 04:30:45.342000
b4enm2ow6pfithhb,failed,not_found,9453,B872BA6804C8C6E140AE1897B44CF32B42FD2397,276AE7A0E974FC96B0933F1DA8FD51FD3BA59944,B2130AA2FD840777A5045A0883060B53C1E3F9CC,998A0704E0AA4F373A7CEA51628E895320EC2EDB,2020-08-27 04:30:45.342000,2020-08-27 04:30:47.806000
b4enm2ow6pfithhb,,,,,,,99AC77667D8D606251B749DFDA473B2C781F78D0,2020-08-27 04:30:47.806000,
mpb3nlhp3qbsaw6b,failed,not_found,9301,B872BA6804C8C6E140AE1897B44CF32B42FD2397,303509AB910EF207B7438C27435C4A2FD579F1B1,63C6AB74A5C288C2159DDC783BB00F88AB44427C,E5CC91BAFE7CCD68003E873D32E38027638D49D7,2020-08-27 04:30:44.514000,2020-08-27 04:30:46.431000
mpb3nlhp3qbsaw6b,,,,,,,E5D7D35357E9C55B47E2ADDE73199153888BD4CB,2020-08-27 04:30:46.431000,
c6la4reklz64nwrl,failed,not_found,9319,B872BA6804C8C6E140AE1897B44CF32B42FD2397,EFE48A6A2A02B68D1767C13B9646FA62EA8310B2,35DBE43445BB44D817084200BA05E8A0573EDFD4,47E1157F7DA6DF80EC00D745D73ACD7B0A380BCF,2020-08-27 04:30:44.515000,2020-08-27 04:30:46.307000
c6la4reklz64nwrl,failed,not_found,9639,B872BA6804C8C6E140AE1897B44CF32B42FD2397,863FDDA3CA537CE03646B3AEBD3FD1CC6B077FBE,6118DDB580EEDD6FE5F8D3CC0DF1EE17D8A2A4C6,47E0EEB4E75C2C3633A7E294885F146B1E786DA9,2020-08-27 04:30:46.307000,2020-08-27 04:30:48.725000
c6la4reklz64nwrl,,,,,,,47E49319DD67784F1E65B5793371BE467365979E,2020-08-27 04:30:48.725000,
x6l2qyxugnyzluoa,failed,not_found,9337,B872BA6804C8C6E140AE1897B44CF32B42FD2397,59EA74708A9C1A24D2EB1A2F150C27119A5FC2A6,014E24C0CD21D2B9829E841D5EC1D3C415F866BF,5E52BEA22130598F200D05C42BB66709C24E8F67,2020-08-27 04:30:44.544000,2020-08-27 04:30:46.343000
x6l2qyxugnyzluoa,,,,,,,5E56738E7F97AA81DEEF59AF28494293DFBFCCDF,2020-08-27 04:30:46.344000,
xak65xmrqd7c5m3b,failed,not_found,9346,B872BA6804C8C6E140AE1897B44CF32B42FD2397,E8BAE7393740A700D50B010DED9D9EC9A66B390D,CF6B9B69DAC1F851D8073B2E1BB3FD7A50DB507D,53B379F4063B3B91B24A7DFFCC2F6533F51B3245,2020-08-27 04:30:44.568000,2020-08-27 04:30:47.377000
xak65xmrqd7c5m3b,,,,,,,BF29077D90DD65D8B15B2DFC876D25C76E5057FB,2020-08-27 04:30:47.377000,
75irkg77ra2u5gw7,failed,not_found,9475,B872BA6804C8C6E140AE1897B44CF32B42FD2397,B845512E19DB0D7D99277FE4BB549D925EEB9432,C55AC4238C66CE8D00838572D563A284DBEF0228,2E414CD28823B5AEB51FD172AA0EE3E9EB9BCA90,2020-08-27 04:30:45.507000,2020-08-27 04:30:47.377000
75irkg77ra2u5gw7,,,,,,,6C251FA7F45E9DEDF5F69BA3D167F6BA736F49CD,2020-08-27 04:30:47.377000,
splqudk2wm45ed2f,failed,not_found,9648,B872BA6804C8C6E140AE1897B44CF32B42FD2397,B3C6B4D26A20151F568D39ACFA63E15DBC01CD5D,E36536404200A74930DB165858BD5BB554D2BEA2,09DCA3360179C6C8A5A20DDDE1C54662965EF1BA,2020-08-27 04:30:45.507000,2020-08-27 04:30:47.767000
splqudk2wm45ed2f,,,,,,,9A7E266811321BF39532F423121DD290287A42E1,2020-08-27 04:30:47.768000,
2sd3l7ktzhhpnza2,failed,not_found,9493,B872BA6804C8C6E140AE1897B44CF32B42FD2397,912B7597346A74A44AD4B6068C645772B758DCB7,7260949459C2D4D4A5ABC3AC10C1AD6939E6525C,AAEB6A603C1058B9D041884E42941944B915F500,2020-08-27 04:30:45.542000,2020-08-27 04:30:47.479000
2sd3l7ktzhhpnza2,,,,,,,B0430D21D6609459D141078C0D7758B5CA753B6F,2020-08-27 04:30:47.479000,
rg5y75cbxtiwna4i,failed,not_found,9502,B872BA6804C8C6E140AE1897B44CF32B42FD2397,98BCA63DD82E13A637FF8D0EC28135663DB08CA1,506763994792208999529D03C016774C814386A8,82405679E1F2AE258FBA8DD45BB2A52735EEED91,2020-08-27 04:30:45.543000,2020-08-27 04:30:47.602000
rg5y75cbxtiwna4i,,,,,,,D0CE898B1530C14F9FCE27E1449941579607F1D6,2020-08-27 04:30:47.602000,
rjgwz4zmbzvqxdxa,,,,,,,3FA93D41E9A7C4C47B77C0D7F617999B6D5D0B62,2020-08-27 04:30:46.344000,
f3zp22fc5xkn6obz,,,,,,,B7EF647EF659726C716243A82877D20AA7978EBC,2020-08-27 04:30:46.368000,
7dpoxybdf7xrhbrx,,,,,,,1532A36172C70012B1057FBBFAFE2734EDBF4A3B,2020-08-27 04:30:46.368000,
6ufo7zdqrxzc65ox,failed,not_found,9693,B872BA6804C8C6E140AE1897B44CF32B42FD2397,5DBAFEE3BF786896947F805EE3B3BD5C986506B0,9F29D0DD4AEB62E742BDAEEF2DFD3BDD76953403,26B09A4C9F6A9D4815DB46EBA3626A0ED8D71E8F,2020-08-27 04:30:46.429000,2020-08-27 04:30:49.035000
6ufo7zdqrxzc65ox,,,,,,,15C3F39B273727B6AEF44975C5E6F8FA341C2F4B,2020-08-27 04:30:49.035000,
dvpskccwwjdvfhgd,,,,,,,70090E9F85FBE004EEBF58461FD6EDD5BF8A523E,2020-08-27 04:30:47.428000,
u37xuwarzqs2kg7c,,,,,,,A1699AF5D7E0294E45D42FFA697F762BA26340E9,2020-08-27 04:30:47.454000,
bfxph3cxuimuutmm,,,,,,,71026B999E15ECC0BCCA56B972E210CCA76AD96A,2020-08-27 04:30:47.454000,
w2ovbryf7lcfcuxu,,,,,,,870E97E5846D8308EA469A5BB5A50D2838503DBE,2020-08-27 04:30:47.479000,
7szqwzaxvwpg4a3a,,,,,,,2DFDEA5DD415B95594BFB12D59FE841167F94B5F,2020-08-27 04:30:48.589000,
sa3lsfijmy7t4bgd,,,,,,,9B31F1F1C1554F9FFB3455911F82E818EF7C7883,2020-08-27 04:30:48.724000,
j4yonoustqepwdir,,,,,,,1099983E2C5C3ECDAD0B7D5AABD2AC6BF2CBBF70,2020-08-27 04:30:48.725000,
tjdgfnplexyjiyee,,,,,,,DAC825BBF05D678ABDEA1C3086E8D99CF0BBF112,2020-08-27 04:30:48.725000,
