addr,status,reason,circ,guard_fp,middle_fp,exit_fp,hsdir_fp,start,end
7c3mla7t7r4gfhtm,failed,not_found,,,,,3C89C80E2699FB6358BBB64FDC9547AFCB5C03F7,2020-09-22 21:26:34.318000,2020-09-22 21:26:36.246000
7c3mla7t7r4gfhtm,failed,not_found,,,,,A9F5135AE18C7E25C7C79117CD8C7619BFEB85ED,2020-09-22 21:26:36.247000,2020-09-22 21:26:38.430000
7c3mla7t7r4gfhtm,failed,not_found,14,4A59FD3642C4D9F46A8D916AC9BC64390BCBC6AE,A6C983C2F7EEADD55CE9169E540EBD95423FC260,F6740DEABFD5F62612FA025A5079EA72846B1F67,3C79699D4FBC37DE1A212D5033B56DAE079AC0EF,2020-09-22 21:26:38.430000,2020-09-22 21:26:48.204000
7c3mla7t7r4gfhtm,failed,not_found,45,4A59FD3642C4D9F46A8D916AC9BC64390BCBC6AE,FF21B755C60C998E25EDC5864F709C2ED5C38F9D,046F2D59A85FAE693676A87533717C57436261C2,A9CC6C0B5B002C6D902827584A336CB15B5C9DC7,2020-09-22 21:26:48.205000,2020-09-22 21:26:51.480000
7c3mla7t7r4gfhtm,failed,not_found,56,4A59FD3642C4D9F46A8D916AC9BC64390BCBC6AE,77A56CB237740E24AEA2D61C8C8936232AFC1BD8,74AC10CA94E400BA4D69E397562597CA04FC5352,A9EDB4EBF9EF5F3A129A58AE28EF92DB4B5078A3,2020-09-22 21:26:51.480000,2020-09-22 21:26:53.125000
7c3mla7t7r4gfhtm,failed,not_found,71,4A59FD3642C4D9F46A8D916AC9BC64390BCBC6AE,A2F7674E837C4131D70A840262AFC269801F14BA,FB691D6E3FEE35C6979EE72AF03A53DD861B4CBB,3C8609D996441A690BF31A7AB0374D9E33FA2210,2020-09-22 21:26:53.125000,2020-09-22 21:26:55.927000
zp55htxj57skhygm,failed,not_found,,,,,901B90EC8B96C6451854C325229E8B37EB5819BB,2020-09-22 21:26:35.319000,2020-09-22 21:26:37.290000
zp55htxj57skhygm,failed,not_found,7,4A59FD3642C4D9F46A8D916AC9BC64390BCBC6AE,A0DFB31231C718829FA18EAB4D0CD51DEDBAE08C,7E44E0D39CE8666A98EA5DEBCBB8E12B3906410F,901CBA6FF3B90618D3FFEFF040353C267F690DF8,2020-09-22 21:26:37.291000,2020-09-22 21:26:39.089000
zp55htxj57skhygm,failed,not_found,10,4A59FD3642C4D9F46A8D916AC9BC64390BCBC6AE,F9E32D4058F7F35E9BC4F1D8C3B2DAA0C4466660,163303F0583A1917326214379BD1AB2D286046EA,7F5940F7D65B07AE5C2C7A15FE8A63E7708B950E,2020-09-22 21:26:39.090000,2020-09-22 21:26:40.562000
zp55htxj57skhygm,failed,not_found,19,4A59FD3642C4D9F46A8D916AC9BC64390BCBC6AE,5C83A9F985E2ACFBC3D3E5DB7F5C7C91FF7FE7AA,40CDE936B04B4573A47223396006443CA5EAC845,7F64B84FA7889688041D2413AD60EA3F9CA6801D,2020-09-22 21:26:40.562000,2020-09-22 21:26:44.768000
zp55htxj57skhygm,failed,not_found,25,4A59FD3642C4D9F46A8D916AC9BC64390BCBC6AE,BD020D8EDB355C537199420AAF2649FA04536C9A,E1D17BDC053225FB0AF1FD07A3DBDACD7412D6CD,901C2689FDABE7165AB7AC4E8231F12A2674916E,2020-09-22 21:26:44.768000,2020-09-22 21:26:46.585000
zp55htxj57skhygm,failed,not_found,32,4A59FD3642C4D9F46A8D916AC9BC64390BCBC6AE,D317C7889162E9EC4A1DA1A1095C2A0F377536D9,876C7CE43774366250D3E768E690DAB9D4B5D5A3,7F3D20E72A24ED2EBD92AA9C430B805BA389D02B,2020-09-22 21:26:46.585000,2020-09-22 21:26:48.518000
6czb2trajhacwvcl,failed,not_found,9,4A59FD3642C4D9F46A8D916AC9BC64390BCBC6AE,71DF8174D809D862445BFCB89F5A0980099947EC,EAA088440B100FF8407266B5D4853FFB16A8CB67,5B701D5C806F91D8A3C6B3E92624727EC43E26C2,2020-09-22 21:26:36.332000,2020-09-22 21:26:40.594000
6czb2trajhacwvcl,failed,not_found,20,4A59FD3642C4D9F46A8D916AC9BC64390BCBC6AE,9A48EC8AAFB2E8C9E20408596383DB74F1196747,372A38794527887333B52ED1D707609D808C0659,946DFB46168670825EC1A725D178D4BE087BF6E1,2020-09-22 21:26:40.595000,2020-09-22 21:26:44.452000
6czb2trajhacwvcl,failed,not_found,33,4A59FD3642C4D9F46A8D916AC9BC64390BCBC6AE,BD552C165E2ED2887D3F1CCE9CFF155DDA2D86E6,99339F3E68BCCC1391BF14C821D80766FE0C5956,5B6F8535D0DFB1C26FE54E15FA3C82D8D8AB380B,2020-09-22 21:26:44.452000,2020-09-22 21:26:48.037000
6czb2trajhacwvcl,failed,not_found,40,4A59FD3642C4D9F46A8D916AC9BC64390BCBC6AE,BDDF8187EA4419951CFD0A54088B634564F63AF3,C5D29A323B1952CF783C84408804F01926139E69,945AA2F6C2EC644B533D048C79E035A6CF092C4F,2020-09-22 21:26:48.037000,2020-09-22 21:26:49.316000
6czb2trajhacwvcl,failed,not_found,54,4A59FD3642C4D9F46A8D916AC9BC64390BCBC6AE,F0C9513539800F762ECAE37F16370D7CBA5E52C2,393046812C24A855F669A80F8D8C38789D41EAC8,9456BBB3FB923DD1CDEC5C8B45D9615BC937DC42,2020-09-22 21:26:49.316000,2020-09-22 21:26:52.446000
6czb2trajhacwvcl,failed,not_found,68,4A59FD3642C4D9F46A8D916AC9BC64390BCBC6AE,92BBADCB0697F5EB1792C607EE2DC1C291A98ADC,E0087D2258960A98CA2DC06AC82F4D0623309B70,5B52301188A4D0A96190DAB170973FA39116495D,2020-09-22 21:26:52.446000,2020-09-22 21:26:59.560000
7hadb2csht2urdhl,failed,not_found,134,4A59FD3642C4D9F46A8D916AC9BC64390BCBC6AE,2F09BD6D9A2D5A7D6D26C17651CE8ECF0B7BA257,891FB8477529A6B2894B7A3129402E0FD5DD281F,4340B1D4E9118619F97DB0E54D38ED919E11C7B9,2020-09-22 21:26:37.334000,2020-09-22 21:27:05.432000
7hadb2csht2urdhl,failed,not_found,203,4A59FD3642C4D9F46A8D916AC9BC64390BCBC6AE,A23A7219B1EA9D583E66DFF26D62573DE64A9C29,68D2ABD936233A569E2B46D6228816149A16B4FA,BE8E43FC66E8150F4D334F884C8BA961856219AA,2020-09-22 21:27:05.432000,2020-09-22 21:27:08.813000
7hadb2csht2urdhl,failed,not_found,256,4A59FD3642C4D9F46A8D916AC9BC64390BCBC6AE,F0364DBC2E4221405354433B65503E816D887C01,81A1D777C023EBB1DEE9E7FA8735629BA8F7497C,435B0937725ECC8252F906800E46C90974408B63,2020-09-22 21:27:08.814000,2020-09-22 21:27:12.445000
7hadb2csht2urdhl,failed,not_found,327,4A59FD3642C4D9F46A8D916AC9BC64390BCBC6AE,6D163F649ECBE9DC20F016236EF36D7E1559E98E,7992F172EDBE69B99F0190651BAC14DD0FD9E5C8,BE8737597F2E6B4F805893202C935125829A902E,2020-09-22 21:27:12.445000,2020-09-22 21:27:15.835000
7hadb2csht2urdhl,failed,not_found,445,4A59FD3642C4D9F46A8D916AC9BC64390BCBC6AE,3BAACE149DB31574B327BF835B594B707D12CD58,3CCF9573F59137E52787D9C322AC19D2BD090B70,BE92B305B0D30D2E846E3CFC696B3A244AF72192,2020-09-22 21:27:15.835000,2020-09-22 21:27:22.008000
7hadb2csht2urdhl,failed,not_found,454,4A59FD3642C4D9F46A8D916AC9BC64390BCBC6AE,A4E120350425BAD920307FFA74440F95D0172302,CC09DFB016081AD50686DAC96440BB2D6F343251,4352D58B2641E8C1787750EFD3A07A88224967AC,2020-09-22 21:27:22.009000,2020-09-22 21:27:23.249000
zzk43kx4bbcxizzc,failed,not_found,8,4A59FD3642C4D9F46A8D916AC9BC64390BCBC6AE,6A1B4F8A87E327F4E115A385206C0880DB051B3B,E81993EA52B73285CFFD02FEC003569D21483001,6CE3DDFAA9E56F56890235CC9C2385B2DD93E146,2020-09-22 21:26:38.320000,2020-09-22 21:26:40.259000
zzk43kx4bbcxizzc,failed,not_found,12,4A59FD3642C4D9F46A8D916AC9BC64390BCBC6AE,0E8DB49D5BF5FCAFFA433A78FEE34179419D1C4E,9B8BC7AB8792ED42DD9C5D7E8D02C38E60FBA381,3EAA79A75F96F4A082DB92E5FA231452BAD3F80C,2020-09-22 21:26:40.260000,2020-09-22 21:26:41.963000
zzk43kx4bbcxizzc,failed,not_found,22,4A59FD3642C4D9F46A8D916AC9BC64390BCBC6AE,1C8B3C3D8BC705883B7799C915B2FE1E0FEB006F,64A0B5722613DDFC2EB84897C550FBF4A096DE0D,3ECBB7D8D5F93F4A1E1F9C3784B6B62DB8491633,2020-09-22 21:26:41.964000,2020-09-22 21:26:45.944000
zzk43kx4bbcxizzc,failed,not_found,37,4A59FD3642C4D9F46A8D916AC9BC64390BCBC6AE,84D164A906CD165C77F6A49C97E2F4CA17C3AB3F,91517F219F7648E4B8BBF3C162C77DDC55315612,6CDE3363F9F9AD5A6EA484DEFB58217CC9685E31,2020-09-22 21:26:45.945000,2020-09-22 21:26:49.078000
zzk43kx4bbcxizzc,failed,not_found,42,4A59FD3642C4D9F46A8D916AC9BC64390BCBC6AE,F6740DEABFD5F62612FA025A5079EA72846B1F67,3E3CBA3F2870CE76A41D3E97A8D838AA703586E3,6CE02B690E1F95032D38E3FAF380D907135C9E1A,2020-09-22 21:26:49.078000,2020-09-22 21:26:50.712000
zzk43kx4bbcxizzc,failed,not_found,47,4A59FD3642C4D9F46A8D916AC9BC64390BCBC6AE,91517F219F7648E4B8BBF3C162C77DDC55315612,3AB334331819AC0BA1A8AFE002D4321672109CAC,3EDD00245D93664A33A724BA377150E5531ED033,2020-09-22 21:26:50.713000,2020-09-22 21:26:52.074000
cflareusni3s7vwhq2f7gc4opsik7aa4t2ajedhzr42ez6uajaywh3qd,received,,15,4A59FD3642C4D9F46A8D916AC9BC64390BCBC6AE,00C22D3BC1822EB8EA380AF04245337399E796E2,318CB7FC0EAEB92311EB51B5B78E3CAD45EBCF21,7AFFD2BD2A7071DDA6827951D710F9A7A819CD56,2020-09-22 21:26:38.464000,2020-09-22 21:26:42.966000
3n7s44apixocpqbm,failed,not_found,16,4A59FD3642C4D9F46A8D916AC9BC64390BCBC6AE,C3636ECA4B40900056590AA7DBFC6ED09379852F,55580D71B317A072F4A4DCF6EA4EDB015734AEE7,345E03CEFB7BF04613FCA14532F38D1BB9EDBD47,2020-09-22 21:26:39.360000,2020-09-22 21:26:42.650000
3n7s44apixocpqbm,failed,not_found,18,4A59FD3642C4D9F46A8D916AC9BC64390BCBC6AE,2BB85DC5BD3C6F0D81A4F2B5882176C6BF7ECF5A,3EEEB7021D974D38B6D97BEFB55E5E48551A8FEA,3431940DFB4643A3EE3F4465BFF2655CA9BDEB96,2020-09-22 21:26:42.650000,2020-09-22 21:26:44.133000
3n7s44apixocpqbm,failed,not_found,21,4A59FD3642C4D9F46A8D916AC9BC64390BCBC6AE,7FA3FA525901A91A1310B817943668BC2C16289E,F01AAA640FF4EA025DB8449BD61C055273B4A328,425835370C1FBE178C21CB53C76672F12BDE091A,2020-09-22 21:26:44.133000,2020-09-22 21:26:45.655000
3n7s44apixocpqbm,failed,not_found,29,4A59FD3642C4D9F46A8D916AC9BC64390BCBC6AE,AC66FFA4AB35A59EBBF5BF4C70008BF24D8A7A5C,F6740DEABFD5F62612FA025A5079EA72846B1F67,42215683AE0D359B6BADF2674D09BEA348BE388A,2020-09-22 21:26:45.656000,2020-09-22 21:26:47.080000
3n7s44apixocpqbm,failed,not_found,35,4A59FD3642C4D9F46A8D916AC9BC64390BCBC6AE,BA820A3CA53A4956C76C04B3BA170D7E67D2179A,63DE54637F349FD686CF1C036827B5BE826B9F7C,348439F4A3D959E6D1481070DA81A135343419CB,2020-09-22 21:26:47.080000,2020-09-22 21:26:48.427000
3n7s44apixocpqbm,failed,not_found,49,4A59FD3642C4D9F46A8D916AC9BC64390BCBC6AE,CACD9D63B759B35555D8C965A3E01071E9DFB44C,67738D287FBB686B0F6BF1221505BE17781D50DC,424BF86927E80D916589BB12248BD468BB470684,2020-09-22 21:26:48.428000,2020-09-22 21:26:52.411000
7vns3yxnjjo2rnsa,failed,not_found,13,4A59FD3642C4D9F46A8D916AC9BC64390BCBC6AE,E7EF73B4722CFAF0E8AA2151D3AA78701DE5F19B,CDA2C336AD87E22DF02983887A3F74B21070D02D,8CAA470B905758742203E3EB45941719FCA9FEEC,2020-09-22 21:26:40.468000,2020-09-22 21:26:41.822000
7vns3yxnjjo2rnsa,failed,not_found,17,4A59FD3642C4D9F46A8D916AC9BC64390BCBC6AE,B22C4BF9747DBBC843F1BBBA272FDB7B6045EB01,52026565263963A4DA7C0A737E43850951405CDB,8CE11470D728C7EE323D3C7987E9CB4F6EA132A7,2020-09-22 21:26:41.823000,2020-09-22 21:26:44.370000
7vns3yxnjjo2rnsa,failed,not_found,31,4A59FD3642C4D9F46A8D916AC9BC64390BCBC6AE,F4F92D8B840C2D053197AC3EF9C58F3DCFBB20FE,BDDF8187EA4419951CFD0A54088B634564F63AF3,8CCE57490F9752100F9B17E2192A2DAE5D061E06,2020-09-22 21:26:44.370000,2020-09-22 21:26:47.321000
7vns3yxnjjo2rnsa,failed,not_found,41,4A59FD3642C4D9F46A8D916AC9BC64390BCBC6AE,B4A96C0852DD0841579D33E09A98D641EACCD73E,98138DFD3E2C8C89D8F5AB11EF9B6BFF272D83B4,F1759BB360F666B6A8CE02CD04F028E8425FD9CF,2020-09-22 21:26:47.322000,2020-09-22 21:26:50.812000
7vns3yxnjjo2rnsa,failed,not_found,59,4A59FD3642C4D9F46A8D916AC9BC64390BCBC6AE,088A6237EED87EDEB0E1E3AD0A4A419F963F0787,6DFEB41C04CCE846871338E85DD5ACF5CFB6C1DD,F1855E09E867ECD00A4CB7D36D58170A7574C0FF,2020-09-22 21:26:50.813000,2020-09-22 21:26:54.190000
7vns3yxnjjo2rnsa,failed,not_found,66,4A59FD3642C4D9F46A8D916AC9BC64390BCBC6AE,AF77AA5BD924319510F99B30CD0932D32B01B5C5,63BF46A63F9C21FD315CD061B3EAA3EB05283A0A,F17B5CE022C164202A00B3669EFCAB72CF80B93C,2020-09-22 21:26:54.191000,2020-09-22 21:26:55.609000
5z7nqpd3hj2rpyjp,failed,not_found,23,4A59FD3642C4D9F46A8D916AC9BC64390BCBC6AE,D8A2D0080B0C73E1DC0EC9F33B497F64E5FB3F52,B04EA2B400D9679E72284E12FB81E68756670A3A,3E3CBA3F2870CE76A41D3E97A8D838AA703586E3,2020-09-22 21:26:42.262000,2020-09-22 21:26:45.742000
5z7nqpd3hj2rpyjp,failed,not_found,36,4A59FD3642C4D9F46A8D916AC9BC64390BCBC6AE,74B8B22AF950B0BE11D8A228FB09D2F5279FB757,648E97719EDEC4F0E08F1CEB8D24F2C8F587344C,3E53D3979DB07EFD736661C934A1DED14127B684,2020-09-22 21:26:45.742000,2020-09-22 21:26:48.599000
5z7nqpd3hj2rpyjp,failed,not_found,50,4A59FD3642C4D9F46A8D916AC9BC64390BCBC6AE,60F2139EA3E06410A05CBD6E8254E60A9063AD9D,672A56A583C658372E63ACEB43E7F791C2819548,8C00FA7369A7A308F6A137600F0FA07990D9D451,2020-09-22 21:26:48.599000,2020-09-22 21:26:52.373000
5z7nqpd3hj2rpyjp,failed,not_found,65,4A59FD3642C4D9F46A8D916AC9BC64390BCBC6AE,754CB99117E6ED570DFCFB7D9F12674B97A4E28E,35DBE43445BB44D817084200BA05E8A0573EDFD4,8BE58BA7A28DC6B4F211CE8EE86783B85133488D,2020-09-22 21:26:52.373000,2020-09-22 21:26:55.253000
5z7nqpd3hj2rpyjp,failed,not_found,81,4A59FD3642C4D9F46A8D916AC9BC64390BCBC6AE,E3D61BAEA0B7CB12CACEDC8821C520557BDFCEA3,708A968F3644F8A547156368FEA3DB664110E631,3E50CBCA98A20F637BC4551FD4F132D062DB9A51,2020-09-22 21:26:55.254000,2020-09-22 21:26:58.280000
5z7nqpd3hj2rpyjp,failed,not_found,96,4A59FD3642C4D9F46A8D916AC9BC64390BCBC6AE,A2CBEC70217814A9DFB21069F8510BE418ABB094,1C7215BC0123DDA23BDED0F9D2849D3AD80183CB,8BE79CE3261C027CE94F84D6CBE45F03BE9B8B59,2020-09-22 21:26:58.281000,2020-09-22 21:27:01.736000
o6lo2klv6p2ufxy7,failed,not_found,24,4A59FD3642C4D9F46A8D916AC9BC64390BCBC6AE,61F24EBAEC4290FAC31CF34F0FFCDA765A2D9705,88F5FD94C520B22A1A5B98EC20003F046ED601DD,C87A4D8B534F78FDF0F4639B55F121401FEF259C,2020-09-22 21:26:42.335000,2020-09-22 21:26:46.154000
o6lo2klv6p2ufxy7,failed,not_found,38,4A59FD3642C4D9F46A8D916AC9BC64390BCBC6AE,F5F4019509109A07E90C45A022CEED9ECA1643C8,CDAF0B74C45FD5B1955198A8D92C8A518A53D07B,C88ABC7F51FC22668FECE61B4792527386E8FE25,2020-09-22 21:26:46.154000,2020-09-22 21:26:49.315000
o6lo2klv6p2ufxy7,failed,not_found,53,4A59FD3642C4D9F46A8D916AC9BC64390BCBC6AE,F9674F45A25CAA977E7B872807E0A070C121F5FA,9063C7EC4A3273446DC05E9310A5C5B2F4235696,D2DD10BD28A3640CF5ACC73C2C0A1A8D3DF002D2,2020-09-22 21:26:49.316000,2020-09-22 21:26:52.616000
o6lo2klv6p2ufxy7,failed,not_found,69,4A59FD3642C4D9F46A8D916AC9BC64390BCBC6AE,C76113D5AB3FC731D678A408EB75BC06F4465F4E,EE7CD2A763435C7006095BD167C790ABE5BC4DEA,C8AB1B2AF0CBAAE3611A814B4C7D38DCE0CBFEB4,2020-09-22 21:26:52.617000,2020-09-22 21:26:55.400000
o6lo2klv6p2ufxy7,failed,not_found,84,4A59FD3642C4D9F46A8D916AC9BC64390BCBC6AE,E8BAE7393740A700D50B010DED9D9EC9A66B390D,FCF61C25093BB33BAA203D8EE7E65466D42ECF98,D2F16CBF1BD891968D65D44CD21507E3371279F3,2020-09-22 21:26:55.400000,2020-09-22 21:26:58.355000
o6lo2klv6p2ufxy7,failed,not_found,98,4A59FD3642C4D9F46A8D916AC9BC64390BCBC6AE,F8DE8132E599A194E20DDB738AF64A7200CD5949,AE6A8C18E7499B586CD36246AC4BCAFFBBF93AB2,D30E9D4D639068611D6D96861C95C2099140B805,2020-09-22 21:26:58.356000,2020-09-22 21:27:06.613000
7utedcqctmnlrg2p,failed,not_found,28,4A59FD3642C4D9F46A8D916AC9BC64390BCBC6AE,DD7BD3E5BD0BA48A8C70B0CDF017FA5988B87E27,FD449127D30D8F5D124653D9EF736EDF4A12B4DC,B890CB3C5A05ED29625F872A1EE462788C7DFACB,2020-09-22 21:26:43.338000,2020-09-22 21:26:52.419000
7utedcqctmnlrg2p,failed,not_found,67,4A59FD3642C4D9F46A8D916AC9BC64390BCBC6AE,E36536404200A74930DB165858BD5BB554D2BEA2,945FC4C24461379C93C5119C0DCDD735DDD943A3,D30E9D4D639068611D6D96861C95C2099140B805,2020-09-22 21:26:52.419000,2020-09-22 21:26:55.610000
7utedcqctmnlrg2p,failed,not_found,86,4A59FD3642C4D9F46A8D916AC9BC64390BCBC6AE,AD0FCFD83EA4899DB34735E599701592DEA13690,2E72EEABE4EE19183BEFAA10D88B3C16829C9F99,D2F16CBF1BD891968D65D44CD21507E3371279F3,2020-09-22 21:26:55.610000,2020-09-22 21:26:59.327000
7utedcqctmnlrg2p,failed,not_found,103,4A59FD3642C4D9F46A8D916AC9BC64390BCBC6AE,7AB8B08DF8B90D108EFC37D74CA90A7B939A023D,A2CD32D9D0668DB764AD68C745CE29693CA851B9,D2DD10BD28A3640CF5ACC73C2C0A1A8D3DF002D2,2020-09-22 21:26:59.327000,2020-09-22 21:27:02.502000
7utedcqctmnlrg2p,failed,not_found,142,4A59FD3642C4D9F46A8D916AC9BC64390BCBC6AE,6D163F649ECBE9DC20F016236EF36D7E1559E98E,44496B18C68356AF3A58ACAD835429C37B9432ED,B872BA6804C8C6E140AE1897B44CF32B42FD2397,2020-09-22 21:27:02.503000,2020-09-22 21:27:05.548000
7utedcqctmnlrg2p,failed,not_found,244,4A59FD3642C4D9F46A8D916AC9BC64390BCBC6AE,FE1AF5E909002134BFF834F4AD5E1DE723779002,5790B62AD6C79A1092B30993A8F0F7F23A969FD6,B87D46124FCB8BD887CC774349F335ED1F8419F6,2020-09-22 21:27:05.549000,2020-09-22 21:27:11.312000
imegrxyan54tdfyz,failed,not_found,30,4A59FD3642C4D9F46A8D916AC9BC64390BCBC6AE,D7829A21726220AF77401BE5B2B132963A0BE82B,6D0D610D63D33584308CA672484DA699FF26A2A3,00962D2DD0B9BF3A6AF1D5EB201132388ACA1424,2020-09-22 21:26:44.335000,2020-09-22 21:26:47.487000
imegrxyan54tdfyz,failed,not_found,135,4A59FD3642C4D9F46A8D916AC9BC64390BCBC6AE,288C100FFA656938C23F32207CAF0DA932ECD247,069E732EC96774ED5609D4803D7B1130E338B0EB,00B57BF614F7ED3051073B5D4526FF0B23AF217B,2020-09-22 21:26:47.487000,2020-09-22 21:27:05.369000
imegrxyan54tdfyz,failed,not_found,196,4A59FD3642C4D9F46A8D916AC9BC64390BCBC6AE,1C0736CF3744A3B87C2D2269B8BD3388C7E60552,63540827C4832D214984EA47B7A68C593F9F862F,0085057C17BD2E1809E284825F06F94E72FB418C,2020-09-22 21:27:05.369000,2020-09-22 21:27:08.499000
imegrxyan54tdfyz,failed,not_found,252,4A59FD3642C4D9F46A8D916AC9BC64390BCBC6AE,425835370C1FBE178C21CB53C76672F12BDE091A,F37374DB9FA6EF14CED64FD294E8D8683F032EC8,6C1A8CBE589906EEC6E73F4F286AC29AF7521E1D,2020-09-22 21:27:08.500000,2020-09-22 21:27:12.075000
imegrxyan54tdfyz,failed,not_found,312,4A59FD3642C4D9F46A8D916AC9BC64390BCBC6AE,F0F13714732C347312426EC2B8D5C4940EAA45BA,96DAFDCE92BA94E4CC95F8314AE48E272A702FDC,6BCB964AB74E23F8986BDA905697D3A6BE08AF28,2020-09-22 21:27:12.076000,2020-09-22 21:27:15.209000
imegrxyan54tdfyz,failed,not_found,347,4A59FD3642C4D9F46A8D916AC9BC64390BCBC6AE,EAA823552F959DFD038E9AC8FA89345A738B6C00,C577C56EAD654C829D1FF2F86133F89A1A59AA89,6C143720FFF8469EF6A5C5B4066366340CF6C0D1,2020-09-22 21:27:15.209000,2020-09-22 21:27:17.273000
te7lfk7gmso7wza4,failed,not_found,34,4A59FD3642C4D9F46A8D916AC9BC64390BCBC6AE,1CDCB48F64E21D5ACAFE2471912E2E76F600EDFA,CD0F9AA1A5064430B1DE8E645CBA7A502B27ED5F,B411027C926A9BFFCF7DA91E3CAF1856A321EFFD,2020-09-22 21:26:45.340000,2020-09-22 21:26:48.416000
te7lfk7gmso7wza4,failed,not_found,48,4A59FD3642C4D9F46A8D916AC9BC64390BCBC6AE,EA3616A0B9BBBDC74121D8D6F01EABDDCF6BE35D,BDDF8187EA4419951CFD0A54088B634564F63AF3,1084200B44021D308EA4253F256794671B1D099A,2020-09-22 21:26:48.417000,2020-09-22 21:26:51.583000
te7lfk7gmso7wza4,failed,not_found,63,4A59FD3642C4D9F46A8D916AC9BC64390BCBC6AE,D568EAA2A7017AFCD3FBAD64111C92CB8FD3A418,9B047A91AC809AA020A1F42E3E785DBCEBF3652F,B426BB592E20008B7ED9E9D7AC5651ED8B0EB39E,2020-09-22 21:26:51.583000,2020-09-22 21:26:54.759000
te7lfk7gmso7wza4,failed,not_found,79,4A59FD3642C4D9F46A8D916AC9BC64390BCBC6AE,0F347A8FCC1973EA15D0052B33E8D591D3DB90D6,9A48EC8AAFB2E8C9E20408596383DB74F1196747,1079E628FC6B0025656AC024F2D9975C441498CD,2020-09-22 21:26:54.759000,2020-09-22 21:26:57.965000
te7lfk7gmso7wza4,failed,not_found,93,4A59FD3642C4D9F46A8D916AC9BC64390BCBC6AE,22A6BE98D201B101C32661739967BF4DED12EF96,63540827C4832D214984EA47B7A68C593F9F862F,10644CF3D7F555F10FE28EB1D520111F56FE7180,2020-09-22 21:26:57.966000,2020-09-22 21:27:01.735000
te7lfk7gmso7wza4,failed,not_found,129,4A59FD3642C4D9F46A8D916AC9BC64390BCBC6AE,6CDF81E5A9BF270CDF4C989D5F7917113591C355,75784DD2BCB70CE13CEC93CFE24CD69C66E2C67B,B428E8A48C62E35536E5F30BA348A05ACE5FDF14,2020-09-22 21:27:01.735000,2020-09-22 21:27:04.911000
7hzcqul3edztwy4j,failed,not_found,39,4A59FD3642C4D9F46A8D916AC9BC64390BCBC6AE,4A60B05738087419BFF41A41D2059873EE16E1E9,3E53D3979DB07EFD736661C934A1DED14127B684,D4825DF61F9C8FC64C57CFAE943BF1D705B06ACE,2020-09-22 21:26:46.336000,2020-09-22 21:26:49.245000
7hzcqul3edztwy4j,failed,not_found,52,4A59FD3642C4D9F46A8D916AC9BC64390BCBC6AE,838749E0065B79086D12B5C1D7869B99EEFE1DB0,B96B5141004995295FE87DCCE1A54519BD0BB48A,D49BB7514C78F68303D879AF7C3D5D67148F599B,2020-09-22 21:26:49.245000,2020-09-22 21:26:52.248000
7hzcqul3edztwy4j,failed,not_found,58,4A59FD3642C4D9F46A8D916AC9BC64390BCBC6AE,856B7EFB7E09D02A29DD2FF024B7E1EFE21FE9EB,6B9EA8927AB6E94E216067E65372182343A5AFA2,A8C29881A396DD0B00FC4C794C0EF68554F8CA68,2020-09-22 21:26:52.248000,2020-09-22 21:26:53.729000
7hzcqul3edztwy4j,failed,not_found,74,4A59FD3642C4D9F46A8D916AC9BC64390BCBC6AE,79509683AB4C8DDAF90A120C69A4179C6CD5A387,9BEED1E03101B2BC9393C560FCF13A1E46E49352,D48DC22A810BF47E66C678A63AA54715DD3E9879,2020-09-22 21:26:53.729000,2020-09-22 21:27:00.401000
7hzcqul3edztwy4j,failed,not_found,108,4A59FD3642C4D9F46A8D916AC9BC64390BCBC6AE,C3E0E9EA1FF3FCFC27E856BFE61533020DD7F090,A35944904C0C18955AFB76539CF5EBF805C0A31D,A8D68ED61673B314CC8CD31C2275ABF1E07387CC,2020-09-22 21:27:00.402000,2020-09-22 21:27:03.790000
7hzcqul3edztwy4j,failed,not_found,162,4A59FD3642C4D9F46A8D916AC9BC64390BCBC6AE,B4A96C0852DD0841579D33E09A98D641EACCD73E,4060BE838E47FDFFFEB045CAF6630AC663AE2AD2,A88F50AE50658FF97538003174740E7D7C79D9D8,2020-09-22 21:27:03.791000,2020-09-22 21:27:06.958000
3zrn6amwkre46bak,failed,not_found,44,4A59FD3642C4D9F46A8D916AC9BC64390BCBC6AE,AE17FAAF8F302A506AF2167666EC62882804403F,BA856D21B1A22CAE677A712DA4C9F0852D799DF8,855BC2DABE24C861CD887DB9B2E950424B49FC34,2020-09-22 21:26:47.505000,2020-09-22 21:26:51.136000
3zrn6amwkre46bak,failed,not_found,60,4A59FD3642C4D9F46A8D916AC9BC64390BCBC6AE,32A43B0C153C2298FDBD24A3B298DA9368DC73B8,B8E514ADDC653D61DE1FCB67821BB0303778782F,856B7EFB7E09D02A29DD2FF024B7E1EFE21FE9EB,2020-09-22 21:26:51.137000,2020-09-22 21:26:54.625000
3zrn6amwkre46bak,failed,not_found,78,4A59FD3642C4D9F46A8D916AC9BC64390BCBC6AE,F5F4019509109A07E90C45A022CEED9ECA1643C8,6D163F649ECBE9DC20F016236EF36D7E1559E98E,8554E174D5CDB3E5E194E4A8F8378509255E8243,2020-09-22 21:26:54.625000,2020-09-22 21:26:58.368000
3zrn6amwkre46bak,failed,not_found,99,4A59FD3642C4D9F46A8D916AC9BC64390BCBC6AE,567E9785458C605E59202755C74898E3C96FB1CC,79E3B585803DE805CCBC00C1EF36B1E74372861D,383D6E34D9BEA92E97092B134A708EEF476DF2E4,2020-09-22 21:26:58.369000,2020-09-22 21:27:02.522000
3zrn6amwkre46bak,failed,not_found,144,4A59FD3642C4D9F46A8D916AC9BC64390BCBC6AE,B1080EA61CAF5763139E7B596F37FE9830311C8F,6BE5AA34A5C391724677A3FDC2AA77B3768F6E26,38471394F06B2B86404768193C929313962FDC2F,2020-09-22 21:27:02.523000,2020-09-22 21:27:05.370000
3zrn6amwkre46bak,failed,not_found,240,4A59FD3642C4D9F46A8D916AC9BC64390BCBC6AE,484A10BA2B8D48A5F0216674C8DD50EF27BC32F3,5EEE4C799C55FC8BBDB8EB5E65A48C60C8F15640,383EBB4A99479DF9CD8BE5724E09B964F098E1BD,2020-09-22 21:27:05.370000,2020-09-22 21:27:10.982000
z6rid7lyfvfe3re5,failed,not_found,51,4A59FD3642C4D9F46A8D916AC9BC64390BCBC6AE,AEF6C1FBA0FC16F4931638BF065085B974D3E90F,17AE282EBAB37100B3C8757800E4FA61F11BD284,0D58067912EA84D955565C82A4C00A47CDEF11DC,2020-09-22 21:26:48.338000,2020-09-22 21:26:54.869000
z6rid7lyfvfe3re5,failed,not_found,323,4A59FD3642C4D9F46A8D916AC9BC64390BCBC6AE,113BEEBA400E58874EE0EB94849DEEF9564290C2,93FFDC0C36C316208AC6291DE754D733B4D88A13,1532A36172C70012B1057FBBFAFE2734EDBF4A3B,2020-09-22 21:26:54.869000,2020-09-22 21:27:18.129000
z6rid7lyfvfe3re5,failed,not_found,430,4A59FD3642C4D9F46A8D916AC9BC64390BCBC6AE,425835370C1FBE178C21CB53C76672F12BDE091A,2E74F4A6EB5ED3C0182A54900E3A671C5C8DB2D8,0D6E25BD8C540178C309EE2A84C7A74496360D6E,2020-09-22 21:27:18.130000,2020-09-22 21:27:21.503000
z6rid7lyfvfe3re5,failed,not_found,493,4A59FD3642C4D9F46A8D916AC9BC64390BCBC6AE,B4A96C0852DD0841579D33E09A98D641EACCD73E,3E1FC6220A79BE7FB74CC9EFDC2B285FC02D56C7,0D35A457BE0304F2656310C90C774695A3773A6B,2020-09-22 21:27:21.504000,2020-09-22 21:27:25.212000
z6rid7lyfvfe3re5,,,,,,,153962FA0F2A058A97D37B039607377EE67E5885,2020-09-22 21:27:25.213000,
oo76m4dhkpatvh44,failed,not_found,55,4A59FD3642C4D9F46A8D916AC9BC64390BCBC6AE,BDD1B4801294D81C1F89C9AB488BA993DDF1B520,FB691D6E3FEE35C6979EE72AF03A53DD861B4CBB,FBCD5D8428C342B02D94156F52358B02B3F2E519,2020-09-22 21:26:49.340000,2020-09-22 21:26:52.888000
oo76m4dhkpatvh44,failed,not_found,70,4A59FD3642C4D9F46A8D916AC9BC64390BCBC6AE,EAA823552F959DFD038E9AC8FA89345A738B6C00,EE7CD2A763435C7006095BD167C790ABE5BC4DEA,FBBC3BD58B471F6227DC0F05265C6A37C770905F,2020-09-22 21:26:52.888000,2020-09-22 21:26:56.012000
oo76m4dhkpatvh44,failed,not_found,87,4A59FD3642C4D9F46A8D916AC9BC64390BCBC6AE,00C22D3BC1822EB8EA380AF04245337399E796E2,2AD82F3964D325B3FE2FF74E980FB006374EF190,74A55E12F6A9FD17165A356C00407F4D206E8368,2020-09-22 21:26:56.013000,2020-09-22 21:26:59.272000
oo76m4dhkpatvh44,failed,not_found,91,4A59FD3642C4D9F46A8D916AC9BC64390BCBC6AE,8DD0956457CF75A49E79F8E434E2DC898182DE79,F9A3542D5863CD665B7FF758E73DAD40832D0064,FBC2856A48705F3ED17E504F8FC89EC6433ED25D,2020-09-22 21:26:59.273000,2020-09-22 21:27:01.308000
oo76m4dhkpatvh44,failed,not_found,106,4A59FD3642C4D9F46A8D916AC9BC64390BCBC6AE,99774357E7FD1F113F242C469D1D399D444AA51A,D8A2D0080B0C73E1DC0EC9F33B497F64E5FB3F52,749EF4A434DFD00DAB31E93DE86233FB916D31E3,2020-09-22 21:27:01.309000,2020-09-22 21:27:02.696000
oo76m4dhkpatvh44,failed,not_found,150,4A59FD3642C4D9F46A8D916AC9BC64390BCBC6AE,B1289B91C190A6803C1ADA6E381C0843CE039D70,3AB334331819AC0BA1A8AFE002D4321672109CAC,74A19D86DDF63F1133B414B81F36E1F44640811F,2020-09-22 21:27:02.696000,2020-09-22 21:27:05.813000
t7b7rzzvnia6skzt,failed,not_found,57,4A59FD3642C4D9F46A8D916AC9BC64390BCBC6AE,98867F5242505A2DD581C85B1CE256090B87F138,1CD48F4ED0F1821FFBF1940802A13EEFD4C27502,F0832608B0D52E7B4418E54E655CA18A585DEDB8,2020-09-22 21:26:50.341000,2020-09-22 21:26:53.496000
t7b7rzzvnia6skzt,failed,not_found,62,4A59FD3642C4D9F46A8D916AC9BC64390BCBC6AE,7F302F0AACC76835768AF068849CA07D1CC38C5E,E2CF09F998248C71139B24B2C92740AEDB1C6D2A,5E8B49B661BE6BA62C7E38FB6ABDE91519FD61C8,2020-09-22 21:26:53.496000,2020-09-22 21:26:55.105000
t7b7rzzvnia6skzt,failed,not_found,73,4A59FD3642C4D9F46A8D916AC9BC64390BCBC6AE,BFB14B9ADF1F19E59258CAE7FCDBAAC9937B7B10,91BAB54C6923454F4E5EDC59313C45002B238665,5EBA4A9F483E07FD717BA81DD6F7344AF82F7D5D,2020-09-22 21:26:55.105000,2020-09-22 21:26:56.358000
t7b7rzzvnia6skzt,failed,not_found,88,4A59FD3642C4D9F46A8D916AC9BC64390BCBC6AE,E1468D867FA3230EC1DACFCA87A800BAF22E79E0,F740DDDB1A6B536B5CC47111BFE4E2F7CF9B4C28,5E8EAC4A7BC3B82ABF731075CB27E54F2681BC49,2020-09-22 21:26:56.358000,2020-09-22 21:26:59.273000
t7b7rzzvnia6skzt,failed,not_found,102,4A59FD3642C4D9F46A8D916AC9BC64390BCBC6AE,8FA37B93397015B2BC5A525C908485260BE9F422,F1B1E1267A9301244120EF7D47CD4174FD94FD60,F08A3744CA6568ED28545C2B7C1BE7D8BA27CBDE,2020-09-22 21:26:59.273000,2020-09-22 21:27:02.051000
t7b7rzzvnia6skzt,failed,not_found,107,4A59FD3642C4D9F46A8D916AC9BC64390BCBC6AE,113BEEBA400E58874EE0EB94849DEEF9564290C2,6A35EE13D4354FF0A03374C063B10290614BB6A9,F08A525ACA965CF6A55F0587BF4B7373D98B954E,2020-09-22 21:27:02.052000,2020-09-22 21:27:03.500000
nagckfz3oxrx2aja,failed,not_found,61,4A59FD3642C4D9F46A8D916AC9BC64390BCBC6AE,42D47C736518BFA495CA31AEE40AE468F0BDA2A6,5975858B6A1F37CCC96026B946EACF08E1772D0E,2F9AFDE43DC8E3F05803304C01BD3DBF329169AC,2020-09-22 21:26:51.334000,2020-09-22 21:26:54.524000
nagckfz3oxrx2aja,failed,not_found,77,4A59FD3642C4D9F46A8D916AC9BC64390BCBC6AE,891FB8477529A6B2894B7A3129402E0FD5DD281F,AE95BDA37A5BB4685FEBB7F06649D6CE949B5316,2FA4B3D4608765A35AD4EF61C02DC88973BFFF47,2020-09-22 21:26:54.525000,2020-09-22 21:26:57.861000
nagckfz3oxrx2aja,failed,not_found,92,4A59FD3642C4D9F46A8D916AC9BC64390BCBC6AE,ED3ACBBB89C5F1597A44A65D2FA203BDB8E208F2,F9674F45A25CAA977E7B872807E0A070C121F5FA,2F8B9500DC98C13FD28CC51E47D3416DE423ED78,2020-09-22 21:26:57.861000,2020-09-22 21:27:00.863000
nagckfz3oxrx2aja,failed,not_found,109,4A59FD3642C4D9F46A8D916AC9BC64390BCBC6AE,3EDD00245D93664A33A724BA377150E5531ED033,81A1D777C023EBB1DEE9E7FA8735629BA8F7497C,F84661C6C715DA2ECFB00CFE5859AE5733229BC0,2020-09-22 21:27:00.863000,2020-09-22 21:27:04.380000
nagckfz3oxrx2aja,failed,not_found,174,4A59FD3642C4D9F46A8D916AC9BC64390BCBC6AE,BFB14B9ADF1F19E59258CAE7FCDBAAC9937B7B10,425835370C1FBE178C21CB53C76672F12BDE091A,F878E3AD594F013195A051CD1072BF33D543A235,2020-09-22 21:27:04.380000,2020-09-22 21:27:07.522000
nagckfz3oxrx2aja,failed,not_found,231,4A59FD3642C4D9F46A8D916AC9BC64390BCBC6AE,FFA72BD683BC2FCF988356E6BEC1E490F313FB07,A6E0F950CAC74AF867CA21976069529D6D4D3E30,F836446663F1EB816F13708955F105D0B2F5C8E0,2020-09-22 21:27:07.522000,2020-09-22 21:27:11.312000
5u5dghfvwzzljqfc,failed,not_found,64,4A59FD3642C4D9F46A8D916AC9BC64390BCBC6AE,6FF440DFB1D0697B942357D747900CC308DD57CC,C3E0E9EA1FF3FCFC27E856BFE61533020DD7F090,CD5CF125FED4BE5DA5F259F75AF3D4DD182C54D0,2020-09-22 21:26:52.337000,2020-09-22 21:26:55.415000
5u5dghfvwzzljqfc,failed,not_found,83,4A59FD3642C4D9F46A8D916AC9BC64390BCBC6AE,F38FB55A8CCA6A00CDD024A5EA2CFECB38A48E15,4E5C4ED5CC70E5A32B48392FF72CC4BE24937EDA,F2D09EBC1F1BD97A7EEF896D015D6BB9C6874753,2020-09-22 21:26:55.415000,2020-09-22 21:26:58.280000
5u5dghfvwzzljqfc,failed,not_found,95,4A59FD3642C4D9F46A8D916AC9BC64390BCBC6AE,CC27183EF95AAA7E8BACF8326615D701C500C42C,D35682AB6E29D91AA030E03A9BEB42700D96A1EF,F2D8A6CDED1F4BC42CA4B1164FB6C6644298BE1B,2020-09-22 21:26:58.280000,2020-09-22 21:27:01.606000
5u5dghfvwzzljqfc,failed,not_found,127,4A59FD3642C4D9F46A8D916AC9BC64390BCBC6AE,C2481FAAA5508F6C2A64873972281220E9778476,7A3E534C033E3836BD5AF223B642853C502AB33A,F2E60DE0F39BEA826B50EB619A014ADCE9619359,2020-09-22 21:27:01.607000,2020-09-22 21:27:04.730000
5u5dghfvwzzljqfc,failed,not_found,264,4A59FD3642C4D9F46A8D916AC9BC64390BCBC6AE,AAFF4A997543DB0D881F4F11638485B7D471FECE,A1FEE8537C847D330F1F7F592BE24360C5D6051F,CD5F85DB39C5496558060305AE0B715BE54B794B,2020-09-22 21:27:04.731000,2020-09-22 21:27:13.145000
5u5dghfvwzzljqfc,failed,not_found,437,4A59FD3642C4D9F46A8D916AC9BC64390BCBC6AE,599A708756048993A1029B2775EEF8C9E40BB640,AEDAC7081AE14B8D241ECF0FF17A2858AB4383D0,CD6140D8928597FFB0E65EC917BEC765526A756F,2020-09-22 21:27:13.145000,2020-09-22 21:27:23.337000
c35waru5s6oai7jb,failed,not_found,136,4A59FD3642C4D9F46A8D916AC9BC64390BCBC6AE,66BD39FE805AED414ADE400CAAD862C9CC3AC34E,E03E581AA42A211F69DC63608B1980F10AE52C26,F2D8A6CDED1F4BC42CA4B1164FB6C6644298BE1B,2020-09-22 21:26:53.335000,2020-09-22 21:27:05.295000
c35waru5s6oai7jb,failed,not_found,159,4A59FD3642C4D9F46A8D916AC9BC64390BCBC6AE,3F65766ADE067D9D08920E3B74DAB9040EDD26B2,D56A98D38FC3C75E0347EEF3DD9C12749AF7C7C5,0C41DC37946901C297626C0D1ABF68423947DDE5,2020-09-22 21:27:05.296000,2020-09-22 21:27:06.650000
c35waru5s6oai7jb,failed,not_found,218,4A59FD3642C4D9F46A8D916AC9BC64390BCBC6AE,3FE39429CB7077BBB13D2774591A1B80EE493742,D5C6F62A5D1B3C711CA5E6F9D3772A432E96F6C2,0C3599079EF21C4994AD6DDE91F72A48F16E8A98,2020-09-22 21:27:06.650000,2020-09-22 21:27:10.079000
c35waru5s6oai7jb,failed,not_found,276,4A59FD3642C4D9F46A8D916AC9BC64390BCBC6AE,05349C0F35C5635A708888004F8B022931E8BEE6,06BBEAA6F73759A1795EB461D39D2AA168F305D1,F2D09EBC1F1BD97A7EEF896D015D6BB9C6874753,2020-09-22 21:27:10.080000,2020-09-22 21:27:13.041000
c35waru5s6oai7jb,failed,not_found,340,4A59FD3642C4D9F46A8D916AC9BC64390BCBC6AE,8B64F593CAC2ED05C0FA703AEF50FF71925B569C,4FDDFAD51B24DDABB62FB59071F4DC421E76C685,F2E60DE0F39BEA826B50EB619A014ADCE9619359,2020-09-22 21:27:13.042000,2020-09-22 21:27:16.041000
c35waru5s6oai7jb,failed,not_found,449,4A59FD3642C4D9F46A8D916AC9BC64390BCBC6AE,A35944904C0C18955AFB76539CF5EBF805C0A31D,288DA2F27E30BC73FC8A84367696C9DF6B4C1B90,0C475BA4D3AA3C289B716F95954CAD616E50C4E5,2020-09-22 21:27:16.042000,2020-09-22 21:27:22.351000
jnlh7qhovrc5tlue,failed,not_found,75,4A59FD3642C4D9F46A8D916AC9BC64390BCBC6AE,44DC23661E05DEFD94398936D9334987ABCB6E5E,9EA4649400C7D35E20C734FA737CF615E925F1E4,61B8BDC91AA7BC9A05EB5A3D652FFF88C98E6911,2020-09-22 21:26:54.339000,2020-09-22 21:26:58.594000
jnlh7qhovrc5tlue,failed,not_found,101,4A59FD3642C4D9F46A8D916AC9BC64390BCBC6AE,96D656384559910834CFDB128D843F819D5D2FD5,B85E6AB2B5F115536B2DA847A3FB99B8A985D437,61C2E2299BE15D8F3E3386D62D6D90F5DC2CA2F0,2020-09-22 21:26:58.594000,2020-09-22 21:27:01.380000
jnlh7qhovrc5tlue,failed,not_found,120,4A59FD3642C4D9F46A8D916AC9BC64390BCBC6AE,6118DDB580EEDD6FE5F8D3CC0DF1EE17D8A2A4C6,2DF58694C18525A4892F514D01039BCF44A05433,61AF790EF78C2D73C8E3D8E2596D42A1AACE1359,2020-09-22 21:27:01.381000,2020-09-22 21:27:04.504000
jnlh7qhovrc5tlue,failed,not_found,178,4A59FD3642C4D9F46A8D916AC9BC64390BCBC6AE,4B351545DD58473F36B0A20E5500AC6ED51E8CD5,FE1AF5E909002134BFF834F4AD5E1DE723779002,DA60C85D526374C1DC8A8796E93F12F7CA3019F2,2020-09-22 21:27:04.505000,2020-09-22 21:27:08.255000
jnlh7qhovrc5tlue,failed,not_found,246,4A59FD3642C4D9F46A8D916AC9BC64390BCBC6AE,3351BC69807F3C9BACF7C317263D917252160462,9738F8F5C386CDAF5707D0DCED428F2813CA285F,DA71126E1D0B11605533B7AD399DD5A7EC8E2F0E,2020-09-22 21:27:08.255000,2020-09-22 21:27:12.341000
jnlh7qhovrc5tlue,failed,not_found,283,4A59FD3642C4D9F46A8D916AC9BC64390BCBC6AE,41CEB66108B70108F148BF7778260A87723AACA1,50A39337EC55FC25E863868E80771220E468FC4C,DA53984DBA28420169F34F4F44CB24E3A0946747,2020-09-22 21:27:12.341000,2020-09-22 21:27:13.432000
wensh7yfonaebw5t,failed,not_found,82,4A59FD3642C4D9F46A8D916AC9BC64390BCBC6AE,0E8DB49D5BF5FCAFFA433A78FEE34179419D1C4E,5AE12CAAA489A0739F56E79CC287526FAB55A6FB,372082F3E01DE6A6333D30329C6903A19D0E8E87,2020-09-22 21:26:55.338000,2020-09-22 21:26:58.147000
wensh7yfonaebw5t,failed,not_found,94,4A59FD3642C4D9F46A8D916AC9BC64390BCBC6AE,6E5633BA81D65D48DE48DA18F7309CA7D19E3CA2,E03E581AA42A211F69DC63608B1980F10AE52C26,07C3EBBE41DF9FE8551DF69642FEBA70E954DC0F,2020-09-22 21:26:58.148000,2020-09-22 21:27:00.896000
wensh7yfonaebw5t,,,,,,,07905A0D8AD1C134D3036872140B1DB1EB761772,2020-09-22 21:27:00.896000,
euo2m5icroxacxm4,failed,not_found,76,4A59FD3642C4D9F46A8D916AC9BC64390BCBC6AE,506763994792208999529D03C016774C814386A8,B385A5927F60DF70FEA7F7213F330043631BE231,55D490E9E440DD4458F16ABCDD79F48396D55EA9,2020-09-22 21:26:56.331000,2020-09-22 21:26:58.029000
euo2m5icroxacxm4,failed,not_found,89,4A59FD3642C4D9F46A8D916AC9BC64390BCBC6AE,02758CD398E3F842EF82478078AAAE0273770DB2,0F52E9652F96AD1D500AC062350A149902C128B9,A191F6309396DAD373FE7E4D1EF64B40F38A3637,2020-09-22 21:26:58.029000,2020-09-22 21:26:59.341000
euo2m5icroxacxm4,failed,not_found,105,4A59FD3642C4D9F46A8D916AC9BC64390BCBC6AE,B98DF300E5EA67357A7F5DDFBA213E6E8312A27C,754CB99117E6ED570DFCFB7D9F12674B97A4E28E,55BEC1032A3C66AE5ABF26D11505352318736D45,2020-09-22 21:26:59.341000,2020-09-22 21:27:02.557000
euo2m5icroxacxm4,failed,not_found,148,4A59FD3642C4D9F46A8D916AC9BC64390BCBC6AE,0E2EEC125A6AC8D5EBF5DB36B776A3DA5510E7A0,3968C52AD4459646D90EA40AFD2823DECD204085,55B5A9DB9C2B57C035437A3CC52A6B11D877CBDD,2020-09-22 21:27:02.557000,2020-09-22 21:27:05.747000
euo2m5icroxacxm4,failed,not_found,258,4A59FD3642C4D9F46A8D916AC9BC64390BCBC6AE,E7723680EA1F78E015DF312411990D5F5E815C27,D87A947A2405C41208C57D32ED1D0CA2EBE93AF6,A1B7C1F83E5DA4376FD2E1DBA7AC28A71AB332AD,2020-09-22 21:27:05.747000,2020-09-22 21:27:12.601000
euo2m5icroxacxm4,failed,not_found,331,4A59FD3642C4D9F46A8D916AC9BC64390BCBC6AE,CCF520E282B27180EF056A0F389D0846FBB45D7C,D1E706B9021A0BF8E9663DB207D9D9EC03A70DAC,A1B28D636A56AAFFE92ADCCA937AA4BD5333BB4C,2020-09-22 21:27:12.601000,2020-09-22 21:27:16.021000
ycmot33mq6fomskq,failed,not_found,305,4A59FD3642C4D9F46A8D916AC9BC64390BCBC6AE,5FB384605F53DCBF1CB02143D318DA3E8EE38A24,59CA96E7CDA30AB36C597B499C848BD845745EA0,B7A115C65ED1AA30C15E11A19A68EB5AAE7ED0C4,2020-09-22 21:26:57.348000,2020-09-22 21:27:15.083000
ycmot33mq6fomskq,failed,not_found,421,4A59FD3642C4D9F46A8D916AC9BC64390BCBC6AE,2EB3C230180694A1E848001E20F36F76A2287039,786ECA0A66DDC507672BF5987985D9F6E811E79E,B7CC64C566EA6486537BA4187870E2F744763CA5,2020-09-22 21:27:15.083000,2020-09-22 21:27:21.103000
ycmot33mq6fomskq,failed,not_found,480,4A59FD3642C4D9F46A8D916AC9BC64390BCBC6AE,5AD3FB658E490BAD9515F363374AA41D65D31A02,32F3621E84AEE1A211DBE70B0EAB89E41A7A8B9F,B7D773E2196DB5B4129D3C050C063DB0F8DF91A5,2020-09-22 21:27:21.103000,2020-09-22 21:27:25.695000
ycmot33mq6fomskq,failed,not_found,561,4A59FD3642C4D9F46A8D916AC9BC64390BCBC6AE,EE010EF80A27AC0B02CDC2B8B214A6201BB02D2B,5FB384605F53DCBF1CB02143D318DA3E8EE38A24,E34C28D652520D7C8D386EA3958EA924910E647B,2020-09-22 21:27:25.695000,2020-09-22 21:27:30.073000
ycmot33mq6fomskq,,,,,,,E3500E2C9F6B87085056893C4279AEA0B3F37782,2020-09-22 21:27:30.073000,
mfcwex6k4qcjzzye,failed,not_found,97,4A59FD3642C4D9F46A8D916AC9BC64390BCBC6AE,AFE05115595A1D028E91AD41F6A07239DB04CEBC,C51701910DEA998F4F51287A71B7E94449A3E9BC,4AD9C116A1942D58A714433CA24F087F18036A7E,2020-09-22 21:26:58.338000,2020-09-22 21:27:01.008000
mfcwex6k4qcjzzye,failed,not_found,112,4A59FD3642C4D9F46A8D916AC9BC64390BCBC6AE,722BA3958D6F4B9A7CE927001CE7FED8625A749E,9C4DAED4759AA66D0E93EB27093BD21CFE2C2271,A7B204645DAC7AFDB5046EF0013C5BDC2CF09456,2020-09-22 21:27:01.008000,2020-09-22 21:27:03.859000
mfcwex6k4qcjzzye,failed,not_found,164,4A59FD3642C4D9F46A8D916AC9BC64390BCBC6AE,AE9B4F3B133CF4FC75BD0685F047EA4253C49B09,C3D92B0696196558E784EF7252A5370192720BE5,4AC424FBB4DAC4B028366C0C2EE9C9DD11A7BE2D,2020-09-22 21:27:03.860000,2020-09-22 21:27:07.689000
mfcwex6k4qcjzzye,failed,not_found,234,4A59FD3642C4D9F46A8D916AC9BC64390BCBC6AE,A79F94117D73D4AFA4BCE340A3CB6E345C817594,1F6ABD086F40B890A33C93CC4606EE68B31C9556,A799FDF5FF13D1F655D153A6BA869ECD43F5D70B,2020-09-22 21:27:07.689000,2020-09-22 21:27:12.097000
mfcwex6k4qcjzzye,failed,not_found,314,4A59FD3642C4D9F46A8D916AC9BC64390BCBC6AE,73DCA56424912F69F1478D6630DF27CFE8F41439,8441BEA4057E73E2C9DF82DE61078C88B690760C,4AD0B40B0FC679CC300F398BCEBE9D000833F62C,2020-09-22 21:27:12.098000,2020-09-22 21:27:18.106000
mfcwex6k4qcjzzye,failed,not_found,428,4A59FD3642C4D9F46A8D916AC9BC64390BCBC6AE,D111CA928084A907D8BE9B3F1E1D05227A5FBBE0,E6D4332BF40FDEE7814F2DBC926650EF8032B643,A79F94117D73D4AFA4BCE340A3CB6E345C817594,2020-09-22 21:27:18.107000,2020-09-22 21:27:21.843000
qmq2kfogzyrn45cb,failed,not_found,104,4A59FD3642C4D9F46A8D916AC9BC64390BCBC6AE,3FA93D41E9A7C4C47B77C0D7F617999B6D5D0B62,9E1E4F5B5F94812D02C4D18CB4086CE71CA5C614,0109706984AA5E15836E9B20A144185DD774411E,2020-09-22 21:26:59.339000,2020-09-22 21:27:04.758000
qmq2kfogzyrn45cb,failed,not_found,188,4A59FD3642C4D9F46A8D916AC9BC64390BCBC6AE,32EE911D968BE3E016ECA572BB1ED0A9EE43FC2F,F9674F45A25CAA977E7B872807E0A070C121F5FA,01181B31BE5860C7D66DA88F88AD522C06470FD9,2020-09-22 21:27:04.758000,2020-09-22 21:27:07.838000
qmq2kfogzyrn45cb,failed,not_found,238,4A59FD3642C4D9F46A8D916AC9BC64390BCBC6AE,B4A96C0852DD0841579D33E09A98D641EACCD73E,ECD06EF0D7AD336D2CA4F37DB75F6CAFA3BAFDF7,F5959A1F1154807D3E51A87BCDCA6E096353579D,2020-09-22 21:27:07.838000,2020-09-22 21:27:11.123000
qmq2kfogzyrn45cb,failed,not_found,265,4A59FD3642C4D9F46A8D916AC9BC64390BCBC6AE,03E0F4EE272731601773F48E64240D3A8896A5E3,1E1A7C9134637383BE653C41973995A229D81595,0111BA9B604669E636FFD5B503F382A4B7AD6E80,2020-09-22 21:27:11.123000,2020-09-22 21:27:12.605000
qmq2kfogzyrn45cb,failed,not_found,419,4A59FD3642C4D9F46A8D916AC9BC64390BCBC6AE,014E24C0CD21D2B9829E841D5EC1D3C415F866BF,31FC0066DA78D1464A2542E8D9EBF6FD6F99AE1E,F5AD7DE58D0E038B48761AD995F9117DA072BA47,2020-09-22 21:27:12.605000,2020-09-22 21:27:20.979000
qmq2kfogzyrn45cb,failed,not_found,475,4A59FD3642C4D9F46A8D916AC9BC64390BCBC6AE,021DDCD687FD505B7EA7E75DA6CEF0D778AA07FB,74B8B22AF950B0BE11D8A228FB09D2F5279FB757,F5B72145DD46D16E8BF8002AA1EC97DAB6942B9B,2020-09-22 21:27:20.980000,2020-09-22 21:27:25.693000
eoddydtkezfta3d3,failed,not_found,100,4A59FD3642C4D9F46A8D916AC9BC64390BCBC6AE,44496B18C68356AF3A58ACAD835429C37B9432ED,CC701FCE86D6AF95FC3D5B71645D3430794910C1,5924EF84AAD21073CD58515D1643553A77D7B35F,2020-09-22 21:27:00.327000,2020-09-22 21:27:01.510000
eoddydtkezfta3d3,failed,not_found,125,4A59FD3642C4D9F46A8D916AC9BC64390BCBC6AE,F0AE51D182DA3B1FB452666EE3E5EA906C431CBF,708A968F3644F8A547156368FEA3DB664110E631,525EE34C1A7B89AB9DF585246DE30E32702913F5,2020-09-22 21:27:01.511000,2020-09-22 21:27:04.598000
eoddydtkezfta3d3,failed,not_found,182,4A59FD3642C4D9F46A8D916AC9BC64390BCBC6AE,885CFB6921E6E7716BB64783348DDB06E17E5B5A,E5CC82DF823F15F9EEF99F22BFB1F3CC5F5076EF,594193E51F382E34080D76B5ECAF5C7B67CF05EF,2020-09-22 21:27:04.598000,2020-09-22 21:27:07.988000
eoddydtkezfta3d3,failed,not_found,242,4A59FD3642C4D9F46A8D916AC9BC64390BCBC6AE,113BEEBA400E58874EE0EB94849DEEF9564290C2,FEDE31337E4E19E06B97D282F08B0A0E8B9C5526,525D5386F858580E93B88D21727869555DFC654C,2020-09-22 21:27:07.988000,2020-09-22 21:27:11.598000
eoddydtkezfta3d3,failed,not_found,303,4A59FD3642C4D9F46A8D916AC9BC64390BCBC6AE,A2F7674E837C4131D70A840262AFC269801F14BA,66BD39FE805AED414ADE400CAAD862C9CC3AC34E,5262556D44A7F2434990FDE1AE7973C67DF49E58,2020-09-22 21:27:11.598000,2020-09-22 21:27:14.574000
eoddydtkezfta3d3,failed,not_found,411,4A59FD3642C4D9F46A8D916AC9BC64390BCBC6AE,B22A56D8AE494A20CA0EB8457F3CAC54FC99ACCE,081C9DF6A615A300B382C004DFE2CC37B561C9A0,595E9FA86E06021D53465FF0365C7FF92A4A115D,2020-09-22 21:27:14.575000,2020-09-22 21:27:20.727000
gketjcvskbrvjlts,failed,not_found,118,4A59FD3642C4D9F46A8D916AC9BC64390BCBC6AE,12D552E8AF7AA2B71B218B5BBF6A5FEFA6F26BA0,410118E874D2263F1CDCD567F81875A8E38B2B3C,4E41B00F930F3E72530F339EF4C911CE97D2AE9E,2020-09-22 21:27:01.351000,2020-09-22 21:27:04.234000
gketjcvskbrvjlts,failed,not_found,140,4A59FD3642C4D9F46A8D916AC9BC64390BCBC6AE,1079E628FC6B0025656AC024F2D9975C441498CD,0C93559D6D7E95B41561424345B0B176FBE66F00,4E0A9957FDBA7418AF82A3CBFCB53D8B8D97FC8E,2020-09-22 21:27:04.234000,2020-09-22 21:27:06.066000
gketjcvskbrvjlts,failed,not_found,210,4A59FD3642C4D9F46A8D916AC9BC64390BCBC6AE,D965855F77A59FBBC5D1224DFB9C12A992355079,18CA9EA099BB9861E354D2A6FF49337A7E81C2F3,4E2F7D3326FBCE300557B9AFF463CC434AADD120,2020-09-22 21:27:06.066000,2020-09-22 21:27:09.630000
gketjcvskbrvjlts,failed,not_found,271,4A59FD3642C4D9F46A8D916AC9BC64390BCBC6AE,ED3ACBBB89C5F1597A44A65D2FA203BDB8E208F2,81E18725397D620DA548ABBE24D9CD263DEF2FDC,F37374DB9FA6EF14CED64FD294E8D8683F032EC8,2020-09-22 21:27:09.630000,2020-09-22 21:27:12.905000
gketjcvskbrvjlts,failed,not_found,336,4A59FD3642C4D9F46A8D916AC9BC64390BCBC6AE,648E97719EDEC4F0E08F1CEB8D24F2C8F587344C,288C100FFA656938C23F32207CAF0DA932ECD247,F3A3461889BF97250F50A7BAAAE4A2B92062F6D7,2020-09-22 21:27:12.906000,2020-09-22 21:27:16.124000
gketjcvskbrvjlts,failed,not_found,450,4A59FD3642C4D9F46A8D916AC9BC64390BCBC6AE,AE9B4F3B133CF4FC75BD0685F047EA4253C49B09,38E48C9509E18F405749859EEF299EBC1B829602,F38FB55A8CCA6A00CDD024A5EA2CFECB38A48E15,2020-09-22 21:27:16.124000,2020-09-22 21:27:23.140000
67lgiq5owfm7yx45,failed,not_found,228,4A59FD3642C4D9F46A8D916AC9BC64390BCBC6AE,42B4F52C5B11E4D39855F654955425B0D5A0598B,98F0DC374AB8156BD12A03E25DEBCCD5DB85A1C4,F5F4019509109A07E90C45A022CEED9ECA1643C8,2020-09-22 21:27:02.538000,2020-09-22 21:27:10.749000
67lgiq5owfm7yx45,failed,not_found,288,4A59FD3642C4D9F46A8D916AC9BC64390BCBC6AE,EAA823552F959DFD038E9AC8FA89345A738B6C00,7272FA27A7F99E88D59BE2018E3F14FB88BF9786,F604131DCC4303E51DB876A017A3DC9684FD626B,2020-09-22 21:27:10.749000,2020-09-22 21:27:13.996000
67lgiq5owfm7yx45,failed,not_found,354,4A59FD3642C4D9F46A8D916AC9BC64390BCBC6AE,03E0F4EE272731601773F48E64240D3A8896A5E3,63BF46A63F9C21FD315CD061B3EAA3EB05283A0A,8F89078575FEE57675A922E9E088918F63AC750C,2020-09-22 21:27:13.997000,2020-09-22 21:27:18.266000
67lgiq5owfm7yx45,failed,not_found,433,4A59FD3642C4D9F46A8D916AC9BC64390BCBC6AE,356ACBA2D112CA4D1457F27D2EA0759BF82EE898,7BB70F8585DFC27E75D692970C0EEB0F22983A63,8F7E120C1D4371FEA19E3C158C180D7DE4EE505C,2020-09-22 21:27:18.267000,2020-09-22 21:27:21.326000
67lgiq5owfm7yx45,failed,not_found,484,4A59FD3642C4D9F46A8D916AC9BC64390BCBC6AE,A35944904C0C18955AFB76539CF5EBF805C0A31D,7DAC367AF33DBEFEDC684789490E213FD348BE36,F5FD7EF4307F8C5C398147877F32A9F9F71E2092,2020-09-22 21:27:21.326000,2020-09-22 21:27:24.803000
67lgiq5owfm7yx45,failed,not_found,546,4A59FD3642C4D9F46A8D916AC9BC64390BCBC6AE,D7829A21726220AF77401BE5B2B132963A0BE82B,B6D4916A98D99027DA25D42D70D686F0B3663F35,8F7FF4D67AEEAD6563E2B101C20EB77E710CA37C,2020-09-22 21:27:24.803000,2020-09-22 21:27:28.707000
lyofzlt75ofjdfma,failed,not_found,122,4A59FD3642C4D9F46A8D916AC9BC64390BCBC6AE,25990FC54D7268C914170A118EE4EE75025451DA,DA4B488C2826DFBBD04D635DA1E71A2BA5B20747,9B46F7BDA3950CB0227487E1282476425E876BC4,2020-09-22 21:27:03.337000,2020-09-22 21:27:04.536000
lyofzlt75ofjdfma,failed,not_found,263,4A59FD3642C4D9F46A8D916AC9BC64390BCBC6AE,82ED9AEC94184EC6DD299A5CDB3378B04BB17489,206B2B8C1AB1E20C02CFE2A913AA8DE169980FC2,9B47A5B7C108F22D1AFF544E70D22ED8997B96A3,2020-09-22 21:27:04.537000,2020-09-22 21:27:12.471000
lyofzlt75ofjdfma,failed,not_found,329,4A59FD3642C4D9F46A8D916AC9BC64390BCBC6AE,F3F3F4900B87CF4A6B4A7F9402502FC457B7B1FC,E1DE607E31C2C0FB6F8FC959BF7B58CE35D95990,217B9BE70DC602F6D929132EA2A9DF60BAED8CE0,2020-09-22 21:27:12.471000,2020-09-22 21:27:15.722000
lyofzlt75ofjdfma,failed,not_found,438,4A59FD3642C4D9F46A8D916AC9BC64390BCBC6AE,6FF440DFB1D0697B942357D747900CC308DD57CC,C013F6A7A2297FA4CD00D05EF4A1C5222B844B25,216D8778B43123805F3FE3D7157223F34EF74A40,2020-09-22 21:27:15.722000,2020-09-22 21:27:21.504000
lyofzlt75ofjdfma,failed,not_found,494,4A59FD3642C4D9F46A8D916AC9BC64390BCBC6AE,74B41DED505CFABC7A8D439362FC9B6589DE4591,A20CB2416BDECC60B681FEE20113361DB7DDE5DB,21A183AB1F0B207B50A1E08687685A8D940C5F80,2020-09-22 21:27:21.504000,2020-09-22 21:27:25.694000
lyofzlt75ofjdfma,failed,not_found,559,4A59FD3642C4D9F46A8D916AC9BC64390BCBC6AE,0CC18E42E5ECADFE76862CE2EB7189EFA17A11FD,CBB5AE37E2927A915D70FA71572D2EA203F03E83,9B3E7A0AD9A054984CC87E7CA9D5C117202D45D4,2020-09-22 21:27:25.694000,2020-09-22 21:27:29.573000
ctlgv3p4aqcszghy,failed,not_found,172,4A59FD3642C4D9F46A8D916AC9BC64390BCBC6AE,B9233588917C5F6B7DA771118707090591BC4C87,DAC825BBF05D678ABDEA1C3086E8D99CF0BBF112,1E5E18AC41DAEDF1BE7A02612C297E35CA24949A,2020-09-22 21:27:04.354000,2020-09-22 21:27:07.716000
ctlgv3p4aqcszghy,failed,not_found,236,4A59FD3642C4D9F46A8D916AC9BC64390BCBC6AE,AF1FC704A5243CC0F08A335343D18A7D9FD871DE,DC40A59D4D744F2C3C7A655EC6BF3A59AFA1C66C,A4A6FFACED78B8ED756A9CE14B67B743068FA6F2,2020-09-22 21:27:07.716000,2020-09-22 21:27:10.820000
ctlgv3p4aqcszghy,failed,not_found,290,4A59FD3642C4D9F46A8D916AC9BC64390BCBC6AE,F0A3054C76604DC75D3F57F55C27F1BFB643F107,00C22D3BC1822EB8EA380AF04245337399E796E2,A4A25EDAB880FF4200F4C21316F3B9E072C9F466,2020-09-22 21:27:10.821000,2020-09-22 21:27:14.232000
ctlgv3p4aqcszghy,failed,not_found,325,4A59FD3642C4D9F46A8D916AC9BC64390BCBC6AE,3FFBA34E170D3377500E3E21BB3429345967532F,E81993EA52B73285CFFD02FEC003569D21483001,1E63C2CED3B6DDCD1078B2A4F10C8A48BD2C31A0,2020-09-22 21:27:14.233000,2020-09-22 21:27:16.938000
ctlgv3p4aqcszghy,failed,not_found,415,4A59FD3642C4D9F46A8D916AC9BC64390BCBC6AE,6D163F649ECBE9DC20F016236EF36D7E1559E98E,0DD04EF0B081BBFDE3082D4ECC8A63FD0022FCAF,1E7416D0CF37A6661B0130F54C6EBEF071E36C4D,2020-09-22 21:27:16.938000,2020-09-22 21:27:20.816000
ctlgv3p4aqcszghy,failed,not_found,471,4A59FD3642C4D9F46A8D916AC9BC64390BCBC6AE,7B22865D6868BE1F9436B45B395F03D48DD9D221,296A9A2C96249BC5D8CA8CF196EF5E3FCC80488E,A48579D07B71F1DEA3E2C107ED3E834FA8EDC179,2020-09-22 21:27:20.816000,2020-09-22 21:27:25.214000
v2fvcga5gevy46bz,failed,not_found,199,4A59FD3642C4D9F46A8D916AC9BC64390BCBC6AE,0BD524A66A928A093AD1ADD79AD24C5DA6D805CE,B8C7D56B7E87B39BD0878C5D1D69130596D0BFAD,DD58B96E995C8EED353677F9F491CDB56A1652C5,2020-09-22 21:27:05.390000,2020-09-22 21:27:09.497000
v2fvcga5gevy46bz,failed,not_found,364,4A59FD3642C4D9F46A8D916AC9BC64390BCBC6AE,F4A4D78F16E9A0353AD5BBEF4632C7022E20FB20,E3D61BAEA0B7CB12CACEDC8821C520557BDFCEA3,6A8B54FB9F79E33A307AD0319B62916504A28049,2020-09-22 21:27:09.498000,2020-09-22 21:27:18.471000
v2fvcga5gevy46bz,failed,not_found,446,4A59FD3642C4D9F46A8D916AC9BC64390BCBC6AE,B33C5B8DDD2EB50EE0B9916547EBDE2BCA3BC567,BFEC9FDCD15CDC54FBEFB4BC18B6A57CD186B3CE,DD53A8A1E31C3959AF8AFB5A06F93C7C36350C29,2020-09-22 21:27:18.471000,2020-09-22 21:27:21.567000
v2fvcga5gevy46bz,failed,not_found,499,4A59FD3642C4D9F46A8D916AC9BC64390BCBC6AE,FF06E7A068A1CA66CE593DCE85E2477807C48302,198F12E2DEFBE6BEEBC38B2FEDD615AECB38DA7A,6AC1A5C13A6875FEA157D9A7DC30EE83F632150D,2020-09-22 21:27:21.568000,2020-09-22 21:27:25.713000
v2fvcga5gevy46bz,,,,,,,DD5DA21CC5036533AE2010DE2C7E72BE2CDF9C5E,2020-09-22 21:27:25.713000,
xmgax6wegdiocukd,failed,not_found,212,4A59FD3642C4D9F46A8D916AC9BC64390BCBC6AE,1CD48F4ED0F1821FFBF1940802A13EEFD4C27502,046F2D59A85FAE693676A87533717C57436261C2,F5AD7DE58D0E038B48761AD995F9117DA072BA47,2020-09-22 21:27:06.353000,2020-09-22 21:27:09.553000
xmgax6wegdiocukd,failed,not_found,269,4A59FD3642C4D9F46A8D916AC9BC64390BCBC6AE,769A297017BB5E92A9A5A3D76725CA12D694AA30,AE95BDA37A5BB4685FEBB7F06649D6CE949B5316,4EBE3B18F7D38D0A2FDD67B47A55CB9069368723,2020-09-22 21:27:09.554000,2020-09-22 21:27:12.989000
xmgax6wegdiocukd,,,,,,,F5959A1F1154807D3E51A87BCDCA6E096353579D,2020-09-22 21:27:12.989000,
vrlxw3q2zvbe6kno,failed,not_found,201,4A59FD3642C4D9F46A8D916AC9BC64390BCBC6AE,A857DA8F3728DE4475BFCD86D91351F5E302B3DF,4FE3FD67F2F06D8AD929217A357F623FC7C692D9,856DAB2FDC9EED88A27BE2265FA6BD5489EF178E,2020-09-22 21:27:07.337000,2020-09-22 21:27:16.828000
vrlxw3q2zvbe6kno,,,,,,,856B7EFB7E09D02A29DD2FF024B7E1EFE21FE9EB,2020-09-22 21:27:16.829000,
r7b4wfmqn5ku6v3t,failed,not_found,214,4A59FD3642C4D9F46A8D916AC9BC64390BCBC6AE,138ED47EE2156E6492FDE0B61338D973C9717F32,2CF2DFBA221B77E96E9FE69725AE82F4E101BE4A,254FF480BF5642929460532FF59BCE15DF1070EB,2020-09-22 21:27:08.341000,2020-09-22 21:27:09.928000
r7b4wfmqn5ku6v3t,,,,,,,25526E61B8BC22B662E3D4A50504021CC3D9873D,2020-09-22 21:27:09.928000,
giktwcbmimduwzh7,failed,not_found,229,4A59FD3642C4D9F46A8D916AC9BC64390BCBC6AE,A35944904C0C18955AFB76539CF5EBF805C0A31D,82ED9AEC94184EC6DD299A5CDB3378B04BB17489,F311EFECFF1EA0E05D0B7F35CCF056AB5142B5BE,2020-09-22 21:27:09.342000,2020-09-22 21:27:11.309000
giktwcbmimduwzh7,failed,not_found,297,4A59FD3642C4D9F46A8D916AC9BC64390BCBC6AE,E916F2ACBA67EC57AFAF450AA84E528308835418,A2C6C931D8627C6605288970889DDB88C7BA2142,9C66AB3B7D9DDA2EA81AAF51BABA6D4331DF9592,2020-09-22 21:27:11.309000,2020-09-22 21:27:14.539000
giktwcbmimduwzh7,,,,,,,F2ED5032B52021E7BADBBB82E6594F1A872FFD09,2020-09-22 21:27:14.539000,
7nkkjijurhey5gm3,failed,not_found,250,4A59FD3642C4D9F46A8D916AC9BC64390BCBC6AE,75FB9A4469199F251581061391214ACFDC682EF4,224C3DD1DFF6F11219604870D48953249EE3C26F,E5507444DAC04539B8DC624299616141B0DB64D5,2020-09-22 21:27:10.339000,2020-09-22 21:27:11.640000
7nkkjijurhey5gm3,failed,not_found,307,4A59FD3642C4D9F46A8D916AC9BC64390BCBC6AE,BA856D21B1A22CAE677A712DA4C9F0852D799DF8,8D8E090832FCAFEA083BA150DA6D154E365A590C,E56F07759E704C4F53334E161066F12FAF7F7C97,2020-09-22 21:27:11.641000,2020-09-22 21:27:14.617000
7nkkjijurhey5gm3,failed,not_found,412,4A59FD3642C4D9F46A8D916AC9BC64390BCBC6AE,C3ACB0492A644E27A549BC3CDF3B7A129186E3BF,69534B8B5FCCD0BF1124945B1D0F5A35FB0A3542,6AE6C0AF05A3F2688CD6241FAAF5F2027E8032B0,2020-09-22 21:27:14.618000,2020-09-22 21:27:20.562000
7nkkjijurhey5gm3,failed,not_found,466,4A59FD3642C4D9F46A8D916AC9BC64390BCBC6AE,32EE911D968BE3E016ECA572BB1ED0A9EE43FC2F,84F0FEBFDFA8FBC6A2EA27F87EBB31F050AFD04D,E577304251F48A85CC0039B659698C7673F721D3,2020-09-22 21:27:20.562000,2020-09-22 21:27:24.137000
7nkkjijurhey5gm3,failed,not_found,527,4A59FD3642C4D9F46A8D916AC9BC64390BCBC6AE,4586DF1934953F38206B5117237F79C1C8797FC4,C0F3C0EF81D84182379AA4CA5AD5A5289D011145,6B0962E99C62CFDFCAD6D91384B11D499FCE6D46,2020-09-22 21:27:24.137000,2020-09-22 21:27:28.488000
7nkkjijurhey5gm3,failed,not_found,612,4A59FD3642C4D9F46A8D916AC9BC64390BCBC6AE,40CDE936B04B4573A47223396006443CA5EAC845,A8D44B832F3267ABFC73F540C6C4CF0229FD7EB3,6B13A2C3331FB5F8B37F0AEE9341D5CF1C21F3AD,2020-09-22 21:27:28.488000,2020-09-22 21:27:33.188000
citt3el2yamu2bt3,failed,not_found,299,4A59FD3642C4D9F46A8D916AC9BC64390BCBC6AE,12D552E8AF7AA2B71B218B5BBF6A5FEFA6F26BA0,614094CAF0701EB568106E60EC12A785E704AE0F,0DDC190D45A6C452F6814408284DDF7DA8175006,2020-09-22 21:27:11.361000,2020-09-22 21:27:14.380000
citt3el2yamu2bt3,failed,not_found,362,4A59FD3642C4D9F46A8D916AC9BC64390BCBC6AE,DC40A59D4D744F2C3C7A655EC6BF3A59AFA1C66C,E3E7491900ECA759D7FA64E6B1CCBD6AC69474D7,BC7ACFAC04854C77167C7D66B7E471314ED8C410,2020-09-22 21:27:14.380000,2020-09-22 21:27:18.297000
citt3el2yamu2bt3,failed,not_found,439,4A59FD3642C4D9F46A8D916AC9BC64390BCBC6AE,BD6FFF1AD5A88A8D43870D43EC4450081B4B2BBA,D237E2F1FE64CA47F40544CB53403ABF8F51C3D8,0DD04EF0B081BBFDE3082D4ECC8A63FD0022FCAF,2020-09-22 21:27:18.297000,2020-09-22 21:27:21.349000
citt3el2yamu2bt3,failed,not_found,486,4A59FD3642C4D9F46A8D916AC9BC64390BCBC6AE,1D54F7CCB7C7A185EE8AA5616C079DD923EB57F2,4B68D0E5392ED6F3469A37880631353A96558631,BC64503664C90B4A9DA913736C361DEAD313B130,2020-09-22 21:27:21.350000,2020-09-22 21:27:25.715000
citt3el2yamu2bt3,failed,not_found,565,4A59FD3642C4D9F46A8D916AC9BC64390BCBC6AE,44354E35E9F7F97AF27686D03B0D591686E35394,FE547E7D1D2B3797EA07BECD5E75C85AA94A5E4A,0DD55CF27BBA1F51131A46BC0A0EED68A177D1BB,2020-09-22 21:27:25.715000,2020-09-22 21:27:30.123000
citt3el2yamu2bt3,,,,,,,BC70877D0CBDFA77E6B4B88DDC23D03F8299CC02,2020-09-22 21:27:30.123000,
prrztgtxxkuflucx,failed,not_found,322,4A59FD3642C4D9F46A8D916AC9BC64390BCBC6AE,F4F92D8B840C2D053197AC3EF9C58F3DCFBB20FE,8DBEF8D824437770261B4C7453F2815DB7FC9165,10A5EFCCD2FB9C1A4AC20FB779A5DB11B58957A7,2020-09-22 21:27:12.363000,2020-09-22 21:27:15.782000
prrztgtxxkuflucx,,,,,,,0E46E058CBC1C37D78896F008BD2D2B99732A149,2020-09-22 21:27:15.782000,
ccrwoehfcey7yiel,failed,not_found,301,4A59FD3642C4D9F46A8D916AC9BC64390BCBC6AE,21AC6EF15C86641CE623B8A08D64144BCAC14AEC,36045C1900EC3FDF1DDA9BEC72DDF7DE50DAF021,93F97B76A7D0F0947C4C75AC62017E45BBFE6C08,2020-09-22 21:27:13.340000,2020-09-22 21:27:14.841000
ccrwoehfcey7yiel,failed,not_found,423,4A59FD3642C4D9F46A8D916AC9BC64390BCBC6AE,54DE63F4587058B79152A75A0238D7F7A0279215,9B047A91AC809AA020A1F42E3E785DBCEBF3652F,A926970FE1AEF9C6D8D4BF57ED6B88F3F8C66415,2020-09-22 21:27:14.842000,2020-09-22 21:27:21.243000
ccrwoehfcey7yiel,failed,not_found,482,4A59FD3642C4D9F46A8D916AC9BC64390BCBC6AE,22204A65735CC47DF0376A9A7C7B79EA4B77F215,F24F8BEA2779A79111F33F6832B062BED306B9CB,A8C29881A396DD0B00FC4C794C0EF68554F8CA68,2020-09-22 21:27:21.244000,2020-09-22 21:27:25.006000
ccrwoehfcey7yiel,failed,not_found,549,4A59FD3642C4D9F46A8D916AC9BC64390BCBC6AE,81F59E8936D0B2105182E4B8200AC07D9274961F,0338F9F55111FE8E3570E7DE117EF3AF999CC1D7,93F4DAF4F0DE5E6867CE20A0F9C7C059834DACAE,2020-09-22 21:27:25.006000,2020-09-22 21:27:28.514000
ccrwoehfcey7yiel,failed,not_found,614,4A59FD3642C4D9F46A8D916AC9BC64390BCBC6AE,1322D90EA6EDA85B3A8566F2C04F2D8C5C7C1EF1,FBE04186F49DB2B1EDEF3CE06DB16F29690AFD69,A8D68ED61673B314CC8CD31C2275ABF1E07387CC,2020-09-22 21:27:28.515000,2020-09-22 21:27:32.689000
ccrwoehfcey7yiel,,,,,,,94025AB7BA718179205F72A939A4AACB497B6EE6,2020-09-22 21:27:32.690000,
6sdgcf4ftrb4ep5j,failed,not_found,360,4A59FD3642C4D9F46A8D916AC9BC64390BCBC6AE,128FC6D8FBF753121C5662FEE309CCD47B64BA6B,EFCCA5852D18207A7A93C13EF3460458CAAEA9D9,708A968F3644F8A547156368FEA3DB664110E631,2020-09-22 21:27:14.355000,2020-09-22 21:27:18.293000
6sdgcf4ftrb4ep5j,failed,not_found,435,4A59FD3642C4D9F46A8D916AC9BC64390BCBC6AE,2802B96E4BE4FDBFB0F5D5DFBF7E5AB541A18DF0,128FC6D8FBF753121C5662FEE309CCD47B64BA6B,70930CCF8E2FFD5C0F8A63C8F2BC2F7CCF8BA70A,2020-09-22 21:27:18.294000,2020-09-22 21:27:21.526000
6sdgcf4ftrb4ep5j,failed,not_found,496,4A59FD3642C4D9F46A8D916AC9BC64390BCBC6AE,64E257D94E739278D5954CC820C9D7EAC4E7A7B7,8BE58BA7A28DC6B4F211CE8EE86783B85133488D,4A3B874F0187F2CF0DA3C8F76063B070F9F7A14F,2020-09-22 21:27:21.526000,2020-09-22 21:27:25.096000
6sdgcf4ftrb4ep5j,,,,,,,4A3EA0E1E4381199A9D80D88AF7D334644DF082B,2020-09-22 21:27:25.097000,
xmidrhjg5xftnber,failed,not_found,432,4A59FD3642C4D9F46A8D916AC9BC64390BCBC6AE,970F0966DAA7EBDEE44E3772045527A6854E997B,E1DE607E31C2C0FB6F8FC959BF7B58CE35D95990,20462CBA5DA4C2D963567D17D0B7249718114A68,2020-09-22 21:27:15.371000,2020-09-22 21:27:21.708000
xmidrhjg5xftnber,failed,not_found,502,4A59FD3642C4D9F46A8D916AC9BC64390BCBC6AE,23A2D8DDF761F35CC63BDF65E604B76A7E2F6971,5DC40F5357EDF4809A9010828172072C95A73514,1270F39EF4D3B2EE87927F2D7CE44D7D417359AA,2020-09-22 21:27:21.708000,2020-09-22 21:27:28.707000
xmidrhjg5xftnber,failed,not_found,617,4A59FD3642C4D9F46A8D916AC9BC64390BCBC6AE,EAA088440B100FF8407266B5D4853FFB16A8CB67,8B64F593CAC2ED05C0FA703AEF50FF71925B569C,205352549229B724BBCDF0996EE0E7251A0833FA,2020-09-22 21:27:28.707000,2020-09-22 21:27:32.981000
xmidrhjg5xftnber,,,,,,,1271D45E76F8E9922C53AEE46CFBA294001E96C1,2020-09-22 21:27:32.981000,
53jlfccph3pzgv75,failed,not_found,451,4A59FD3642C4D9F46A8D916AC9BC64390BCBC6AE,1733D57AA16D2E9E5A448DA607FCA5FA989E4F4D,F5F4019509109A07E90C45A022CEED9ECA1643C8,BF735F669481EE1CCC348F0731551C933D1E2278,2020-09-22 21:27:16.352000,2020-09-22 21:27:23.249000
53jlfccph3pzgv75,failed,not_found,462,4A59FD3642C4D9F46A8D916AC9BC64390BCBC6AE,1D8ED54EA9DF2D46558AD0096DD5D9DD297F13A8,836460C721577873AD1FF8AB000112A9360EB3A0,0338F9F55111FE8E3570E7DE117EF3AF999CC1D7,2020-09-22 21:27:23.249000,2020-09-22 21:27:24.764000
53jlfccph3pzgv75,failed,not_found,543,4A59FD3642C4D9F46A8D916AC9BC64390BCBC6AE,3CBC541F2A763ADD7BF742919229251E2C065E4E,928C991C655BF10189FF084C79A41772AE6155C6,036A7CD36D6F7A97C7B4AF896D9F11AB719F0DF7,2020-09-22 21:27:24.765000,2020-09-22 21:27:28.914000
53jlfccph3pzgv75,failed,not_found,620,4A59FD3642C4D9F46A8D916AC9BC64390BCBC6AE,B32B93C90DCAF0012328A8D55D621D26B186E11A,FFA72BD683BC2FCF988356E6BEC1E490F313FB07,035396269F6D00503D1765DF36ED1B203A028D74,2020-09-22 21:27:28.914000,2020-09-22 21:27:32.928000
53jlfccph3pzgv75,,,,,,,BF7BFCB3096FC81FBD0B7ADA66164431EC7FD117,2020-09-22 21:27:32.928000,
peb77zt4ct3vdcid,failed,not_found,490,4A59FD3642C4D9F46A8D916AC9BC64390BCBC6AE,92E807AC5E23CCD9FE623EA4DC020B1627A0D09B,CDAF0B74C45FD5B1955198A8D92C8A518A53D07B,1841CB960128806151B61FC6D87AFBE9A98B99D7,2020-09-22 21:27:17.397000,2020-09-22 21:27:25.694000
peb77zt4ct3vdcid,failed,not_found,560,4A59FD3642C4D9F46A8D916AC9BC64390BCBC6AE,F059C76B861B25D8F1BBDA4AD37D1B69035423EC,DAD19570682F47FB775B263330BD62B7BF0DEEA8,0694244F5E80089976608450E4154F8444C06948,2020-09-22 21:27:25.695000,2020-09-22 21:27:29.419000
peb77zt4ct3vdcid,failed,not_found,586,4A59FD3642C4D9F46A8D916AC9BC64390BCBC6AE,09092FF120A9FD9DC1AEAC899B5C3CFECBA6C279,CA4E9DFE87DE87E502F3B503D07EC8EFCAEE2549,0677DF0B05ECDA2EF45F26C3332731043BB89AB8,2020-09-22 21:27:29.419000,2020-09-22 21:27:31.110000
peb77zt4ct3vdcid,,,,,,,067ECF198238BD14B0CFE24899475A53A94E14EC,2020-09-22 21:27:31.110000,
ru57mbq64y4cc3lq,failed,not_found,441,4A59FD3642C4D9F46A8D916AC9BC64390BCBC6AE,901CBA6FF3B90618D3FFEFF040353C267F690DF8,2AE2CA4BD2B7754F29432C25E03314D52AC4CAF1,B411027C926A9BFFCF7DA91E3CAF1856A321EFFD,2020-09-22 21:27:18.369000,2020-09-22 21:27:21.567000
ru57mbq64y4cc3lq,failed,not_found,498,4A59FD3642C4D9F46A8D916AC9BC64390BCBC6AE,CD0F9AA1A5064430B1DE8E645CBA7A502B27ED5F,0B555940D37DC849728841C0B290074E1A1BDCA8,625743FAF41B791AAFC2D4BF859DA4AAA2E81FE7,2020-09-22 21:27:21.567000,2020-09-22 21:27:25.213000
ru57mbq64y4cc3lq,failed,not_found,554,4A59FD3642C4D9F46A8D916AC9BC64390BCBC6AE,A1DAA9D3975D1EBB231277ECDEF68720D3F00C8F,3FF88CAE0BCE85191D8DBBD0BE0E62156AB631AB,624B7391B9790E7CD2AF6A7238239BA3D6928A57,2020-09-22 21:27:25.213000,2020-09-22 21:27:29
ru57mbq64y4cc3lq,,,,,,,6245DC873D6F613C795D48663D65BD8A2266CAF6,2020-09-22 21:27:29.001000,
m6n3vllfxqw4xcgk,failed,not_found,452,4A59FD3642C4D9F46A8D916AC9BC64390BCBC6AE,1FDF4D0660A7497222C3BA24FEEA316244093CD7,5A224EFAC453F7EF2D0435E336890DECDC5CEBFD,68C12E4894996FD16CC4A3C4FDFD2D236B9E8E11,2020-09-22 21:27:19.397000,2020-09-22 21:27:22.522000
m6n3vllfxqw4xcgk,failed,not_found,513,4A59FD3642C4D9F46A8D916AC9BC64390BCBC6AE,25E078CD1E537A7418318168F7E1990EF2A160C8,9B5ED3370E002AEBB2A9B25E3213C1817CCD2D88,7674C383F7F551E065E3E95BBCFC067157546A17,2020-09-22 21:27:22.522000,2020-09-22 21:27:27.063000
m6n3vllfxqw4xcgk,failed,not_found,582,4A59FD3642C4D9F46A8D916AC9BC64390BCBC6AE,BFEC9FDCD15CDC54FBEFB4BC18B6A57CD186B3CE,211310CD09EC290505C1F24018AE5330076412A0,68701181F3F08C0D13E6460CFB149E010104EF03,2020-09-22 21:27:27.064000,2020-09-22 21:27:30.569000
m6n3vllfxqw4xcgk,,,,,,,68D2ABD936233A569E2B46D6228816149A16B4FA,2020-09-22 21:27:30.569000,
4wgipebspxcla4el,failed,not_found,426,4A59FD3642C4D9F46A8D916AC9BC64390BCBC6AE,5DE37A3371AAE7638748EB43C9F1CE66E09D4470,FB806F6022715C38A516157076025DDE81C37C1C,9BAAA9CBA3109C2C807F2E84D5C9C0C8C147DCE6,2020-09-22 21:27:20.340000,2020-09-22 21:27:22.546000
4wgipebspxcla4el,failed,not_found,515,4A59FD3642C4D9F46A8D916AC9BC64390BCBC6AE,1850585BE9BCA1F80D0A051909C94E49D1C49ED3,59A755782C1F977D6DCD76C0EC450FFCC7C29E56,9BC648B182B92B1F3DFD022A00AB3AA1F1780750,2020-09-22 21:27:22.547000,2020-09-22 21:27:27.002000
4wgipebspxcla4el,failed,not_found,579,4A59FD3642C4D9F46A8D916AC9BC64390BCBC6AE,79D110419709C4B3D1F92FC3CE121B5317DBE8B3,00342C0E155D4542E55391788B2D779F14578DEB,9BB6624A2DE95FC73CCC46C034A83494172EE4D3,2020-09-22 21:27:27.002000,2020-09-22 21:27:30.805000
4wgipebspxcla4el,,,,,,,5D2A8CAA119D0528722C2438350FAB0C8DE01AB7,2020-09-22 21:27:30.805000,
vvypif5din3uytvp,failed,not_found,488,4A59FD3642C4D9F46A8D916AC9BC64390BCBC6AE,39F096961ED2576975C866D450373A9913AFDC92,14D57DEDF0A4554A2D21AD53CCCC43E31158C733,5262556D44A7F2434990FDE1AE7973C67DF49E58,2020-09-22 21:27:21.374000,2020-09-22 21:27:26.065000
vvypif5din3uytvp,failed,not_found,511,4A59FD3642C4D9F46A8D916AC9BC64390BCBC6AE,DD5DA21CC5036533AE2010DE2C7E72BE2CDF9C5E,61F24EBAEC4290FAC31CF34F0FFCDA765A2D9705,557B39146EB121C8CFA22C48AD78BDBDBC8FF3A1,2020-09-22 21:27:26.065000,2020-09-22 21:27:27.596000
vvypif5din3uytvp,failed,not_found,589,4A59FD3642C4D9F46A8D916AC9BC64390BCBC6AE,FB016E16B8CD7A0E53DEEF31ED8754E4F6B8E837,FE54C9B92F5306A4520072B96085EC09909B01D1,5582BBEC12380E34D7DFB8C237939A0B317B205E,2020-09-22 21:27:27.596000,2020-09-22 21:27:31.948000
vvypif5din3uytvp,,,,,,,557ACEC850F54EEE65839F83CACE2B0825BE811E,2020-09-22 21:27:31.948000,
f2awn2gn3cyy6uxv,failed,not_found,509,4A59FD3642C4D9F46A8D916AC9BC64390BCBC6AE,58FC2AAB3792AC37897D34331F4F4E00341DEC0C,EAA088440B100FF8407266B5D4853FFB16A8CB67,7674C383F7F551E065E3E95BBCFC067157546A17,2020-09-22 21:27:22.359000,2020-09-22 21:27:26.734000
f2awn2gn3cyy6uxv,failed,not_found,534,4A59FD3642C4D9F46A8D916AC9BC64390BCBC6AE,7A3E534C033E3836BD5AF223B642853C502AB33A,BE8737597F2E6B4F805893202C935125829A902E,83B5DB940A719B67F5BF616FEEC9D8D4F764D1AB,2020-09-22 21:27:26.734000,2020-09-22 21:27:28.468000
f2awn2gn3cyy6uxv,failed,not_found,610,4A59FD3642C4D9F46A8D916AC9BC64390BCBC6AE,16DB78459B845F4E728405EB694E32929E2B318A,6A365870758A1E3E7A9EE0E82BCC0D6226A9EAAA,83B48E68C31C13AA12E2A9F9C1CBE1D9B3F4E03A,2020-09-22 21:27:28.468000,2020-09-22 21:27:32.889000
f2awn2gn3cyy6uxv,,,,,,,76543749510CD00CB16E1DD4940CAA8FAC727F58,2020-09-22 21:27:32.889000,
5xyllxecxud7hdrk,failed,not_found,521,4A59FD3642C4D9F46A8D916AC9BC64390BCBC6AE,3E53D3979DB07EFD736661C934A1DED14127B684,B73D1E98BE6689A1DDBFE4232C769FCD1B9E0B32,A706DE7DBFD100BBF8DE38728CBC2A552A2D1F60,2020-09-22 21:27:23.372000,2020-09-22 21:27:28.409000
5xyllxecxud7hdrk,failed,not_found,605,4A59FD3642C4D9F46A8D916AC9BC64390BCBC6AE,8C612213C4B5C154FA90847F36FBF36DB78AB1AC,ED3ACBBB89C5F1597A44A65D2FA203BDB8E208F2,8A6F5A21493685B50F1B46A87A2099D6C410F237,2020-09-22 21:27:28.410000,2020-09-22 21:27:32.559000
5xyllxecxud7hdrk,,,,,,,A7143CD3C548EB63D98647D592A7AE3EA02B142B,2020-09-22 21:27:32.559000,
kpu3lbwv6tjx52uj,failed,not_found,532,4A59FD3642C4D9F46A8D916AC9BC64390BCBC6AE,4856C97DC4F2271BC896DF9CABD217EE2D869D68,41145C3169D810DB360FF2FCA232093B02C0B262,78B98D12997EDD630F6A674CBF42F20711DEAC11,2020-09-22 21:27:24.352000,2020-09-22 21:27:27.687000
kpu3lbwv6tjx52uj,failed,not_found,592,4A59FD3642C4D9F46A8D916AC9BC64390BCBC6AE,6962377722C4AA5E56540F4F9693DFA525449974,EFD8DF124A74D2961FBF752BF31EC3A5D411C349,78BC2254D3B31CD865F7682633AA438212132532,2020-09-22 21:27:27.688000,2020-09-22 21:27:32.385000
kpu3lbwv6tjx52uj,,,,,,,9B22542BA085F8ECCC8B6D0F8897B8DB1C6E6D65,2020-09-22 21:27:32.386000,
hcna4c4xcs2iv67v,failed,not_found,556,4A59FD3642C4D9F46A8D916AC9BC64390BCBC6AE,404DBE0F72D66576925432B1E4A28425FA2E4825,1C24A2669C7E0D62B2157B95F56ED00EE307C85C,EB60858E074016216315AA6F6E8E3D4F17381D5D,2020-09-22 21:27:25.351000,2020-09-22 21:27:28.410000
hcna4c4xcs2iv67v,failed,not_found,606,4A59FD3642C4D9F46A8D916AC9BC64390BCBC6AE,DCE8DBF94576272AD10D996C9AA0794A4567F304,8127FEAAF63A37CDB3CF0D1DA75D1B8D6DA90AD9,FE547E7D1D2B3797EA07BECD5E75C85AA94A5E4A,2020-09-22 21:27:28.410000,2020-09-22 21:27:33.007000
hcna4c4xcs2iv67v,,,,,,,EB44DEFA821E3672B955ED9B14E28C36F80C5FA8,2020-09-22 21:27:33.008000,
sxrnsc3gbor6g3xw,failed,not_found,523,4A59FD3642C4D9F46A8D916AC9BC64390BCBC6AE,B74DABBE248B935CDC1038CD5C9280878C8C94E7,B22C4BF9747DBBC843F1BBBA272FDB7B6045EB01,9EB3FD84065E5622A57EFEF14E41A01B5B99A022,2020-09-22 21:27:26.342000,2020-09-22 21:27:27.706000
sxrnsc3gbor6g3xw,failed,not_found,594,4A59FD3642C4D9F46A8D916AC9BC64390BCBC6AE,DF86098968BBCD963E38E03FC3FC1837EF667C13,6B7ABD237CF25E5F787F365AF5FC4C86F0213A9F,108FBE210539A1E6868FC43A0BB0A38DCA12D558,2020-09-22 21:27:27.706000,2020-09-22 21:27:32.073000
sxrnsc3gbor6g3xw,,,,,,,1084200B44021D308EA4253F256794671B1D099A,2020-09-22 21:27:32.073000,
o7lxhmpudr32a2d7,failed,not_found,584,4A59FD3642C4D9F46A8D916AC9BC64390BCBC6AE,CE58CF666F209857502FCEAF1CB52F638AFFBD63,005079A42356183CEA5A3ADD239303F44F12E7EA,31C3153263B3F9322B582F4A06E9E515F0338C4F,2020-09-22 21:27:27.355000,2020-09-22 21:27:31.516000
o7lxhmpudr32a2d7,failed,not_found,608,4A59FD3642C4D9F46A8D916AC9BC64390BCBC6AE,94318CC2299A3826D81899EB23C25A2B7D6B1FFE,29E156A09E151AF230D682382C723C77D35160D0,318CB7FC0EAEB92311EB51B5B78E3CAD45EBCF21,2020-09-22 21:27:31.517000,2020-09-22 21:27:33.299000
o7lxhmpudr32a2d7,,,,,,,31A97198C6E2BEBF57EB8FC7DC55A208AD35038E,2020-09-22 21:27:33.299000,
3eienv2ycz776uub,failed,not_found,603,4A59FD3642C4D9F46A8D916AC9BC64390BCBC6AE,D87698D8E2276C7E93D531B7C2A1B27D58C71876,35DA04A92634AF2392CBA6AF158E00B5589A1CFA,66DFC51E724E38DDCB3AB67DDF4C0BB0F1F49C0B,2020-09-22 21:27:28.356000,2020-09-22 21:27:32.533000
3eienv2ycz776uub,,,,,,,5C4B505FCFCE0E340A86D0E7960B24A13ED5677C,2020-09-22 21:27:32.533000,
4wt36mcbpibofvu7,failed,not_found,574,4A59FD3642C4D9F46A8D916AC9BC64390BCBC6AE,0AF90285D6B3ECC52ABFA3CB31404DF6FAF93134,7A6873B86D82BC8B4F0E790828626107820F7B9E,58224E8E5344ECB0E6FFBB470C53F2C71DBE6341,2020-09-22 21:27:29.342000,2020-09-22 21:27:30.785000
4wt36mcbpibofvu7,,,,,,,97F51AF6791AD33981CE25DC7A2618429F25B3B0,2020-09-22 21:27:30.786000,
m7fy5tz674pbq5kg,,,,,,,5EDD6628D5E13ED020A1EA03C1944DD6769B4974,2020-09-22 21:27:30.358000,
h4ieywcpdbrj3oqg,,,,,,,BC70877D0CBDFA77E6B4B88DDC23D03F8299CC02,2020-09-22 21:27:31.356000,
wdtityv7yauy7bg2,,,,,,,493BEEFD9854F0E7CEB96A01A47EEA83F4E93A00,2020-09-22 21:27:32.420000,
vkoql5hr5haqpeje,,,,,,,0BC8BA32CC3CB0F598E0C92778F7C0946DFBCE91,2020-09-22 21:27:33.357000,
