addr,status,reason,circ,guard_fp,middle_fp,exit_fp,hsdir_fp,start,end
ddlqd7bsii252nug,failed,not_found,,,,,069DFADA8C65DEA2B9B2272160AF5E57958F9A97,2020-09-23 07:28:30.272000,2020-09-23 07:28:32.275000
ddlqd7bsii252nug,failed,not_found,16,F8DE8132E599A194E20DDB738AF64A7200CD5949,B43409C6A047E50FC7B7A23321102957BAFC3D6B,438F3EA4C9FB0DB63F5377A3271AB5435FAD7E04,D14011FE605253565D934C69109DAE4316AD69A3,2020-09-23 07:28:32.275000,2020-09-23 07:28:36.488000
ddlqd7bsii252nug,failed,not_found,43,F8DE8132E599A194E20DDB738AF64A7200CD5949,9A08E378EA3FA18183CB0522D7665550E1B42BB4,CCF2FD0048FCC9A842BE881472CEC148BB4EF458,D13692D97236C0B8E8E19EA2DD952B5C4F9010BB,2020-09-23 07:28:36.488000,2020-09-23 07:28:38.736000
ddlqd7bsii252nug,failed,not_found,63,F8DE8132E599A194E20DDB738AF64A7200CD5949,CB92FA4D7D71F134CE1F1FFF2BFF53E88DD4A1DB,425835370C1FBE178C21CB53C76672F12BDE091A,D1357EAA7FEDF7F6C4EB03E3A3C41D6A3E8F3C35,2020-09-23 07:28:38.736000,2020-09-23 07:28:40.789000
ddlqd7bsii252nug,failed,not_found,92,F8DE8132E599A194E20DDB738AF64A7200CD5949,A1FEE8537C847D330F1F7F592BE24360C5D6051F,8BE58BA7A28DC6B4F211CE8EE86783B85133488D,0694244F5E80089976608450E4154F8444C06948,2020-09-23 07:28:40.789000,2020-09-23 07:28:42.823000
ddlqd7bsii252nug,failed,not_found,131,F8DE8132E599A194E20DDB738AF64A7200CD5949,12D552E8AF7AA2B71B218B5BBF6A5FEFA6F26BA0,065E6B20BF87AE6F0E27063BB8AE002ECC3736E9,06ABFC513FA71C7EE423DCC6ABF80F6B4A2FC1AC,2020-09-23 07:28:42.823000,2020-09-23 07:28:45.250000
wcxyrh45o4qml24p,failed,not_found,,,,,C63F4EC7437193BD6070D5CBD0EABBB610DD02AA,2020-09-23 07:28:30.275000,2020-09-23 07:28:31.430000
wcxyrh45o4qml24p,failed,not_found,11,F8DE8132E599A194E20DDB738AF64A7200CD5949,CCAA620D5CAB34CE95FE3C863D9E6520C07451D8,EC8D71DA87C4A98B910170E3C42A2CE329223398,3033FD18BBD658C5ECE926FB17D2269BFE337358,2020-09-23 07:28:31.430000,2020-09-23 07:28:35.286000
wcxyrh45o4qml24p,failed,not_found,21,F8DE8132E599A194E20DDB738AF64A7200CD5949,D000291816C0D9EE531FA4DD185EC1AD80386A5A,71DF8174D809D862445BFCB89F5A0980099947EC,C63D7C4FAE5424D6286411D33497A2191882EB0A,2020-09-23 07:28:35.286000,2020-09-23 07:28:36.602000
wcxyrh45o4qml24p,failed,not_found,44,F8DE8132E599A194E20DDB738AF64A7200CD5949,CA95B3584C44DED8107AF5B3D8C25C562CC64DD4,FE1AF5E909002134BFF834F4AD5E1DE723779002,C63110BDD8736D2C2A733FF962F58D58FDE63A2D,2020-09-23 07:28:36.603000,2020-09-23 07:28:38.736000
wcxyrh45o4qml24p,failed,not_found,64,F8DE8132E599A194E20DDB738AF64A7200CD5949,1A0873654174FF8B1D66B02DA82D46ADDD46AC4B,3337D5168C034C79665BE1A9575168A59BED9BCD,3043C1A6DF23AFEDC8FD3C0671FADCEDFF6D3429,2020-09-23 07:28:38.737000,2020-09-23 07:28:41.346000
wcxyrh45o4qml24p,failed,not_found,106,F8DE8132E599A194E20DDB738AF64A7200CD5949,52BFADA8BEAA01BA46C8F767F83C18E2FE50C1B9,1B91B86B67317A63636FE38ABE6C4E701A2B1A99,303509AB910EF207B7438C27435C4A2FD579F1B1,2020-09-23 07:28:41.346000,2020-09-23 07:28:43.794000
3r6iupppvtcv7pfw,failed,not_found,,,,,9EAD5B2D3DBD96DBC80DCE423B0C345E920A758D,2020-09-23 07:28:30.278000,2020-09-23 07:28:32.510000
3r6iupppvtcv7pfw,failed,not_found,17,F8DE8132E599A194E20DDB738AF64A7200CD5949,CD0F9AA1A5064430B1DE8E645CBA7A502B27ED5F,ACA0B8702A6A0B890217A3D26B7220EB6E1CFFD1,97E6A009185FCF2A58D884545E4E18FF612B7B06,2020-09-23 07:28:32.511000,2020-09-23 07:28:35.799000
3r6iupppvtcv7pfw,failed,not_found,35,F8DE8132E599A194E20DDB738AF64A7200CD5949,21AC6EF15C86641CE623B8A08D64144BCAC14AEC,B56B9FE93F83B4FA69234B17A060E8A8E7446D19,97F51AF6791AD33981CE25DC7A2618429F25B3B0,2020-09-23 07:28:35.800000,2020-09-23 07:28:38.434000
3r6iupppvtcv7pfw,failed,not_found,61,F8DE8132E599A194E20DDB738AF64A7200CD5949,2AA9F49E7E7701A403297952C65EB854A91C6479,F2D8A6CDED1F4BC42CA4B1164FB6C6644298BE1B,97D2A26EA5C9972E66D23F4698E94DBDBA8F6C18,2020-09-23 07:28:38.434000,2020-09-23 07:28:42.003000
3r6iupppvtcv7pfw,failed,not_found,118,F8DE8132E599A194E20DDB738AF64A7200CD5949,3A9443710224E5182895C342D1D36C1D460A1206,835FFE642EFA3BB7936663D2365A15D319FB6226,9E8FB4EFEF3A6B62D0F0152B0606753D413BE337,2020-09-23 07:28:42.004000,2020-09-23 07:28:45.306000
3r6iupppvtcv7pfw,failed,not_found,219,F8DE8132E599A194E20DDB738AF64A7200CD5949,28B39D67BD18D13694DE03679EA4A864EB6977E9,F244C5F5DDE2F29CA1F88E4C9F9FACCC48BCA857,9EA4649400C7D35E20C734FA737CF615E925F1E4,2020-09-23 07:28:45.307000,2020-09-23 07:28:47.757000
6inyudonvb5kws6b,failed,not_found,7,F8DE8132E599A194E20DDB738AF64A7200CD5949,E6C04728E9339DF22F331B7017D4A7AA3F252F0B,A1B7C1F83E5DA4376FD2E1DBA7AC28A71AB332AD,BB5630967607D8A8B6CA854AF954FE8372D1662A,2020-09-23 07:28:30.995000,2020-09-23 07:28:34.212000
6inyudonvb5kws6b,failed,not_found,24,F8DE8132E599A194E20DDB738AF64A7200CD5949,4656F36592379C17C69F5295602FC0E7BD419F2C,B728832F0AB11E5450EC320230E2B7D33EC08F49,393046812C24A855F669A80F8D8C38789D41EAC8,2020-09-23 07:28:34.212000,2020-09-23 07:28:36.706000
6inyudonvb5kws6b,failed,not_found,45,F8DE8132E599A194E20DDB738AF64A7200CD5949,A35944904C0C18955AFB76539CF5EBF805C0A31D,573051CAA3EEEE2B75EBD096BB1F70D3FDAC5F3A,BBD1B1A22695396C75DFF338A8FF7A12804A607A,2020-09-23 07:28:36.706000,2020-09-23 07:28:38.935000
6inyudonvb5kws6b,failed,not_found,68,F8DE8132E599A194E20DDB738AF64A7200CD5949,AE17FAAF8F302A506AF2167666EC62882804403F,40C773D9F2B16143CDB2ADB661DDC6BB12EF3E2C,BBBBBAD453263D786EC34AB68A06214288910345,2020-09-23 07:28:38.936000,2020-09-23 07:28:41.584000
6inyudonvb5kws6b,failed,not_found,109,F8DE8132E599A194E20DDB738AF64A7200CD5949,68541734A0D14E13BDAD84E99F552E694525F9E5,5790B62AD6C79A1092B30993A8F0F7F23A969FD6,3910C5CA0CC5AFE22C709DF471A2B5B6B4AEDC98,2020-09-23 07:28:41.585000,2020-09-23 07:28:44.338000
6inyudonvb5kws6b,failed,not_found,191,F8DE8132E599A194E20DDB738AF64A7200CD5949,10192D0D83B2439FA4B3FF35C5FA8AAE845B7BF3,0D7C69551F9186DB589BDF00858314AC136A33DA,39157328C19734ACD46BC6CD247F5E673D9EE9C8,2020-09-23 07:28:44.338000,2020-09-23 07:28:46.901000
2ivfu3dhv5nhxcpj,failed,not_found,8,F8DE8132E599A194E20DDB738AF64A7200CD5949,EEFFC0D532AB63BB3E9CAEADA822971F6D3AE8D6,769A297017BB5E92A9A5A3D76725CA12D694AA30,25F49247646F1F9C9C4B31217AE004308B271359,2020-09-23 07:28:31.026000,2020-09-23 07:28:34.715000
2ivfu3dhv5nhxcpj,failed,not_found,26,F8DE8132E599A194E20DDB738AF64A7200CD5949,7B0D94D348D9F98C50B6674C5CB17AF35EA2605F,844AE9CAD04325E955E2BE1521563B79FE7094B7,CD98A4B9F50D189177D4F8839FFA729B525DF121,2020-09-23 07:28:34.716000,2020-09-23 07:28:37.288000
2ivfu3dhv5nhxcpj,failed,not_found,48,F8DE8132E599A194E20DDB738AF64A7200CD5949,E223385680ADBA057CC2EB27CB19F0D417689933,722BA3958D6F4B9A7CE927001CE7FED8625A749E,CD9549ED5A655BA47427A77835C55FF00EC1DA23,2020-09-23 07:28:37.288000,2020-09-23 07:28:39.524000
2ivfu3dhv5nhxcpj,failed,not_found,78,F8DE8132E599A194E20DDB738AF64A7200CD5949,E3F98C86C9E01138DD8EA06B1E660A0CDB4B2782,CA95B3584C44DED8107AF5B3D8C25C562CC64DD4,CD97DD0842A79184A7D057ECACEF7408C239C710,2020-09-23 07:28:39.524000,2020-09-23 07:28:41.741000
2ivfu3dhv5nhxcpj,failed,not_found,114,F8DE8132E599A194E20DDB738AF64A7200CD5949,898AA9A17ECBB05FEA4FE7418BD1C64F45D9A614,8EE28EAF0874AF9B03EBBD79B5EB5059E2547355,26220AEA188B8D0E47BB541E1A616EB3AD70295F,2020-09-23 07:28:41.742000,2020-09-23 07:28:43.851000
2ivfu3dhv5nhxcpj,failed,not_found,171,F8DE8132E599A194E20DDB738AF64A7200CD5949,AC66FFA4AB35A59EBBF5BF4C70008BF24D8A7A5C,ACF8FC6C14032A045B44F6B98525EE5C0472DD50,26B09A4C9F6A9D4815DB46EBA3626A0ED8D71E8F,2020-09-23 07:28:43.852000,2020-09-23 07:28:46.391000
tldfiz2yjfo357eu,failed,not_found,9,F8DE8132E599A194E20DDB738AF64A7200CD5949,B4A96C0852DD0841579D33E09A98D641EACCD73E,5B1F0DAF378A1FAFCFD5FA9CDC66D1023DC0276E,26B09A4C9F6A9D4815DB46EBA3626A0ED8D71E8F,2020-09-23 07:28:31.027000,2020-09-23 07:28:34.147000
tldfiz2yjfo357eu,failed,not_found,15,F8DE8132E599A194E20DDB738AF64A7200CD5949,BD6FFF1AD5A88A8D43870D43EC4450081B4B2BBA,CD5CF125FED4BE5DA5F259F75AF3D4DD182C54D0,26220AEA188B8D0E47BB541E1A616EB3AD70295F,2020-09-23 07:28:34.148000,2020-09-23 07:28:35.509000
tldfiz2yjfo357eu,failed,not_found,32,F8DE8132E599A194E20DDB738AF64A7200CD5949,885CFB6921E6E7716BB64783348DDB06E17E5B5A,6245DC873D6F613C795D48663D65BD8A2266CAF6,25F49247646F1F9C9C4B31217AE004308B271359,2020-09-23 07:28:35.509000,2020-09-23 07:28:38.598000
tldfiz2yjfo357eu,failed,not_found,47,F8DE8132E599A194E20DDB738AF64A7200CD5949,CDA9361C072A86719AA3D5A283F5BFBCBF82133B,74F44514E060866912DFFE1554D0D135C9DC5148,1DBACC31486FC670FBD403FAE877342EC696D598,2020-09-23 07:28:38.599000,2020-09-23 07:28:39.785000
tldfiz2yjfo357eu,failed,not_found,81,F8DE8132E599A194E20DDB738AF64A7200CD5949,23A2D8DDF761F35CC63BDF65E604B76A7E2F6971,950134F4ABA3291EEE4E7A2F26546DB7070776A4,1DC17C4A52A458B5C8B1E79157F8665696210E10,2020-09-23 07:28:39.786000,2020-09-23 07:28:41.944000
tldfiz2yjfo357eu,failed,not_found,116,F8DE8132E599A194E20DDB738AF64A7200CD5949,1C0736CF3744A3B87C2D2269B8BD3388C7E60552,4B483F57D9660EBF33FA3CCA670FFD1BBB0F315A,1DC6E52ADB9FE4346CEFC05C6916D8B8F7F66D1C,2020-09-23 07:28:41.945000,2020-09-23 07:28:44.225000
kefjlsphav3bfsgv,failed,not_found,12,F8DE8132E599A194E20DDB738AF64A7200CD5949,0B25110BA3473A6DC04AB58A3A0D5E4D6922A0E0,8D89D606CC7057124916A6616C4C1936ABEE9E88,4CA8D07878F86ED5B64B4B89030FF4616067210F,2020-09-23 07:28:32.019000,2020-09-23 07:28:35.630000
kefjlsphav3bfsgv,failed,not_found,33,F8DE8132E599A194E20DDB738AF64A7200CD5949,FD7ED9F4871E2EC46035FC602960EACC32E08FF8,022A5535F42B1A9F9AA755C4EAB5F36FEF9781D8,4CA64E677ECFF23B138CFE70A6A02E94BDF3A805,2020-09-23 07:28:35.631000,2020-09-23 07:28:37.648000
kefjlsphav3bfsgv,failed,not_found,56,F8DE8132E599A194E20DDB738AF64A7200CD5949,F4A4D78F16E9A0353AD5BBEF4632C7022E20FB20,FC30F566E7B50D9C6ED6BB86DA4BF4B07AD52DE5,52BFADA8BEAA01BA46C8F767F83C18E2FE50C1B9,2020-09-23 07:28:37.649000,2020-09-23 07:28:39.888000
kefjlsphav3bfsgv,failed,not_found,84,F8DE8132E599A194E20DDB738AF64A7200CD5949,A79F94117D73D4AFA4BCE340A3CB6E345C817594,19D353B8AA0927DF82CB26E0396C57BE27C0ACC5,4C8B019E2B132FDD831419E13F59E7B7FA80476A,2020-09-23 07:28:39.889000,2020-09-23 07:28:42.114000
kefjlsphav3bfsgv,failed,not_found,126,F8DE8132E599A194E20DDB738AF64A7200CD5949,63540827C4832D214984EA47B7A68C593F9F862F,CD9BFE309010778D64ED5E55D5EEAA92B2020DE8,52B68764E26CB04DAE3ABE1FA01826EF27376C68,2020-09-23 07:28:42.114000,2020-09-23 07:28:44.779000
kefjlsphav3bfsgv,failed,not_found,200,F8DE8132E599A194E20DDB738AF64A7200CD5949,AC66FFA4AB35A59EBBF5BF4C70008BF24D8A7A5C,6ED3BE22B2261258017B3F0584706265985D7AE9,52C189FF01FDF7FA177D6678C34D362F7BC45E85,2020-09-23 07:28:44.779000,2020-09-23 07:28:47.969000
ciqerlts7ws6ksx4,failed,not_found,13,F8DE8132E599A194E20DDB738AF64A7200CD5949,7C22E89AB620E77DF1B4A33787A5EC3F2AB4A8D1,56784608242CB15B70ED6CBB8F40EEA3B62AF69E,1F41A5EFA69442AD49635074833945523A7D2145,2020-09-23 07:28:32.020000,2020-09-23 07:28:36.150000
ciqerlts7ws6ksx4,failed,not_found,25,F8DE8132E599A194E20DDB738AF64A7200CD5949,58E89A05564E6844FACC5D78A73EF593222561A2,E2AB420FC7D9513C79D034BEF9A977635E4E7851,366EF9AC18388CE15002C7FB32A6C85AEE9EA03A,2020-09-23 07:28:36.151000,2020-09-23 07:28:37.551000
ciqerlts7ws6ksx4,failed,not_found,53,F8DE8132E599A194E20DDB738AF64A7200CD5949,31FC0066DA78D1464A2542E8D9EBF6FD6F99AE1E,02758CD398E3F842EF82478078AAAE0273770DB2,1F509589F7F70B69A38719A201451CF4B70F89C6,2020-09-23 07:28:37.552000,2020-09-23 07:28:39.804000
ciqerlts7ws6ksx4,failed,not_found,82,F8DE8132E599A194E20DDB738AF64A7200CD5949,A977FA8FE8E1B00C05F86D114BD2336C3A9F1D8F,10192D0D83B2439FA4B3FF35C5FA8AAE845B7BF3,1F5D00297D1B9FCC09CCDE62CA1043E3621FA973,2020-09-23 07:28:39.804000,2020-09-23 07:28:41.927000
ciqerlts7ws6ksx4,failed,not_found,115,F8DE8132E599A194E20DDB738AF64A7200CD5949,04DFE047ACDF7A6620ACA782FAFC5EF1AE7F4754,FF21B755C60C998E25EDC5864F709C2ED5C38F9D,365F393040AA2979DC01D102F5052CAD048F42F7,2020-09-23 07:28:41.927000,2020-09-23 07:28:44.179000
ciqerlts7ws6ksx4,failed,not_found,181,F8DE8132E599A194E20DDB738AF64A7200CD5949,8A136F5D0DACBBB6D8537DA4A806C44EF7E9037B,6940247E04C839D268543E7F62566A91E40567E3,3655BA69BDB86299057FDE2FF1A788003BE1043D,2020-09-23 07:28:44.179000,2020-09-23 07:28:47.157000
cacejnrxyibcjcye,failed,not_found,14,F8DE8132E599A194E20DDB738AF64A7200CD5949,73E8A55B158FE750AAF711B402D3702E3FC395EE,1A002B6E163D502F23381391718E11A568976403,DC9564AE8BC7BF5F722E3677C897ED1B578C8D81,2020-09-23 07:28:32.021000,2020-09-23 07:28:35.069000
cacejnrxyibcjcye,failed,not_found,30,F8DE8132E599A194E20DDB738AF64A7200CD5949,A2C6C931D8627C6605288970889DDB88C7BA2142,216D8778B43123805F3FE3D7157223F34EF74A40,B55B11A739C43396B10CC621D9C9F9D7F3A8CDE4,2020-09-23 07:28:35.070000,2020-09-23 07:28:37.629000
cacejnrxyibcjcye,failed,not_found,54,F8DE8132E599A194E20DDB738AF64A7200CD5949,5B4D6B845AC3CC97EB3169D0C774469364322948,A98F492F6531AE3A068DD35395CA9F5BE8F0355C,DCAA176F75B04287131C6D78B7CFDDAC6F2691D9,2020-09-23 07:28:37.630000,2020-09-23 07:28:39.645000
cacejnrxyibcjcye,failed,not_found,60,F8DE8132E599A194E20DDB738AF64A7200CD5949,5F0BFF8BF2C7528E41DB149245F4736C75CC7779,CD052DE28C5C790D043C96571A5E66B3C2ACDBEF,DCB5A6BF7EC2D8277459E288115706286C4B9C86,2020-09-23 07:28:39.645000,2020-09-23 07:28:40.836000
cacejnrxyibcjcye,failed,not_found,93,F8DE8132E599A194E20DDB738AF64A7200CD5949,754CB99117E6ED570DFCFB7D9F12674B97A4E28E,A20CB2416BDECC60B681FEE20113361DB7DDE5DB,B56B9FE93F83B4FA69234B17A060E8A8E7446D19,2020-09-23 07:28:40.837000,2020-09-23 07:28:43.195000
cacejnrxyibcjcye,,,,,,,B576A394DFC12B7E900D643C900484765D58C30F,2020-09-23 07:28:43.195000,
eltfz3eg4xlxtv6v,failed,not_found,18,F8DE8132E599A194E20DDB738AF64A7200CD5949,E7C1FAFB7525149A0E911512F511D942BA5EEAAF,B644F1C0FB7992E653060308326540EC9BEB8BE8,97E6A009185FCF2A58D884545E4E18FF612B7B06,2020-09-23 07:28:32.998000,2020-09-23 07:28:35.915000
eltfz3eg4xlxtv6v,failed,not_found,36,F8DE8132E599A194E20DDB738AF64A7200CD5949,9A51C5D79C30B9F3B527EC77EF901DDAB76C3AB5,272AC842521666E3D1B0E5EAFAC79EF73EC88972,979B2E677F6D94820CD8D645626ED776DCB1CB6C,2020-09-23 07:28:35.915000,2020-09-23 07:28:38.470000
eltfz3eg4xlxtv6v,failed,not_found,62,F8DE8132E599A194E20DDB738AF64A7200CD5949,6B9EA8927AB6E94E216067E65372182343A5AFA2,225A8EA367DF3073433E0A845DDDA26D2357E4C6,D76C32DE1D6845B9D971F300EFE7449238C4AC08,2020-09-23 07:28:38.470000,2020-09-23 07:28:40.928000
eltfz3eg4xlxtv6v,failed,not_found,94,F8DE8132E599A194E20DDB738AF64A7200CD5949,2F69F8C4DC02DD15A39BFDB4078A791D89ECEAA2,E7882187F6FA695450719FD3738D640FBDFF5D48,D777D31F95081D0F7223AAD5F8A74977D524145D,2020-09-23 07:28:40.928000,2020-09-23 07:28:42.994000
eltfz3eg4xlxtv6v,failed,not_found,134,F8DE8132E599A194E20DDB738AF64A7200CD5949,70B547336C6AC4ADD674EACEB4B9CCA8C02C04F1,1A3AC11BF85CE386E19863F5CDF7769BA30E4A06,D76C97B6116E7A153B67B77B656F9C5E8D65D3C1,2020-09-23 07:28:42.994000,2020-09-23 07:28:46.089000
eltfz3eg4xlxtv6v,failed,not_found,257,F8DE8132E599A194E20DDB738AF64A7200CD5949,594193E51F382E34080D76B5ECAF5C7B67CF05EF,2F70D1E08A3C15D32B909B4CD802CD1ED8F784E2,97D2A26EA5C9972E66D23F4698E94DBDBA8F6C18,2020-09-23 07:28:46.090000,2020-09-23 07:28:49.182000
ajma35n3tuy324lz,failed,not_found,19,F8DE8132E599A194E20DDB738AF64A7200CD5949,63540827C4832D214984EA47B7A68C593F9F862F,E7882187F6FA695450719FD3738D640FBDFF5D48,BB264DD1A7689EED7F8AF892BA783FBCC66B3635,2020-09-23 07:28:33.031000,2020-09-23 07:28:36.212000
ajma35n3tuy324lz,failed,not_found,41,F8DE8132E599A194E20DDB738AF64A7200CD5949,0FE31E8B143BCA123905993356D1DE49C715E455,F5F4019509109A07E90C45A022CEED9ECA1643C8,9A0AAF2E43BE3744CD1D6CD532C861F5A568F7A9,2020-09-23 07:28:36.213000,2020-09-23 07:28:38.770000
ajma35n3tuy324lz,failed,not_found,66,F8DE8132E599A194E20DDB738AF64A7200CD5949,5790B62AD6C79A1092B30993A8F0F7F23A969FD6,45D67EDBFE0A61F9784F34A88DA6D5E13C397786,BBBBBAD453263D786EC34AB68A06214288910345,2020-09-23 07:28:38.771000,2020-09-23 07:28:41.321000
ajma35n3tuy324lz,failed,not_found,104,F8DE8132E599A194E20DDB738AF64A7200CD5949,E81993EA52B73285CFFD02FEC003569D21483001,343EC037D633150AFFCC8471E805AABAE1B1D871,9A1B4E6D96C9321657FA31036A54C4216EE978A2,2020-09-23 07:28:41.321000,2020-09-23 07:28:43.852000
ajma35n3tuy324lz,failed,not_found,173,F8DE8132E599A194E20DDB738AF64A7200CD5949,148487C6EBE04EB22496080C20796C51B060F611,724E86E7F5DA715529DC0ECAA013AE4BDC680E4C,BB5630967607D8A8B6CA854AF954FE8372D1662A,2020-09-23 07:28:43.852000,2020-09-23 07:28:46.535000
ajma35n3tuy324lz,failed,not_found,274,F8DE8132E599A194E20DDB738AF64A7200CD5949,1A002B6E163D502F23381391718E11A568976403,881F09279F94E9AAD3DE30727DF3AD7C2CE900DF,9A08E378EA3FA18183CB0522D7665550E1B42BB4,2020-09-23 07:28:46.535000,2020-09-23 07:28:49.619000
fls6emtmfm6fjrmv,failed,not_found,20,F8DE8132E599A194E20DDB738AF64A7200CD5949,62326F738A16C74CFC048768FBC9E81AE13A08FE,24352D30196BEFE5BB29A50923F79A2804527611,AED4A69836630A3375845006B5AAD03BFA3F96DC,2020-09-23 07:28:33.032000,2020-09-23 07:28:35.915000
fls6emtmfm6fjrmv,failed,not_found,37,F8DE8132E599A194E20DDB738AF64A7200CD5949,FE1AF5E909002134BFF834F4AD5E1DE723779002,5FB384605F53DCBF1CB02143D318DA3E8EE38A24,3DCFC8F04E088BB33228FED97662D4E87B0F195A,2020-09-23 07:28:35.916000,2020-09-23 07:28:38.134000
fls6emtmfm6fjrmv,failed,not_found,57,F8DE8132E599A194E20DDB738AF64A7200CD5949,7992F172EDBE69B99F0190651BAC14DD0FD9E5C8,5B1F0DAF378A1FAFCFD5FA9CDC66D1023DC0276E,AECF23413E12738380C7B61E0AF5126D47DF30E3,2020-09-23 07:28:38.134000,2020-09-23 07:28:40.592000
fls6emtmfm6fjrmv,failed,not_found,90,F8DE8132E599A194E20DDB738AF64A7200CD5949,F0C9513539800F762ECAE37F16370D7CBA5E52C2,3E3CBA3F2870CE76A41D3E97A8D838AA703586E3,3DAEC5687EAB19CC9FBE98303780137E143236AB,2020-09-23 07:28:40.592000,2020-09-23 07:28:42.861000
fls6emtmfm6fjrmv,failed,not_found,132,F8DE8132E599A194E20DDB738AF64A7200CD5949,890480E14E634C8B4467C475E355A6FBF3D99CD5,42B4F52C5B11E4D39855F654955425B0D5A0598B,AEC8A42DE8F9CB115E2479D78AE1CA4BCCF54F4A,2020-09-23 07:28:42.862000,2020-09-23 07:28:45.037000
fls6emtmfm6fjrmv,failed,not_found,212,F8DE8132E599A194E20DDB738AF64A7200CD5949,8BE79CE3261C027CE94F84D6CBE45F03BE9B8B59,22E1D1DB4723A174E713B1BF4073DAC1C25351B3,3DC748C2DFF1F8E9DA5626BB3CBAAFF31D706C10,2020-09-23 07:28:45.038000,2020-09-23 07:28:47.755000
5arc6q3zjhm4m7gq,failed,not_found,10,F8DE8132E599A194E20DDB738AF64A7200CD5949,15FEE423DFF8AF9E2E081959B0C6326072C60DA1,EFA2E7B073AA4CE2DAF7160F23C90DB805948F4A,64FC9B3852BA7EC74E79BD4099D850C338009E77,2020-09-23 07:28:33.984000,2020-09-23 07:28:35.665000
5arc6q3zjhm4m7gq,failed,not_found,34,F8DE8132E599A194E20DDB738AF64A7200CD5949,761A60D0364D9AA03114F72550483287ED060B2D,CE1FD7659F2DFE92B883083C0C6C974616D17F3D,45FD401243854294783CD83673613FF565D9A662,2020-09-23 07:28:35.666000,2020-09-23 07:28:38.172000
5arc6q3zjhm4m7gq,failed,not_found,67,F8DE8132E599A194E20DDB738AF64A7200CD5949,84F0FEBFDFA8FBC6A2EA27F87EBB31F050AFD04D,2BAF092E8667C00CA3D9686C76D8EC3CC6BC7C5B,460E5B882770C19761BC5747541913DB2AD01E35,2020-09-23 07:28:38.173000,2020-09-23 07:28:41.613000
5arc6q3zjhm4m7gq,failed,not_found,216,F8DE8132E599A194E20DDB738AF64A7200CD5949,4E81EA3528D6FB79B10B0F11C6FC96CE1C060021,C2B1BF766B95CF7B8B381357F6C376461B58DEB8,64E257D94E739278D5954CC820C9D7EAC4E7A7B7,2020-09-23 07:28:41.613000,2020-09-23 07:28:47.561000
5arc6q3zjhm4m7gq,failed,not_found,312,F8DE8132E599A194E20DDB738AF64A7200CD5949,F94A7BAC5D1E3D9372437141E10695A625B8B533,A597AC866E40CAB5A67759ADE4942192E99DE684,46053D5D5916F20C333406F16911711AB55164C0,2020-09-23 07:28:47.562000,2020-09-23 07:28:50.286000
5arc6q3zjhm4m7gq,failed,not_found,455,F8DE8132E599A194E20DDB738AF64A7200CD5949,3E53D3979DB07EFD736661C934A1DED14127B684,E6D4332BF40FDEE7814F2DBC926650EF8032B643,64E764871F3CFD0BAEC040F2A06AD5A0B818610D,2020-09-23 07:28:50.287000,2020-09-23 07:28:53.923000
dd6wmwoo6qkwn4k2,failed,not_found,22,F8DE8132E599A194E20DDB738AF64A7200CD5949,F4A4D78F16E9A0353AD5BBEF4632C7022E20FB20,6B9EA8927AB6E94E216067E65372182343A5AFA2,7574975BA76DE0726231FC916DD70B09B3824CE5,2020-09-23 07:28:34,2020-09-23 07:28:36.781000
dd6wmwoo6qkwn4k2,failed,not_found,46,F8DE8132E599A194E20DDB738AF64A7200CD5949,D5607ADD1FDDB657482E23F09AB173310C802590,5790B62AD6C79A1092B30993A8F0F7F23A969FD6,B45B62C13CFD37235790359B4C81B017A70BE11A,2020-09-23 07:28:36.781000,2020-09-23 07:28:38.953000
dd6wmwoo6qkwn4k2,failed,not_found,141,F8DE8132E599A194E20DDB738AF64A7200CD5949,CE68E04E721157C4FEB99FFAA9037F3B0B7E1CCD,8A57DA2FFB5BA49C041EDE1A095E33E86EA756CC,75778F82E06573189429D553EBD8BD3CED8097C6,2020-09-23 07:28:38.954000,2020-09-23 07:28:45.941000
dd6wmwoo6qkwn4k2,failed,not_found,241,F8DE8132E599A194E20DDB738AF64A7200CD5949,D408EA531AA2FA90F25BD14283D38FDBB2094BA3,10A5EFCCD2FB9C1A4AC20FB779A5DB11B58957A7,7584319D0E19DAE85621223E2A22F92123EAB815,2020-09-23 07:28:45.941000,2020-09-23 07:28:48.652000
dd6wmwoo6qkwn4k2,failed,not_found,366,F8DE8132E599A194E20DDB738AF64A7200CD5949,DC40A59D4D744F2C3C7A655EC6BF3A59AFA1C66C,4EACB1DF4BD42524AEA6A1B8026617B1BF59045C,B48AC5F547DBB847EFB88480BFB86D41211ED617,2020-09-23 07:28:48.653000,2020-09-23 07:28:53.650000
dd6wmwoo6qkwn4k2,failed,not_found,624,F8DE8132E599A194E20DDB738AF64A7200CD5949,64E257D94E739278D5954CC820C9D7EAC4E7A7B7,D6E4F36157A6795FC8E3515A595A4BFC80F150E4,B4598727C0B2A1313AB9DE822EDC6ECFDCC78FC0,2020-09-23 07:28:53.651000,2020-09-23 07:28:58.429000
loecwcrfedq5s32c,failed,not_found,23,F8DE8132E599A194E20DDB738AF64A7200CD5949,20CD933EDC7260B19040475B24FD6B01B73E94BB,66BD39FE805AED414ADE400CAAD862C9CC3AC34E,CF8CC4763298F77FF64DAF340D26D1BBF3362C5B,2020-09-23 07:28:34.019000,2020-09-23 07:28:37.213000
loecwcrfedq5s32c,failed,not_found,31,F8DE8132E599A194E20DDB738AF64A7200CD5949,71EFE4314646C4613895509723BFD354D8EABCAF,950134F4ABA3291EEE4E7A2F26546DB7070776A4,CF773DE0B4F537BB80DA35643299403B7BF11AFA,2020-09-23 07:28:37.213000,2020-09-23 07:28:39.011000
loecwcrfedq5s32c,failed,not_found,70,F8DE8132E599A194E20DDB738AF64A7200CD5949,0289A02185EE16A12E8701563F72EAD3EE225B93,12D552E8AF7AA2B71B218B5BBF6A5FEFA6F26BA0,CF7D2B4BECD17E04FA0D604229888F91D1665C01,2020-09-23 07:28:39.011000,2020-09-23 07:28:40.957000
loecwcrfedq5s32c,failed,not_found,112,F8DE8132E599A194E20DDB738AF64A7200CD5949,FD2F9B881AC640100C428DF47DC9A863DC2F2536,58F3E2956EABB81F673E2FB90E16E001DB4AC3AE,63B32F7E5389E8DBC5E1BCEFE48312DA7CCEF5D6,2020-09-23 07:28:40.958000,2020-09-23 07:28:43.827000
loecwcrfedq5s32c,failed,not_found,169,F8DE8132E599A194E20DDB738AF64A7200CD5949,461453F94FA0E3CBB011685E22CDAFD2AF0DFDC3,3F065BB0B02FB2303E144383D16C47A7DED75AE7,63A0D1B0E499ACC5510697384DBCAC16A18B0B5E,2020-09-23 07:28:43.827000,2020-09-23 07:28:46.519000
loecwcrfedq5s32c,,,,,,,638D91FC9EF661348A6994D04C3499BC03F50BBE,2020-09-23 07:28:46.520000,
6pz66gcaradfyvqd,failed,not_found,27,F8DE8132E599A194E20DDB738AF64A7200CD5949,A2C6C931D8627C6605288970889DDB88C7BA2142,AE95BDA37A5BB4685FEBB7F06649D6CE949B5316,5924EF84AAD21073CD58515D1643553A77D7B35F,2020-09-23 07:28:35.006000,2020-09-23 07:28:37.309000
6pz66gcaradfyvqd,failed,not_found,49,F8DE8132E599A194E20DDB738AF64A7200CD5949,9C060A1D5E10BBD4BEF9BCEFB29D33E07EBEF502,088A6237EED87EDEB0E1E3AD0A4A419F963F0787,71CFDEB4D9E00CCC3E31EC4E8A29E109BBC1FB36,2020-09-23 07:28:37.309000,2020-09-23 07:28:39.549000
6pz66gcaradfyvqd,failed,not_found,79,F8DE8132E599A194E20DDB738AF64A7200CD5949,BF0FB582E37F738CD33C3651125F2772705BB8E8,E5CC82DF823F15F9EEF99F22BFB1F3CC5F5076EF,594193E51F382E34080D76B5ECAF5C7B67CF05EF,2020-09-23 07:28:39.550000,2020-09-23 07:28:41.613000
6pz66gcaradfyvqd,failed,not_found,111,F8DE8132E599A194E20DDB738AF64A7200CD5949,81A1D777C023EBB1DEE9E7FA8735629BA8F7497C,00C22D3BC1822EB8EA380AF04245337399E796E2,595E9FA86E06021D53465FF0365C7FF92A4A115D,2020-09-23 07:28:41.614000,2020-09-23 07:28:43.795000
6pz66gcaradfyvqd,failed,not_found,164,F8DE8132E599A194E20DDB738AF64A7200CD5949,3D5D6178C44537E3692853B344385F6572A55767,0085057C17BD2E1809E284825F06F94E72FB418C,71C7D2AC5C0346AE3757FE3CDB3836976B85E96C,2020-09-23 07:28:43.796000,2020-09-23 07:28:46.094000
6pz66gcaradfyvqd,failed,not_found,263,F8DE8132E599A194E20DDB738AF64A7200CD5949,AD3E0998B5872256689E3CC4FE97B7E194D22960,DB5DE88B4914F60CDEEF581ECCA8DEA59EF26A90,71C924A772F69451FE97FE5A9025DEDDEF3DB664,2020-09-23 07:28:46.095000,2020-09-23 07:28:49.619000
6rog7esnlydmckun,failed,not_found,28,F8DE8132E599A194E20DDB738AF64A7200CD5949,43FF3346A3F8E4ED27F631DC956C4CD8D6173D7A,D80EA21626BFAE8044E4037FE765252E157E3586,023EBBC57BEB7F45473B3DC2AA811FB3AABA4466,2020-09-23 07:28:35.027000,2020-09-23 07:28:37.645000
6rog7esnlydmckun,failed,not_found,42,F8DE8132E599A194E20DDB738AF64A7200CD5949,05349C0F35C5635A708888004F8B022931E8BEE6,92F8962A69B523C9DF1E9D71AD6871E4EF8B6B2A,025B66CEBC070FCB0519D206CF0CF4965C20C96E,2020-09-23 07:28:37.645000,2020-09-23 07:28:40.640000
6rog7esnlydmckun,failed,not_found,91,F8DE8132E599A194E20DDB738AF64A7200CD5949,DD3F8B9643B1EA35353FC7331C92F99668A7F30C,D65DB84BF1EB4DD225B9A1CD9CEFD87B595A30F5,BBBBBAD453263D786EC34AB68A06214288910345,2020-09-23 07:28:40.641000,2020-09-23 07:28:43.704000
6rog7esnlydmckun,failed,not_found,158,F8DE8132E599A194E20DDB738AF64A7200CD5949,84CB0782C8CA81A7263EE86F321EDFECC611369A,1CD48F4ED0F1821FFBF1940802A13EEFD4C27502,02740F472D1DA5C1B77475F18940FE79F15AF4B8,2020-09-23 07:28:43.705000,2020-09-23 07:28:46.091000
6rog7esnlydmckun,failed,not_found,344,F8DE8132E599A194E20DDB738AF64A7200CD5949,875F74A3DC14737BECA06F8B500022154D1A29D1,A2C6C931D8627C6605288970889DDB88C7BA2142,BBD1B1A22695396C75DFF338A8FF7A12804A607A,2020-09-23 07:28:46.091000,2020-09-23 07:28:50.949000
6rog7esnlydmckun,failed,not_found,426,F8DE8132E599A194E20DDB738AF64A7200CD5949,7C5C0E83CA290FFF6D5E30D9E0E3FFC9BAE0D0C5,8859E68A7C95BD5AB403F16DAD92681E184D3710,BBD8F4DF8FF5C69A6A989DB8C1EE2CA7ADFE0755,2020-09-23 07:28:50.950000,2020-09-23 07:28:52.988000
a6wutvuoas3cqeso,failed,not_found,29,F8DE8132E599A194E20DDB738AF64A7200CD5949,B97CF770ECD2D4298A505E84A8C8A5ABFCA08887,1804C06A266F0DA26DF58CD559E01C2F7C3FC42A,85D895B55F1A021663D441587F4FD822082E73C9,2020-09-23 07:28:35.048000,2020-09-23 07:28:37.630000
a6wutvuoas3cqeso,failed,not_found,55,F8DE8132E599A194E20DDB738AF64A7200CD5949,F0C9513539800F762ECAE37F16370D7CBA5E52C2,6565F31D9EC0C7DFFEA1920BE3BA4C73EF35B5C4,85FB52CF11DC1F7DB0CF16F5F2F5939AA7736A86,2020-09-23 07:28:37.631000,2020-09-23 07:28:40.248000
a6wutvuoas3cqeso,failed,not_found,88,F8DE8132E599A194E20DDB738AF64A7200CD5949,D237E2F1FE64CA47F40544CB53403ABF8F51C3D8,3FF88CAE0BCE85191D8DBBD0BE0E62156AB631AB,8B5A19B1596DAD4C89E025BE2CBA3424AE943693,2020-09-23 07:28:40.248000,2020-09-23 07:28:42.876000
a6wutvuoas3cqeso,failed,not_found,133,F8DE8132E599A194E20DDB738AF64A7200CD5949,A0BD104E35D36F5630B01EB5370597EB09204C99,CEC92F3BE8A2F3A46D3C042721D6BDBF2F40F4C5,8B1CC76D6D1370A67263628D4CBC01B62903D0BF,2020-09-23 07:28:42.877000,2020-09-23 07:28:44.938000
a6wutvuoas3cqeso,failed,not_found,204,F8DE8132E599A194E20DDB738AF64A7200CD5949,724E86E7F5DA715529DC0ECAA013AE4BDC680E4C,E6C04728E9339DF22F331B7017D4A7AA3F252F0B,85ED839A03D10C46219609625D7FEAE59EDCCFDD,2020-09-23 07:28:44.939000,2020-09-23 07:28:47.266000
a6wutvuoas3cqeso,failed,not_found,251,F8DE8132E599A194E20DDB738AF64A7200CD5949,A751D8BEE222564B7BA657F74B6658836FF1AEEA,84BE4038DAD99815D76B111116DAEF1AAEE252F7,8B496F3EF3BF5CC32A4C20ECDBEC2A06E7EA4357,2020-09-23 07:28:47.267000,2020-09-23 07:28:49.244000
fxjfoiyck2fh6467,failed,not_found,140,F8DE8132E599A194E20DDB738AF64A7200CD5949,81E18725397D620DA548ABBE24D9CD263DEF2FDC,17ABA734572DBB1050CF3800F0DD145BAE7ED9A7,723E21FD6F91905E84E583D4619A2D1E282B8180,2020-09-23 07:28:35.986000,2020-09-23 07:28:45.573000
fxjfoiyck2fh6467,failed,not_found,182,F8DE8132E599A194E20DDB738AF64A7200CD5949,64E257D94E739278D5954CC820C9D7EAC4E7A7B7,DA9E02BB8080E473157052F70439B7886AA8569D,72411A2CE6EB24D8CDA8688A6B3A55CC1290D441,2020-09-23 07:28:45.573000,2020-09-23 07:28:46.496000
fxjfoiyck2fh6467,failed,not_found,346,F8DE8132E599A194E20DDB738AF64A7200CD5949,594193E51F382E34080D76B5ECAF5C7B67CF05EF,065E6B20BF87AE6F0E27063BB8AE002ECC3736E9,724E86E7F5DA715529DC0ECAA013AE4BDC680E4C,2020-09-23 07:28:46.497000,2020-09-23 07:28:51.224000
fxjfoiyck2fh6467,failed,not_found,501,F8DE8132E599A194E20DDB738AF64A7200CD5949,F37374DB9FA6EF14CED64FD294E8D8683F032EC8,6222334659111D99DE9D26970ACC4022B290DFD0,17ABA734572DBB1050CF3800F0DD145BAE7ED9A7,2020-09-23 07:28:51.224000,2020-09-23 07:28:54.505000
fxjfoiyck2fh6467,failed,not_found,682,F8DE8132E599A194E20DDB738AF64A7200CD5949,F7ACB36752F2D27A03800E505D1599F26C981B53,A7D17597A67F0AD64EE1F3A414A0ADCA00801747,181B745BC37CA8DA49B01FAB3933747F99983656,2020-09-23 07:28:54.505000,2020-09-23 07:28:58.529000
fxjfoiyck2fh6467,failed,not_found,858,F8DE8132E599A194E20DDB738AF64A7200CD5949,72C2EB697C3CD4CE7408359B386DEE6B2888F714,3B4C5729F829CA2E895B81AF834A63DB336D0FFE,17CC4D25E33993D011CDA6E68806435FFFD2E6C7,2020-09-23 07:28:58.529000,2020-09-23 07:29:03.100000
gybwaowq4xofwuul,failed,not_found,39,F8DE8132E599A194E20DDB738AF64A7200CD5949,2BB85DC5BD3C6F0D81A4F2B5882176C6BF7ECF5A,8EC7FE7F2A1189EB79A07C02FB3F1FD57132E42D,0A2CE9D88D3BA28410EE3B24BD4DC16598753462,2020-09-23 07:28:36.002000,2020-09-23 07:28:38.770000
gybwaowq4xofwuul,failed,not_found,65,F8DE8132E599A194E20DDB738AF64A7200CD5949,C1335B1DB938644FCD54EE744D91354F94EDD1BC,60A9E1FE4D020383A4A0FE58E5950983D08D65E7,576F242DC99996D31FFEF6DD5E083FD439ECF4C7,2020-09-23 07:28:38.770000,2020-09-23 07:28:41.063000
gybwaowq4xofwuul,failed,not_found,189,F8DE8132E599A194E20DDB738AF64A7200CD5949,1C0736CF3744A3B87C2D2269B8BD3388C7E60552,5FB384605F53DCBF1CB02143D318DA3E8EE38A24,0A4ED4C74020740A904F3A9936030B7A4C6170BB,2020-09-23 07:28:41.064000,2020-09-23 07:28:46.611000
gybwaowq4xofwuul,failed,not_found,280,F8DE8132E599A194E20DDB738AF64A7200CD5949,33925888F5DB4CD014E5718CB3B1FC82BFE1AD37,F006B0489AF7D6A13CD55A4F14C90593812458F6,0A2366980A2842D770EF8E136A7DA14876360447,2020-09-23 07:28:46.611000,2020-09-23 07:28:49.721000
gybwaowq4xofwuul,failed,not_found,414,F8DE8132E599A194E20DDB738AF64A7200CD5949,E8BAE7393740A700D50B010DED9D9EC9A66B390D,72C2EB697C3CD4CE7408359B386DEE6B2888F714,573EA7F927259DBF7DC6CDF0C99C592635AE686D,2020-09-23 07:28:49.722000,2020-09-23 07:28:52.696000
gybwaowq4xofwuul,failed,not_found,577,F8DE8132E599A194E20DDB738AF64A7200CD5949,890530C5B510A506F5CF206EFEC1595F96E727A5,3D636FB9D24EA781C3C2766C051064C6CA1C0D96,575F15A0A41B951BEE03E25B2A0A3FC3E8D7C7D1,2020-09-23 07:28:52.697000,2020-09-23 07:28:56.716000
6e7x3lu7bqhjd44w,failed,not_found,40,F8DE8132E599A194E20DDB738AF64A7200CD5949,A2CBEC70217814A9DFB21069F8510BE418ABB094,6B9EA8927AB6E94E216067E65372182343A5AFA2,A44062AE3484310CE728BBD7769E9CD44C09FBB0,2020-09-23 07:28:36.015000,2020-09-23 07:28:38.173000
6e7x3lu7bqhjd44w,failed,not_found,59,F8DE8132E599A194E20DDB738AF64A7200CD5949,39DF2E6803720BC0750FA69872A3E3F432108BA0,F2D09EBC1F1BD97A7EEF896D015D6BB9C6874753,74A55E12F6A9FD17165A356C00407F4D206E8368,2020-09-23 07:28:38.173000,2020-09-23 07:28:41.048000
6e7x3lu7bqhjd44w,failed,not_found,97,F8DE8132E599A194E20DDB738AF64A7200CD5949,0516A1A5836825F58848D47B91F47CB593B58D54,4CD4DFFEF3971C902A22100D911CAC639BE2EF5C,A452410658C4F2986381839633CDB98FBFCBCAAF,2020-09-23 07:28:41.049000,2020-09-23 07:28:43.399000
6e7x3lu7bqhjd44w,failed,not_found,147,F8DE8132E599A194E20DDB738AF64A7200CD5949,56927E61B51E6F363FB55498150A6DDFCF7077F2,6CFC47B46E42A9D76D47B911FB719E65308014EE,A466DC1C546053060940AB279F1EA967167ECACB,2020-09-23 07:28:43.399000,2020-09-23 07:28:46.091000
6e7x3lu7bqhjd44w,failed,not_found,425,F8DE8132E599A194E20DDB738AF64A7200CD5949,FD2F9B881AC640100C428DF47DC9A863DC2F2536,72270EB58EDEBE727AA29E67417628DBCE889FAE,749EF4A434DFD00DAB31E93DE86233FB916D31E3,2020-09-23 07:28:46.092000,2020-09-23 07:28:53.676000
6e7x3lu7bqhjd44w,failed,not_found,630,F8DE8132E599A194E20DDB738AF64A7200CD5949,DB621E29A90544FF5AC75E5BD0FEE679A6812F44,6FF440DFB1D0697B942357D747900CC308DD57CC,74A19D86DDF63F1133B414B81F36E1F44640811F,2020-09-23 07:28:53.676000,2020-09-23 07:28:57.509000
diutfnz4wml5tbpq,failed,not_found,50,F8DE8132E599A194E20DDB738AF64A7200CD5949,33D88F331408141F2A2CC563239E54E48F7A211B,82DA9678A0BAE60087AA68A3E1D6E6A2C4246D6D,27EE4854D03F81FAEA3884A44303BE00DEEEE555,2020-09-23 07:28:37.350000,2020-09-23 07:28:39.707000
diutfnz4wml5tbpq,failed,not_found,80,F8DE8132E599A194E20DDB738AF64A7200CD5949,F3A3461889BF97250F50A7BAAAE4A2B92062F6D7,F6AAFCFB722532DA3E2A54135000E672B9473835,27F3833453C4006DF1E21C6BF62E4FCD8E99DEF2,2020-09-23 07:28:39.707000,2020-09-23 07:28:42.042000
diutfnz4wml5tbpq,failed,not_found,124,F8DE8132E599A194E20DDB738AF64A7200CD5949,66DFC51E724E38DDCB3AB67DDF4C0BB0F1F49C0B,B53CCA073616E30BA3376EC40577FBBBFB812C2C,27D668BFB3839D8C6E36193FFC3DF4DD6D79B513,2020-09-23 07:28:42.042000,2020-09-23 07:28:45.307000
diutfnz4wml5tbpq,failed,not_found,221,F8DE8132E599A194E20DDB738AF64A7200CD5949,F29A5D7E317934CDFFFA3DD9B26AC9AB48CB1C6C,01B70C7C497FC8667DB5EB82C40D8F9214D6A484,F237DAC181708BEEFF180632CD7AB42ECA0ACF91,2020-09-23 07:28:45.307000,2020-09-23 07:28:47.949000
diutfnz4wml5tbpq,failed,not_found,598,F8DE8132E599A194E20DDB738AF64A7200CD5949,8C00FA7369A7A308F6A137600F0FA07990D9D451,B56B9FE93F83B4FA69234B17A060E8A8E7446D19,F23DBB7FD2C2109AAFF8AE23A454657A13D7202E,2020-09-23 07:28:47.950000,2020-09-23 07:28:56.695000
diutfnz4wml5tbpq,failed,not_found,776,F8DE8132E599A194E20DDB738AF64A7200CD5949,F117B31DF6A73D6F015BCEE4E6AB13474B18A16F,19D353B8AA0927DF82CB26E0396C57BE27C0ACC5,F24F8BEA2779A79111F33F6832B062BED306B9CB,2020-09-23 07:28:56.696000,2020-09-23 07:29:01.218000
7v65jfdnkmpatwnq,failed,not_found,51,F8DE8132E599A194E20DDB738AF64A7200CD5949,F001CD2A9E27B7E3ECD120951CAF968213967B31,5EF0AAAEEE7B1282DA0DBAB94669B73E39DD51B6,26B09A4C9F6A9D4815DB46EBA3626A0ED8D71E8F,2020-09-23 07:28:37.350000,2020-09-23 07:28:39.853000
7v65jfdnkmpatwnq,failed,not_found,83,F8DE8132E599A194E20DDB738AF64A7200CD5949,47175EA5C1B830AD72F2ED14C089B443758376E1,163303F0583A1917326214379BD1AB2D286046EA,25F49247646F1F9C9C4B31217AE004308B271359,2020-09-23 07:28:39.854000,2020-09-23 07:28:42.487000
7v65jfdnkmpatwnq,failed,not_found,129,F8DE8132E599A194E20DDB738AF64A7200CD5949,8404E8B8AAB98208FAEFB1727B637133AD9C6FAF,B0DB2F173F0DB364BABF7A465D796B3C048F1F33,8F1D70DE42C72120CE8E49287414DFCF94FFF1F2,2020-09-23 07:28:42.487000,2020-09-23 07:28:45.616000
7v65jfdnkmpatwnq,failed,not_found,282,F8DE8132E599A194E20DDB738AF64A7200CD5949,F025EF03C1C48D31E98416DC91B2F2D2E8AF7523,A59AD84F92B2E5A76EBFE3BE62D3B28AF9BFD127,26220AEA188B8D0E47BB541E1A616EB3AD70295F,2020-09-23 07:28:45.616000,2020-09-23 07:28:50.040000
7v65jfdnkmpatwnq,failed,not_found,373,F8DE8132E599A194E20DDB738AF64A7200CD5949,C215211F88FFCF8C6E70CC34C76DA0948E3DD24A,A597AC866E40CAB5A67759ADE4942192E99DE684,8F22AFDD06AA4238ADD93A8EA6FBC2BB9C652711,2020-09-23 07:28:50.040000,2020-09-23 07:28:51.666000
7v65jfdnkmpatwnq,failed,not_found,604,F8DE8132E599A194E20DDB738AF64A7200CD5949,B7826E5C7C22D696E42AE96B696F66C5E9D86984,3B3F451BD58F96DC0E8EB7D01F209FC8803C33DF,8F16229D5425774DCA566D7737596178153DB838,2020-09-23 07:28:51.667000,2020-09-23 07:28:56.814000
mcwk2p45fkh3zow7,failed,not_found,52,F8DE8132E599A194E20DDB738AF64A7200CD5949,573EA7F927259DBF7DC6CDF0C99C592635AE686D,5F58E9417DF94A66529864FA1134635614958A44,495B496867C84BBC92338301D924850F226E75DA,2020-09-23 07:28:37.368000,2020-09-23 07:28:40.591000
mcwk2p45fkh3zow7,failed,not_found,77,F8DE8132E599A194E20DDB738AF64A7200CD5949,138B95F9A10E8BEBA6B142ADAC7331765C61ACE4,E9F71AC06F29B2110E3FC09016B0E50407444EE2,DC3A65CF4E1BB0A0B98B438297E0C4171516122D,2020-09-23 07:28:40.591000,2020-09-23 07:28:41.718000
mcwk2p45fkh3zow7,failed,not_found,113,F8DE8132E599A194E20DDB738AF64A7200CD5949,7E317CFA44E7B6013DE4BC5F837C376A77179C72,B204DE75B37064EF6A4C6BAF955C5724578D0B32,49BC7301250F6D87BCD676DFC9AF22048F96F599,2020-09-23 07:28:41.719000,2020-09-23 07:28:44.331000
mcwk2p45fkh3zow7,failed,not_found,327,F8DE8132E599A194E20DDB738AF64A7200CD5949,021DDCD687FD505B7EA7E75DA6CEF0D778AA07FB,85041E7C5DF043B03F2C19421998F1751C002E49,DC26790B303AFF12256AF7D016BAA70C8A883450,2020-09-23 07:28:44.331000,2020-09-23 07:28:50.527000
mcwk2p45fkh3zow7,failed,not_found,458,F8DE8132E599A194E20DDB738AF64A7200CD5949,27C61AE08EBDD8B26B78992C7647D890269E9E03,ACA0B8702A6A0B890217A3D26B7220EB6E1CFFD1,DC2191663DD4BAECB34F949CCAC3FDA004CE5BCE,2020-09-23 07:28:50.527000,2020-09-23 07:28:53.904000
mcwk2p45fkh3zow7,failed,not_found,636,F8DE8132E599A194E20DDB738AF64A7200CD5949,BF0FB582E37F738CD33C3651125F2772705BB8E8,216D8778B43123805F3FE3D7157223F34EF74A40,49877399DD0E82FE123148361038823368F77193,2020-09-23 07:28:53.905000,2020-09-23 07:28:57.985000
pcifzrg74dfd3gnm,failed,not_found,71,F8DE8132E599A194E20DDB738AF64A7200CD5949,B22C4BF9747DBBC843F1BBBA272FDB7B6045EB01,35DBE43445BB44D817084200BA05E8A0573EDFD4,ACF165754601059ED2E472F893AD0FA4CAF1142D,2020-09-23 07:28:39.071000,2020-09-23 07:28:41.049000
pcifzrg74dfd3gnm,failed,not_found,125,F8DE8132E599A194E20DDB738AF64A7200CD5949,BF0FB582E37F738CD33C3651125F2772705BB8E8,B0B26AEDB0D1E21EA8E06530CAAD953B464286FB,ACDD9E85A05B127BA010466C13C8C47212E8A38F,2020-09-23 07:28:41.049000,2020-09-23 07:28:44.682000
pcifzrg74dfd3gnm,failed,not_found,194,F8DE8132E599A194E20DDB738AF64A7200CD5949,8111FEB45EF2950EB8F84BFD8FF070AB07AEE9DD,8E7ACAD878BBD61097C0E0D557160F5D59BCE5CA,ACD8C7107031AF4ACF9A2DBC69AB8903943EEA5D,2020-09-23 07:28:44.683000,2020-09-23 07:28:47.002000
pcifzrg74dfd3gnm,failed,not_found,285,F8DE8132E599A194E20DDB738AF64A7200CD5949,D5C6F62A5D1B3C711CA5E6F9D3772A432E96F6C2,0ED0EA324C931CF41CB5272BFB1D015B3D5772A9,055B155A44A968491D71EEF11D3B6AE38082F6FC,2020-09-23 07:28:47.002000,2020-09-23 07:28:49.636000
pcifzrg74dfd3gnm,failed,not_found,405,F8DE8132E599A194E20DDB738AF64A7200CD5949,B73D1E98BE6689A1DDBFE4232C769FCD1B9E0B32,0AA39F432B2E778CAC06F80DA44975385347CDD9,053C847373A2F82106370DBB016B5E8A14DA9101,2020-09-23 07:28:49.637000,2020-09-23 07:28:52.661000
pcifzrg74dfd3gnm,failed,not_found,566,F8DE8132E599A194E20DDB738AF64A7200CD5949,A5EB3D3967327169EE882910D712FD9EB666499E,6D72E970EB5218702C854BE250EC0663CC14D9BD,055E271A48AA082E6A9FE88EA58DB73A600CDF24,2020-09-23 07:28:52.662000,2020-09-23 07:28:56.177000
7vrvx7vkhwxfxulh,failed,not_found,72,F8DE8132E599A194E20DDB738AF64A7200CD5949,69B53A5AE5025DA8947F7C32F69CA90375ED2A4E,A3407CC403CF39DFA40ED9E1D14A8B54431F6104,2E414CD28823B5AEB51FD172AA0EE3E9EB9BCA90,2020-09-23 07:28:39.096000,2020-09-23 07:28:41.485000
7vrvx7vkhwxfxulh,failed,not_found,108,F8DE8132E599A194E20DDB738AF64A7200CD5949,3D5D6178C44537E3692853B344385F6572A55767,901C2689FDABE7165AB7AC4E8231F12A2674916E,44DC23661E05DEFD94398936D9334987ABCB6E5E,2020-09-23 07:28:41.486000,2020-09-23 07:28:43.636000
7vrvx7vkhwxfxulh,failed,not_found,154,F8DE8132E599A194E20DDB738AF64A7200CD5949,B5558CFA70A5308582B25767C9698E6DBE6A90B2,061E0496931D23A81A2B685C9339D36857DD0FA1,2E44E8EB8C7711C1157BD8025F07165CFF8FA2B6,2020-09-23 07:28:43.636000,2020-09-23 07:28:45.826000
7vrvx7vkhwxfxulh,failed,not_found,235,F8DE8132E599A194E20DDB738AF64A7200CD5949,43E187B8C7361F47EA968ED5389435865D7F4FE7,DAD151FDAF8964857FC88D7AA4DE110EFCEE6E2C,2E408F8D1CDA3AA22FF44C4C4B6A9F51D8E74042,2020-09-23 07:28:45.826000,2020-09-23 07:28:48.196000
7vrvx7vkhwxfxulh,failed,not_found,354,F8DE8132E599A194E20DDB738AF64A7200CD5949,37C1D66559D0C7884E3D21F7DEB58C75D79B98A8,6E4B0D429CD87AB6C25D72E298294C583FF8BA4A,44DF1007B545B4D8057F279025EBB33CF99BE227,2020-09-23 07:28:48.197000,2020-09-23 07:28:50.972000
7vrvx7vkhwxfxulh,failed,not_found,559,F8DE8132E599A194E20DDB738AF64A7200CD5949,00E1649E69FF91D7F01E74A5E62EF14F7D9915E4,18F34AE6567F5FB081C4353D5EDA5CEE155810C4,44BD70C13DAA7513D6F47773804178B009F21ED5,2020-09-23 07:28:50.973000,2020-09-23 07:28:55.941000
74ihm3ygxgy6ytwa,failed,not_found,73,F8DE8132E599A194E20DDB738AF64A7200CD5949,66BBCD0D58FDB891AD86CE22A2613A9BEE3CA274,EA8637EA746451C0680559FDFF34ABA54DDAE831,58FAB58A7DC8E99B9313F6E488E2140D4BE28416,2020-09-23 07:28:39.142000,2020-09-23 07:28:41.268000
74ihm3ygxgy6ytwa,failed,not_found,102,F8DE8132E599A194E20DDB738AF64A7200CD5949,01384A5D9C6D34352701BF86D04E5F406CB256AE,24F97F98C45E4754655BE66799049763DAEE99CE,00240ECB2B535AA4C1E1874D744DFA6AF2E5E941,2020-09-23 07:28:41.269000,2020-09-23 07:28:43.292000
74ihm3ygxgy6ytwa,failed,not_found,139,F8DE8132E599A194E20DDB738AF64A7200CD5949,EA6259917ADF4D47AD5D52E3576008D90C222D17,86CDD0D92AB972538416A382D99666736CDDF141,0011BD2485AD45D984EC4159C88FC066E5E3300E,2020-09-23 07:28:43.292000,2020-09-23 07:28:45.757000
74ihm3ygxgy6ytwa,failed,not_found,233,F8DE8132E599A194E20DDB738AF64A7200CD5949,D8A2D0080B0C73E1DC0EC9F33B497F64E5FB3F52,8701E70AC4C0C9E1FE47EA853FC997D29BE5D65C,0020D8A204A81FC8C8A1D79E2324621705DE4F2F,2020-09-23 07:28:45.758000,2020-09-23 07:28:48.183000
74ihm3ygxgy6ytwa,failed,not_found,348,F8DE8132E599A194E20DDB738AF64A7200CD5949,0A7208B8903DD3FF5CDFA218A3823AF498CE69CE,A6277ACC55DB0A488F615B9672427E0DD1B4F87C,58F3E2956EABB81F673E2FB90E16E001DB4AC3AE,2020-09-23 07:28:48.184000,2020-09-23 07:28:51.060000
74ihm3ygxgy6ytwa,failed,not_found,492,F8DE8132E599A194E20DDB738AF64A7200CD5949,B0B26AEDB0D1E21EA8E06530CAAD953B464286FB,D00AC7CD91B2F1345EADB0132D823967E2646DDF,58ED9C9C35E433EE58764D62892B4FFD518A3CD0,2020-09-23 07:28:51.061000,2020-09-23 07:28:54.125000
rfydahjcua2dx4em,failed,not_found,74,F8DE8132E599A194E20DDB738AF64A7200CD5949,16DB78459B845F4E728405EB694E32929E2B318A,198F12E2DEFBE6BEEBC38B2FEDD615AECB38DA7A,36EE8D47E570B8D5515460A9972F3CFD9EDFDFCE,2020-09-23 07:28:39.143000,2020-09-23 07:28:41.485000
rfydahjcua2dx4em,failed,not_found,89,F8DE8132E599A194E20DDB738AF64A7200CD5949,1A020A414D8AB25F54415C8C1E75A5562A9DD9A6,021DDCD687FD505B7EA7E75DA6CEF0D778AA07FB,FC33CA0B739EB8290180C7D22A536726B8EE90E4,2020-09-23 07:28:41.485000,2020-09-23 07:28:42.601000
rfydahjcua2dx4em,failed,not_found,130,F8DE8132E599A194E20DDB738AF64A7200CD5949,4D52A12D9AD22A7E1BE5B564953A7CA9C31DA675,AC5CECEF6AF649F2A7F047D102FE9B461DA9234E,36BABBBC06E2BF9D2C992371324B95B812E10A40,2020-09-23 07:28:42.602000,2020-09-23 07:28:45.091000
rfydahjcua2dx4em,failed,not_found,372,F8DE8132E599A194E20DDB738AF64A7200CD5949,B5D11485CE7613F8734D040BF9166F6AAFB30F46,F71C35966040F443556196C722AFC1C1CFFAD0FF,36D68478366CB8627866757EBCE7FB3C17FC1CB8,2020-09-23 07:28:45.092000,2020-09-23 07:28:52.353000
rfydahjcua2dx4em,failed,not_found,552,F8DE8132E599A194E20DDB738AF64A7200CD5949,1CD48F4ED0F1821FFBF1940802A13EEFD4C27502,0CDCB20FF6800D8AFC90504B85C0551305F2FFE8,FC077C25B8DBB3132D397D7DF03C92BFC14C9D76,2020-09-23 07:28:52.353000,2020-09-23 07:28:56.338000
rfydahjcua2dx4em,failed,not_found,752,F8DE8132E599A194E20DDB738AF64A7200CD5949,87C08DDFD32C62F3C56D371F9774D27BFDBB807B,0B58A95E539FFA6C05C010F5C1DA35FB8038E3A8,FC1E441E097BA36930AA2F615EFB325AF76D2595,2020-09-23 07:28:56.338000,2020-09-23 07:29:00.709000
pt65ptk365whs52v,failed,not_found,75,F8DE8132E599A194E20DDB738AF64A7200CD5949,E1468D867FA3230EC1DACFCA87A800BAF22E79E0,E14D10669DD6E472235F8F0161544B4E7B7CB3C7,381EC209A77FC5365B94CE219420BA01A6F0DA2E,2020-09-23 07:28:39.143000,2020-09-23 07:28:41.373000
pt65ptk365whs52v,failed,not_found,107,F8DE8132E599A194E20DDB738AF64A7200CD5949,327F5823438B8EC86EC33355C147D8455AB1C14B,DFF9E741D00F74998FE83CD6260EE4D9E0B0DBFA,383882E740FC9214A21A60E8D4B10A220272113B,2020-09-23 07:28:41.374000,2020-09-23 07:28:43.578000
pt65ptk365whs52v,failed,not_found,151,F8DE8132E599A194E20DDB738AF64A7200CD5949,2BA2C8E96B2590E1072AECE2BDB5C48921BF8510,99339F3E68BCCC1391BF14C821D80766FE0C5956,383D6E34D9BEA92E97092B134A708EEF476DF2E4,2020-09-23 07:28:43.579000,2020-09-23 07:28:46.319000
pt65ptk365whs52v,failed,not_found,269,F8DE8132E599A194E20DDB738AF64A7200CD5949,FEDF4998951A750D5D7974DF243035499E84882E,708A968F3644F8A547156368FEA3DB664110E631,841DE1E065BCA8C1EBDC4A7140646F47A6257BD8,2020-09-23 07:28:46.320000,2020-09-23 07:28:49.371000
pt65ptk365whs52v,failed,not_found,402,F8DE8132E599A194E20DDB738AF64A7200CD5949,33D88F331408141F2A2CC563239E54E48F7A211B,EF1A9BE231A6C3AC94B9E2BFC86990B16C923A45,8441BEA4057E73E2C9DF82DE61078C88B690760C,2020-09-23 07:28:49.372000,2020-09-23 07:28:52.663000
pt65ptk365whs52v,failed,not_found,569,F8DE8132E599A194E20DDB738AF64A7200CD5949,81E18725397D620DA548ABBE24D9CD263DEF2FDC,6B9EA8927AB6E94E216067E65372182343A5AFA2,843C4F774DA2653DADBA5B847A33CC646995F6A1,2020-09-23 07:28:52.664000,2020-09-23 07:28:56.019000
mxo7ymp5byvxyi2h,failed,not_found,76,F8DE8132E599A194E20DDB738AF64A7200CD5949,97E6A009185FCF2A58D884545E4E18FF612B7B06,6530C1F5E453CC08EBB1A1D4B5836C921060473B,B0F17A56FA8686CCB33D3F302FC40F06F463B4AE,2020-09-23 07:28:39.143000,2020-09-23 07:28:41.322000
mxo7ymp5byvxyi2h,failed,not_found,215,F8DE8132E599A194E20DDB738AF64A7200CD5949,6ED6758622A73F54F0EF59A9D31D71AABD7A70DA,9F5068310818ED7C70B0BC4087AB55CB12CB4377,4A3B874F0187F2CF0DA3C8F76063B070F9F7A14F,2020-09-23 07:28:41.322000,2020-09-23 07:28:47.632000
mxo7ymp5byvxyi2h,failed,not_found,318,F8DE8132E599A194E20DDB738AF64A7200CD5949,38E48C9509E18F405749859EEF299EBC1B829602,ED36124515F71E2E2401D70D9EFC3CAEB08D611B,B102F14B219C6763372E1AE122FEDC3F9DEE5824,2020-09-23 07:28:47.633000,2020-09-23 07:28:50.273000
mxo7ymp5byvxyi2h,failed,not_found,452,F8DE8132E599A194E20DDB738AF64A7200CD5949,506763994792208999529D03C016774C814386A8,8841E775C3DE70E4414F0678DBD532C1F80FF62C,4A3EA0E1E4381199A9D80D88AF7D334644DF082B,2020-09-23 07:28:50.274000,2020-09-23 07:28:53.651000
mxo7ymp5byvxyi2h,failed,not_found,627,F8DE8132E599A194E20DDB738AF64A7200CD5949,18B160CD5E22BFC345AEE7BA84B7EA45BF457FCA,D1C60F9BCF2DBA07A775978F66C9927D3A9490BB,4A0E54E69343B7CF6138C118843CE860E8511F78,2020-09-23 07:28:53.651000,2020-09-23 07:28:57.510000
mxo7ymp5byvxyi2h,failed,not_found,1486,F8DE8132E599A194E20DDB738AF64A7200CD5949,072563D6DB86659510FF3FB76B58458142241ECE,81F59E8936D0B2105182E4B8200AC07D9274961F,B1041423779CDBE805CACBD8E72EFA37AA47BBAD,2020-09-23 07:28:57.510000,2020-09-23 07:29:20.262000
4ct6pqrubrgfwuco,failed,not_found,85,F8DE8132E599A194E20DDB738AF64A7200CD5949,81A1D777C023EBB1DEE9E7FA8735629BA8F7497C,B96B5141004995295FE87DCCE1A54519BD0BB48A,9803B536ED203C9AAAFC3E53CD4935BA85FF402F,2020-09-23 07:28:40.003000,2020-09-23 07:28:42.362000
4ct6pqrubrgfwuco,failed,not_found,127,F8DE8132E599A194E20DDB738AF64A7200CD5949,853246C4EBF7FD27C2EBE31E2DF37B2B5F13A39C,AE17FAAF8F302A506AF2167666EC62882804403F,0BC314281C83167F24C7CFCD68DE069B02A92345,2020-09-23 07:28:42.362000,2020-09-23 07:28:44.728000
4ct6pqrubrgfwuco,failed,not_found,196,F8DE8132E599A194E20DDB738AF64A7200CD5949,D5C6F62A5D1B3C711CA5E6F9D3772A432E96F6C2,776FCB8F73F8D84407F5AF2460A75F9EEC982EB3,0BADD9510440C9BF3A728F2CB630836FF98142B2,2020-09-23 07:28:44.729000,2020-09-23 07:28:47.621000
4ct6pqrubrgfwuco,failed,not_found,315,F8DE8132E599A194E20DDB738AF64A7200CD5949,7FA3FA525901A91A1310B817943668BC2C16289E,C8B23EA543FAD6F820E5841A8380DC28C83AEA0F,980B28A19B0A66948035A3FE143E5CF613C84122,2020-09-23 07:28:47.622000,2020-09-23 07:28:50.039000
4ct6pqrubrgfwuco,failed,not_found,432,F8DE8132E599A194E20DDB738AF64A7200CD5949,F090D06DD908C91487F0A65DFFDFB1E4CD664288,A99B0D9E5FD5BC3C8F2D006EC91F8C7F40E09CB8,0BC8BA32CC3CB0F598E0C92778F7C0946DFBCE91,2020-09-23 07:28:50.040000,2020-09-23 07:28:52.687000
4ct6pqrubrgfwuco,failed,not_found,511,F8DE8132E599A194E20DDB738AF64A7200CD5949,EBE718E1A49EE229071702964F8DB1F318075FF8,FE268E95288EE3EF58DA606DAB12AB216CF64B68,980AFB485D04C566C74D5704C96CF80D29DE3793,2020-09-23 07:28:52.687000,2020-09-23 07:28:56.395000
qagwimspt5crunq6,failed,not_found,86,F8DE8132E599A194E20DDB738AF64A7200CD5949,5B0DBAC2C854B8EB0E0DD39AD94B66F2FEDC4871,12D978C2A4CB4AC17940FE88F899B67A0FF9BAAD,BEE59851195B09DFC88D8F1F31F9FABC7171FAAD,2020-09-23 07:28:40.027000,2020-09-23 07:28:42.004000
qagwimspt5crunq6,failed,not_found,119,F8DE8132E599A194E20DDB738AF64A7200CD5949,A751D8BEE222564B7BA657F74B6658836FF1AEEA,DF86098968BBCD963E38E03FC3FC1837EF667C13,BF0FB582E37F738CD33C3651125F2772705BB8E8,2020-09-23 07:28:42.004000,2020-09-23 07:28:44.225000
qagwimspt5crunq6,failed,not_found,246,F8DE8132E599A194E20DDB738AF64A7200CD5949,BACB47406A231AB60EC33D1ED5081C603B209655,071ACB713A9558A4B5750520B0A738C66033E0B1,A25F6BDE6E5E45555E2FCCC4F50460A65544D61F,2020-09-23 07:28:44.226000,2020-09-23 07:28:48.413000
qagwimspt5crunq6,failed,not_found,360,F8DE8132E599A194E20DDB738AF64A7200CD5949,E8BAE7393740A700D50B010DED9D9EC9A66B390D,3B90AE3B2D1AF41DE00C6B9FBCBAA96AAE81BEA9,A29D2A78A8A954819E220CEFBEBCE95D2FCFA54D,2020-09-23 07:28:48.413000,2020-09-23 07:28:51.271000
qagwimspt5crunq6,failed,not_found,507,F8DE8132E599A194E20DDB738AF64A7200CD5949,98F788200CC64060695B07555F09A8FE47679AC8,10A5EFCCD2FB9C1A4AC20FB779A5DB11B58957A7,BEE5A27A9DD05BD7D9B6E046AEDEF43D2A4B85CE,2020-09-23 07:28:51.271000,2020-09-23 07:28:54.714000
qagwimspt5crunq6,failed,not_found,688,F8DE8132E599A194E20DDB738AF64A7200CD5949,AF42BD51EEBA9329E110AA8D206FED316E1DA671,D9F061CC5EE68CC916586CF8522E73FFB8848C3F,A2C3CB1520C75BEDB21244FD1DF1C371C26E959E,2020-09-23 07:28:54.715000,2020-09-23 07:29:00.420000
3jwoncs6g7prvftt,failed,not_found,87,F8DE8132E599A194E20DDB738AF64A7200CD5949,06432D1B5A7C132071626D186D7F1A429C5BBED9,E81993EA52B73285CFFD02FEC003569D21483001,CBB5AE37E2927A915D70FA71572D2EA203F03E83,2020-09-23 07:28:40.052000,2020-09-23 07:28:41.983000
3jwoncs6g7prvftt,failed,not_found,117,F8DE8132E599A194E20DDB738AF64A7200CD5949,D598E2865164AF6D9958FC9A37D825C283A80C3B,8111FEB45EF2950EB8F84BFD8FF070AB07AEE9DD,1A2B77AD0A742CD804B9DD747E2DD8E38D06C915,2020-09-23 07:28:41.983000,2020-09-23 07:28:44.328000
3jwoncs6g7prvftt,failed,not_found,326,F8DE8132E599A194E20DDB738AF64A7200CD5949,0ACD9B1271E95AC1743B9EC1299BB294BD3EBD90,5FB384605F53DCBF1CB02143D318DA3E8EE38A24,1A3AC11BF85CE386E19863F5CDF7769BA30E4A06,2020-09-23 07:28:44.329000,2020-09-23 07:28:50.892000
3jwoncs6g7prvftt,failed,not_found,477,F8DE8132E599A194E20DDB738AF64A7200CD5949,44BD70C13DAA7513D6F47773804178B009F21ED5,9EA4649400C7D35E20C734FA737CF615E925F1E4,1A25F64FCACEB588B42429F5C463BD0396524280,2020-09-23 07:28:50.892000,2020-09-23 07:28:54.249000
3jwoncs6g7prvftt,failed,not_found,673,F8DE8132E599A194E20DDB738AF64A7200CD5949,86D924EDE1498B4E1DD08D2260F3E9FE454012E1,67073A512A5C20C65416259FD40C434A7D01C4C2,CBA653B8678CF7BEF7C2C1BCDCA0807CD449A8AB,2020-09-23 07:28:54.250000,2020-09-23 07:28:58.529000
3jwoncs6g7prvftt,failed,not_found,1056,F8DE8132E599A194E20DDB738AF64A7200CD5949,1BB6001A9F0618B205F4005A75F5AFDE64B41FE4,288C100FFA656938C23F32207CAF0DA932ECD247,CB9D5FB6DFF0D5E3E283446C4BFC31B88A20A4AE,2020-09-23 07:28:58.529000,2020-09-23 07:29:08.458000
gvmbexd3au4ks6cf,failed,not_found,96,F8DE8132E599A194E20DDB738AF64A7200CD5949,3239007CE1FB2ECDFDF2067DF23B949295DC5EF6,B0335F7872A698A86E5E9AC3CF323B50AEF9C081,9B94A776DA2C0B974BF4E06A352133EDFE62036C,2020-09-23 07:28:41.025000,2020-09-23 07:28:43.005000
gvmbexd3au4ks6cf,failed,not_found,135,F8DE8132E599A194E20DDB738AF64A7200CD5949,7EF6E998564211FB86881FEA2627AA9119BD9842,1D4B555184EC12F758BC8BBB4C0983AFBC25D6F5,931C16E83DE366852072912C77563112D1B2B1E6,2020-09-23 07:28:43.006000,2020-09-23 07:28:45.689000
gvmbexd3au4ks6cf,failed,not_found,230,F8DE8132E599A194E20DDB738AF64A7200CD5949,D7829A21726220AF77401BE5B2B132963A0BE82B,B01BF09244C6B73687BB781C5A9C9E812974D086,937F201D2797314953F268D252F5C98D3FA9F71E,2020-09-23 07:28:45.690000,2020-09-23 07:28:48.043000
gvmbexd3au4ks6cf,failed,not_found,399,F8DE8132E599A194E20DDB738AF64A7200CD5949,370969A8F5BB965976FFB727F19C2246E838B394,103336165A0D2EFCAD3605339843A0A7710B8B92,9B816A5B3EB20B8E4E9B9D1FBA299BD3F40F0320,2020-09-23 07:28:48.044000,2020-09-23 07:28:52.036000
gvmbexd3au4ks6cf,failed,not_found,543,F8DE8132E599A194E20DDB738AF64A7200CD5949,F604131DCC4303E51DB876A017A3DC9684FD626B,014E24C0CD21D2B9829E841D5EC1D3C415F866BF,939126EA4D25CB212A79746C133194F8A24C435B,2020-09-23 07:28:52.036000,2020-09-23 07:28:55.590000
gvmbexd3au4ks6cf,failed,not_found,914,F8DE8132E599A194E20DDB738AF64A7200CD5949,9B33C0437062F12DC137F757A745FC04CEA26231,6ED6758622A73F54F0EF59A9D31D71AABD7A70DA,9B8BC7AB8792ED42DD9C5D7E8D02C38E60FBA381,2020-09-23 07:28:55.591000,2020-09-23 07:29:04.149000
2wzklhrf57itu6ze,failed,not_found,100,F8DE8132E599A194E20DDB738AF64A7200CD5949,5F58E9417DF94A66529864FA1134635614958A44,09092FF120A9FD9DC1AEAC899B5C3CFECBA6C279,316DE45EFFB53671C9FD53CE0992952846709A29,2020-09-23 07:28:41.077000,2020-09-23 07:28:43.499000
2wzklhrf57itu6ze,failed,not_found,149,F8DE8132E599A194E20DDB738AF64A7200CD5949,22775B953E662151549C114CB8EE5FBDBCBDAD02,BF29077D90DD65D8B15B2DFC876D25C76E5057FB,37A8BA9E3F05417EFE93DF626641EFF271E0A3C2,2020-09-23 07:28:43.500000,2020-09-23 07:28:46.029000
2wzklhrf57itu6ze,failed,not_found,253,F8DE8132E599A194E20DDB738AF64A7200CD5949,5B1F0DAF378A1FAFCFD5FA9CDC66D1023DC0276E,4469F441FDAB256575262B013B44D44B37E4DC8B,375DCBB2DBD94E5263BC0C015F0C9E756669617E,2020-09-23 07:28:46.029000,2020-09-23 07:28:49.277000
2wzklhrf57itu6ze,failed,not_found,396,F8DE8132E599A194E20DDB738AF64A7200CD5949,A99B0D9E5FD5BC3C8F2D006EC91F8C7F40E09CB8,B291D30517D23299AD7CEE3E60DFE60D0E3A4664,311A4533F7A2415F42346A6C8FA77E6FD279594C,2020-09-23 07:28:49.278000,2020-09-23 07:28:51.708000
2wzklhrf57itu6ze,failed,not_found,608,F8DE8132E599A194E20DDB738AF64A7200CD5949,431702B3A68A6015F9955DD4FD0129175B43EA0F,CEC92F3BE8A2F3A46D3C042721D6BDBF2F40F4C5,31419A64188BC8070EE89F3CEE6AA98EAAC7E8E8,2020-09-23 07:28:51.708000,2020-09-23 07:28:57.162000
2wzklhrf57itu6ze,failed,not_found,876,F8DE8132E599A194E20DDB738AF64A7200CD5949,6DA5D1B9B239501838E19CC0ACBAFAE737AEEC5B,24F97F98C45E4754655BE66799049763DAEE99CE,37A831DCC0027923A474F1277F6261EE8D9D0B46,2020-09-23 07:28:57.162000,2020-09-23 07:29:03.380000
xw4c73wuuoxl7svz,failed,not_found,101,F8DE8132E599A194E20DDB738AF64A7200CD5949,B05B4BB64FFE5373E293D2C008798FBA9C908BB1,38F0B34A86E19A2C65B20F95BFB0CBE40E3165C9,2C6E2587287437FA10BFB145CD2691FD605C8709,2020-09-23 07:28:41.094000,2020-09-23 07:28:43.826000
xw4c73wuuoxl7svz,failed,not_found,167,F8DE8132E599A194E20DDB738AF64A7200CD5949,1FACCFD929EA87BEC4A25A73BAEF923016CA8369,54DE63F4587058B79152A75A0238D7F7A0279215,2C752C180089DDC89BC3FFCCB17FACFEEAFD79AA,2020-09-23 07:28:43.827000,2020-09-23 07:28:46.029000
xw4c73wuuoxl7svz,failed,not_found,255,F8DE8132E599A194E20DDB738AF64A7200CD5949,A2F7674E837C4131D70A840262AFC269801F14BA,14D57DEDF0A4554A2D21AD53CCCC43E31158C733,9A5754CD0C987355EB3D8AD4BEF4A2A841740520,2020-09-23 07:28:46.071000,2020-09-23 07:28:48.661000
xw4c73wuuoxl7svz,failed,not_found,485,F8DE8132E599A194E20DDB738AF64A7200CD5949,FD449127D30D8F5D124653D9EF736EDF4A12B4DC,683022580A46AA5FB5B70094C3243677CE9E5852,9A48EC8AAFB2E8C9E20408596383DB74F1196747,2020-09-23 07:28:48.661000,2020-09-23 07:28:54.082000
xw4c73wuuoxl7svz,failed,not_found,659,F8DE8132E599A194E20DDB738AF64A7200CD5949,BC123DB7F61E9DB31F23B37BF62A16DAA1010FC9,BDDF8187EA4419951CFD0A54088B634564F63AF3,9A51C5D79C30B9F3B527EC77EF901DDAB76C3AB5,2020-09-23 07:28:54.082000,2020-09-23 07:28:58.265000
xw4c73wuuoxl7svz,failed,not_found,868,F8DE8132E599A194E20DDB738AF64A7200CD5949,5C83A9F985E2ACFBC3D3E5DB7F5C7C91FF7FE7AA,DB5A100152FB7937F02F00B5DDFFFD012789C242,2C6C970E027A99EFF3E6977CD1BCDD9586E0BFB3,2020-09-23 07:28:58.266000,2020-09-23 07:29:02.851000
pdhqzh2du6w5f2va,failed,not_found,120,F8DE8132E599A194E20DDB738AF64A7200CD5949,1F6ABD086F40B890A33C93CC4606EE68B31C9556,EA8637EA746451C0680559FDFF34ABA54DDAE831,6EEF8446BF9D43DA7F7D8505BDFC49BBE64BF822,2020-09-23 07:28:42.030000,2020-09-23 07:28:44.878000
pdhqzh2du6w5f2va,failed,not_found,217,F8DE8132E599A194E20DDB738AF64A7200CD5949,39F096961ED2576975C866D450373A9913AFDC92,FB13B3060516E4C50E5E178227A036977103E4AD,BA38FDB6FE97442388C35FE83F371BB1C6C4324B,2020-09-23 07:28:44.879000,2020-09-23 07:28:48.662000
pdhqzh2du6w5f2va,,,,,,,6F0CFF639A69F32E941F9D51536F310E0872AAB7,2020-09-23 07:28:48.662000,
yfqeos7g4liiiaoq,failed,not_found,122,F8DE8132E599A194E20DDB738AF64A7200CD5949,9B2BC7EFD661072AFADC533BE8DCF1C19D8C2DCC,7EAF9E55B9B40532AF2DB5B70392F30E5AA1C596,4D70F05DD308A2EA5B671E440879BFADAC92860F,2020-09-23 07:28:42.040000,2020-09-23 07:28:44.732000
yfqeos7g4liiiaoq,failed,not_found,198,F8DE8132E599A194E20DDB738AF64A7200CD5949,CE34F2DA5B7B419D9D126530DCE86EA87D6D13EE,99D5C9A5A7238986D1EA1D7771CF81B4A192C4D0,4DCB46379527DD9E958879C18628FDA7C2A4AF84,2020-09-23 07:28:44.733000,2020-09-23 07:28:47.195000
yfqeos7g4liiiaoq,failed,not_found,301,F8DE8132E599A194E20DDB738AF64A7200CD5949,3B953203AF332D8FE1452E1CE7CB50A3B5297DB2,A016192D0A87FC9354A7523A211BBD9CF859708B,D8A1F5A8EA1AF53E3414B9C48FE6B10C31ACC9B2,2020-09-23 07:28:47.196000,2020-09-23 07:28:50.026000
yfqeos7g4liiiaoq,failed,not_found,429,F8DE8132E599A194E20DDB738AF64A7200CD5949,277F5717A62B3A728C98B3168E484BC08B4997E3,431702B3A68A6015F9955DD4FD0129175B43EA0F,4D52E15C5637FB70736DD3B03F2AAE7C253BF4B4,2020-09-23 07:28:50.027000,2020-09-23 07:28:53.452000
yfqeos7g4liiiaoq,failed,not_found,617,F8DE8132E599A194E20DDB738AF64A7200CD5949,03910F285A33F365838EC66EF2C2EF754D046760,2FFE5FAF70D20E76B0474AE9E40C2A0B53F8D9F0,D89267FB10BF625D31FF7687AF7D12B03BBF757C,2020-09-23 07:28:53.453000,2020-09-23 07:28:57.509000
yfqeos7g4liiiaoq,failed,not_found,813,F8DE8132E599A194E20DDB738AF64A7200CD5949,5CCC3569C67B7F1BB733664D43DF4645F2A4B04D,461453F94FA0E3CBB011685E22CDAFD2AF0DFDC3,D8B4C31E4DAF9CBC89EC13E3F5D968AD6CDC8BFD,2020-09-23 07:28:57.510000,2020-09-23 07:29:02.238000
uevmiiu4oywt3oas,failed,not_found,123,F8DE8132E599A194E20DDB738AF64A7200CD5949,79D110419709C4B3D1F92FC3CE121B5317DBE8B3,9B047A91AC809AA020A1F42E3E785DBCEBF3652F,6B2E1FF5B2ADA3B1950A0EFE6D22FB09E846EEE2,2020-09-23 07:28:42.041000,2020-09-23 07:28:44.568000
uevmiiu4oywt3oas,failed,not_found,143,F8DE8132E599A194E20DDB738AF64A7200CD5949,74F44514E060866912DFFE1554D0D135C9DC5148,8BE79CE3261C027CE94F84D6CBE45F03BE9B8B59,EDC9D832FBEAF949F610D3F6A55537291B4E8F26,2020-09-23 07:28:44.568000,2020-09-23 07:28:45.932000
uevmiiu4oywt3oas,failed,not_found,239,F8DE8132E599A194E20DDB738AF64A7200CD5949,0DD04EF0B081BBFDE3082D4ECC8A63FD0022FCAF,296B2178FD742AB35AB20C9ADF04D5DFD3D407EB,6B5A63BFEEA8EF58DA812F4F05BE98C869809DFB,2020-09-23 07:28:45.932000,2020-09-23 07:28:49
uevmiiu4oywt3oas,failed,not_found,379,F8DE8132E599A194E20DDB738AF64A7200CD5949,721F80504A717309A8EBA47729EB1E474A95A61F,1079E628FC6B0025656AC024F2D9975C441498CD,EDC89E2825E4A08392C6DF1F18B3B0D6DB148597,2020-09-23 07:28:49,2020-09-23 07:28:52.213000
uevmiiu4oywt3oas,failed,not_found,734,F8DE8132E599A194E20DDB738AF64A7200CD5949,01FE2137C42E4802507A1FD97B0158116FD78A8C,4D568479B37A688769F410E9A914909E8CC2A5B8,EDC4243F57F9B856B400398D5F6C354F8408EEA9,2020-09-23 07:28:52.213000,2020-09-23 07:28:59.808000
uevmiiu4oywt3oas,failed,not_found,1083,F8DE8132E599A194E20DDB738AF64A7200CD5949,D17446B2498844368284A0C30DFAC515DDEBAB8C,B5CCA5A4521F60DDB596C1A6404D8DEECDD85BFB,6B263B45B33B8E2C73AB80F9B0D73538B44BD75D,2020-09-23 07:28:59.809000,2020-09-23 07:29:09.315000
atubca65ygousqgl,failed,not_found,160,F8DE8132E599A194E20DDB738AF64A7200CD5949,571263804EF55F49A8615AA24A20244B777BF539,37DDF1906EE3DB96130A717EA54667C64DAC78DF,B6495EB04241A8D95996F7C8ACAF790B62E8111B,2020-09-23 07:28:43.768000,2020-09-23 07:29:03.961000
atubca65ygousqgl,failed,not_found,231,F8DE8132E599A194E20DDB738AF64A7200CD5949,F836446663F1EB816F13708955F105D0B2F5C8E0,F1A7CE1B1D558DC24E39B6B30FF217ECCEECF141,B63410CD48185ED34E9C6AE62D048D8A6854A5CA,2020-09-23 07:28:45.690000,2020-09-23 07:28:57.793000
atubca65ygousqgl,failed,not_found,324,F8DE8132E599A194E20DDB738AF64A7200CD5949,CEC92F3BE8A2F3A46D3C042721D6BDBF2F40F4C5,7674C383F7F551E065E3E95BBCFC067157546A17,B63626A3CA6F0521847853DDEC6D4044C80B903E,2020-09-23 07:28:47.862000,2020-09-23 07:28:53.683000
bs434q4cpn2axc6m,failed,not_found,161,F8DE8132E599A194E20DDB738AF64A7200CD5949,C7D48FA375F1DE6EA39FD95333A7475BBD83931D,8DD0956457CF75A49E79F8E434E2DC898182DE79,8E6EDA78D8E3ABA88D877C3E37D6D4F0938C7B9F,2020-09-23 07:28:43.768000,2020-09-23 07:28:45.875000
bs434q4cpn2axc6m,failed,not_found,237,F8DE8132E599A194E20DDB738AF64A7200CD5949,4B9DD478E355BDB7AC8D0A5E14BF5C6760122580,5B1F0DAF378A1FAFCFD5FA9CDC66D1023DC0276E,0E5D730466E5BB675BC9704C374DBE7E19F06165,2020-09-23 07:28:45.876000,2020-09-23 07:28:48.190000
bs434q4cpn2axc6m,failed,not_found,351,F8DE8132E599A194E20DDB738AF64A7200CD5949,335A34D979B880A09AA449E3116A41BDD6330491,A4771CB90024F1870D622960519945A3E49B40FE,0E62E08E06C0B73324F8E625D494F3FAA16BFA13,2020-09-23 07:28:48.191000,2020-09-23 07:28:51.705000
bs434q4cpn2axc6m,failed,not_found,471,F8DE8132E599A194E20DDB738AF64A7200CD5949,573051CAA3EEEE2B75EBD096BB1F70D3FDAC5F3A,6B9EA8927AB6E94E216067E65372182343A5AFA2,0E5522CB4F79E36C0BB263BABC861CFC686929AE,2020-09-23 07:28:51.706000,2020-09-23 07:28:53.948000
bs434q4cpn2axc6m,failed,not_found,720,F8DE8132E599A194E20DDB738AF64A7200CD5949,2F9AFDE43DC8E3F05803304C01BD3DBF329169AC,66BD39FE805AED414ADE400CAAD862C9CC3AC34E,8E5F4EE45E0631A60E59CAA42E1464FD7120459D,2020-09-23 07:28:53.949000,2020-09-23 07:28:59.710000
bs434q4cpn2axc6m,failed,not_found,925,F8DE8132E599A194E20DDB738AF64A7200CD5949,4B483F57D9660EBF33FA3CCA670FFD1BBB0F315A,82DA9678A0BAE60087AA68A3E1D6E6A2C4246D6D,8E52CC35132AC6DF3781F539148781274D150919,2020-09-23 07:28:59.711000,2020-09-23 07:29:04.581000
q5ya24wgptyuo4ac,failed,not_found,162,F8DE8132E599A194E20DDB738AF64A7200CD5949,B5558CFA70A5308582B25767C9698E6DBE6A90B2,855BC2DABE24C861CD887DB9B2E950424B49FC34,61875BB87F7C6BB9B656BE7B95EBBFB3D5500C97,2020-09-23 07:28:43.769000,2020-09-23 07:28:46.253000
q5ya24wgptyuo4ac,failed,not_found,265,F8DE8132E599A194E20DDB738AF64A7200CD5949,BACB47406A231AB60EC33D1ED5081C603B209655,681D82B559E2DEC25A966B0CE593168CD75ADB16,619349D82424C601CAEB94161A4CF778993DAEE7,2020-09-23 07:28:46.253000,2020-09-23 07:28:49.686000
q5ya24wgptyuo4ac,failed,not_found,408,F8DE8132E599A194E20DDB738AF64A7200CD5949,7A3E534C033E3836BD5AF223B642853C502AB33A,AD29C3DB166A5CB1E3F9CE9DABCCA4DCC09F7CD6,619E413D0C8AFF95B456622707016A7AB7B4DA5D,2020-09-23 07:28:49.686000,2020-09-23 07:28:53.473000
q5ya24wgptyuo4ac,failed,not_found,620,F8DE8132E599A194E20DDB738AF64A7200CD5949,370969A8F5BB965976FFB727F19C2246E838B394,84CB0782C8CA81A7263EE86F321EDFECC611369A,71026B999E15ECC0BCCA56B972E210CCA76AD96A,2020-09-23 07:28:53.474000,2020-09-23 07:28:57.643000
q5ya24wgptyuo4ac,failed,not_found,738,F8DE8132E599A194E20DDB738AF64A7200CD5949,BFEC9FDCD15CDC54FBEFB4BC18B6A57CD186B3CE,8C030E1C25552F97C591A921DF51CF5EE15E594C,70F09E981D6D4A34A35F248F0C873CBA356A0612,2020-09-23 07:28:57.644000,2020-09-23 07:29:05.391000
q5ya24wgptyuo4ac,failed,not_found,1423,F8DE8132E599A194E20DDB738AF64A7200CD5949,6ED48ED0DD8CB8C626FFD8597C01F2D43AEE8D01,1C84C89198911D0C8962AA65C3E4E6530075396E,70FF4E669EC69F8E324537D05ADDAAED76303D8D,2020-09-23 07:29:05.391000,2020-09-23 07:29:15.208000
f2hag6qbicdymer6,failed,not_found,175,F8DE8132E599A194E20DDB738AF64A7200CD5949,1FA44BC51BF2416D3E44C9AAD732F7B14C0D1C05,23A2D8DDF761F35CC63BDF65E604B76A7E2F6971,6CA1E52071B159D74AF35AD3B0DCE128A1B32AE9,2020-09-23 07:28:43.978000,2020-09-23 07:28:46.559000
f2hag6qbicdymer6,failed,not_found,470,F8DE8132E599A194E20DDB738AF64A7200CD5949,2CF2DFBA221B77E96E9FE69725AE82F4E101BE4A,0C6D3655763B1A3A60FC42135CD60765AFE953BA,6C9F1A9CA87546159E5D4C33C78128C26DF3CECD,2020-09-23 07:28:46.560000,2020-09-23 07:28:54.038000
f2hag6qbicdymer6,failed,not_found,653,F8DE8132E599A194E20DDB738AF64A7200CD5949,ADB98B27D7A3FB5732068FD23602A1BCB3BE9F38,BF50E09EED25B82861CF95E1AAA42DCFEF53E5D1,E747773C61CF671A222EB913DE17DA33074A6D76,2020-09-23 07:28:54.038000,2020-09-23 07:28:58.515000
f2hag6qbicdymer6,failed,not_found,855,F8DE8132E599A194E20DDB738AF64A7200CD5949,0512FE6BE9CCA0ED133152E64010B2FBA141EB10,5F58E9417DF94A66529864FA1134635614958A44,6C94F282709D385C94087D5F6FB6D8F6648EE3D1,2020-09-23 07:28:58.516000,2020-09-23 07:29:02.848000
f2hag6qbicdymer6,failed,not_found,1157,F8DE8132E599A194E20DDB738AF64A7200CD5949,E8BAE7393740A700D50B010DED9D9EC9A66B390D,1A020A414D8AB25F54415C8C1E75A5562A9DD9A6,E75166CEDB8397B86DE512B9B79B8CA7225ECB52,2020-09-23 07:29:02.849000,2020-09-23 07:29:11.054000
f2hag6qbicdymer6,failed,not_found,1372,F8DE8132E599A194E20DDB738AF64A7200CD5949,79E3B585803DE805CCBC00C1EF36B1E74372861D,E36536404200A74930DB165858BD5BB554D2BEA2,E75ABF29D4B417D3D3565AEDAF89E4F9D16E736F,2020-09-23 07:29:11.057000,2020-09-23 07:29:17.271000
yyd3uh3iucguuh3c,failed,not_found,177,F8DE8132E599A194E20DDB738AF64A7200CD5949,AC5CECEF6AF649F2A7F047D102FE9B461DA9234E,271454031B99A7F5DDE486C554D40DBC4F050D29,7ABA39F796B24333F85FA500A057DE9D700E1534,2020-09-23 07:28:44.023000,2020-09-23 07:28:46.291000
yyd3uh3iucguuh3c,failed,not_found,267,F8DE8132E599A194E20DDB738AF64A7200CD5949,9A48EC8AAFB2E8C9E20408596383DB74F1196747,E81993EA52B73285CFFD02FEC003569D21483001,E61D63442BE06CC8CCA60C972DE1C3AE3DD7871E,2020-09-23 07:28:46.292000,2020-09-23 07:28:49.193000
yyd3uh3iucguuh3c,failed,not_found,328,F8DE8132E599A194E20DDB738AF64A7200CD5949,0A178D302936F209AF3DA77CCC4E3C4D5DBE11E9,B4A96C0852DD0841579D33E09A98D641EACCD73E,7AB8B08DF8B90D108EFC37D74CA90A7B939A023D,2020-09-23 07:28:49.194000,2020-09-23 07:28:50.656000
yyd3uh3iucguuh3c,failed,not_found,467,F8DE8132E599A194E20DDB738AF64A7200CD5949,CD6E8C548704F4CE544CD71365D46F110518FBED,461D6EA15966C7F99B43D37ADC116B5B8E47D130,E623A5E043ED2B74CC280BD004514FDD0854DC8C,2020-09-23 07:28:50.656000,2020-09-23 07:28:54.034000
yyd3uh3iucguuh3c,failed,not_found,650,F8DE8132E599A194E20DDB738AF64A7200CD5949,5C218453D5EACE29367D631A2A20E3259BA67255,B149064611DC466405E1825956F36B202DCE6E4A,7AAF5597B18D82CC90CA95FB7976A1CEA4A32E06,2020-09-23 07:28:54.034000,2020-09-23 07:28:58.677000
yyd3uh3iucguuh3c,failed,not_found,956,F8DE8132E599A194E20DDB738AF64A7200CD5949,FA32998AF5628483D8E7B7BB0A4641D33A206A28,513753D2C4A1246DCC21241C5BE5022CCBD2645C,E5D7D35357E9C55B47E2ADDE73199153888BD4CB,2020-09-23 07:28:58.678000,2020-09-23 07:29:04.985000
cw6wthejbw46fp55,failed,not_found,179,F8DE8132E599A194E20DDB738AF64A7200CD5949,E5CC91BAFE7CCD68003E873D32E38027638D49D7,4561FC085C3F3A7271FE960317F02DCD1E9C1188,1690976085F0DD5F08226722DDE01F8606EA7C48,2020-09-23 07:28:44.029000,2020-09-23 07:28:47.091000
cw6wthejbw46fp55,failed,not_found,298,F8DE8132E599A194E20DDB738AF64A7200CD5949,8EB722FA1AE9DDE1914BC21FEA22819D4DE99DB4,217B9BE70DC602F6D929132EA2A9DF60BAED8CE0,EF9C4611FAA7C21155A8BA2A721DDC3D27816035,2020-09-23 07:28:47.091000,2020-09-23 07:28:50.072000
cw6wthejbw46fp55,failed,not_found,449,F8DE8132E599A194E20DDB738AF64A7200CD5949,070D387230C1B95A05811C5B722FBD21A1076BDB,4B351545DD58473F36B0A20E5500AC6ED51E8CD5,1684B30AE2ADD371E5D3A8B3F28ACA4CE9CA2E00,2020-09-23 07:28:50.073000,2020-09-23 07:28:54.293000
cw6wthejbw46fp55,failed,not_found,676,F8DE8132E599A194E20DDB738AF64A7200CD5949,410118E874D2263F1CDCD567F81875A8E38B2B3C,88B0C4485BA11C6F02D2966C32A7B34063991820,EF68E3F01B45B29DD2BD5065C0DF63AB692A4D45,2020-09-23 07:28:54.294000,2020-09-23 07:28:58.643000
cw6wthejbw46fp55,failed,not_found,1127,F8DE8132E599A194E20DDB738AF64A7200CD5949,EBDE762412D1F0D75338053F5A5A9B6EE053D642,EAA823552F959DFD038E9AC8FA89345A738B6C00,1687ECEA6D20E62CF371BA8D53B95E68788F98C1,2020-09-23 07:28:58.643000,2020-09-23 07:29:10.406000
cw6wthejbw46fp55,failed,not_found,1452,F8DE8132E599A194E20DDB738AF64A7200CD5949,69534B8B5FCCD0BF1124945B1D0F5A35FB0A3542,03A6C11856113883CE89F7421CE74F3B4180B504,EF6604B95A942F1C7AD807DF10F93B9E00C47A6B,2020-09-23 07:29:10.407000,2020-09-23 07:29:18.541000
ggtzpdsopzvoztmg,failed,not_found,206,F8DE8132E599A194E20DDB738AF64A7200CD5949,87B529BCF6B52BE28BBB22EC4AA702F9AE42D551,EAA823552F959DFD038E9AC8FA89345A738B6C00,37535409102DFFE92F3DAC809E470E62BC27F1DF,2020-09-23 07:28:45.021000,2020-09-23 07:28:47.404000
ggtzpdsopzvoztmg,failed,not_found,309,F8DE8132E599A194E20DDB738AF64A7200CD5949,AAED74EC8700B1D52AB681A13570030BF512B037,43E896D36AAB20B5B63094BBC52CAD4B560E47BF,375AAFD4E280B95136969E191AF4D9A1FA7C4FD9,2020-09-23 07:28:47.404000,2020-09-23 07:28:50.795000
ggtzpdsopzvoztmg,failed,not_found,474,F8DE8132E599A194E20DDB738AF64A7200CD5949,733CB01BFBABADA6AC5C363C4449D7D563C794C1,C7A016E1F85CF7DD73914AE40F55B7183D11B8FD,375DCBB2DBD94E5263BC0C015F0C9E756669617E,2020-09-23 07:28:50.795000,2020-09-23 07:28:54.038000
ggtzpdsopzvoztmg,failed,not_found,656,F8DE8132E599A194E20DDB738AF64A7200CD5949,DBE82FA23B9FE3CB2462A6FCF5289DED3CBF4AEE,F24F8BEA2779A79111F33F6832B062BED306B9CB,DCEA2A6D8034E164A4FFDD8AFF997E2F6FB2ECF8,2020-09-23 07:28:54.038000,2020-09-23 07:28:58.289000
ggtzpdsopzvoztmg,failed,not_found,852,F8DE8132E599A194E20DDB738AF64A7200CD5949,B85E6AB2B5F115536B2DA847A3FB99B8A985D437,7997D73272295C1322F30FFD1F32D093E1E19795,DCE5AA5B2287663BE7DBE9C87635FA846138D9A6,2020-09-23 07:28:58.289000,2020-09-23 07:29:02.823000
ggtzpdsopzvoztmg,failed,not_found,1242,F8DE8132E599A194E20DDB738AF64A7200CD5949,58A9921DD0A1389356634625C5B14ACC1194A95C,746B3C4BADCCA09003DD091AF028560A61E0A48E,DD0AA66DD9E4E71FFAFAB658DF8300F1CEEA0364,2020-09-23 07:29:02.824000,2020-09-23 07:29:12.905000
mu6jpiiabohh2rxg,failed,not_found,208,F8DE8132E599A194E20DDB738AF64A7200CD5949,C1B79C4CD9B713BBB6B0522155B46A7BFE3BFAAE,1852D84B0341845F2BDC2CCBC673E9D42307A111,562C61C7F885741D599DB7A1235791D928BEADFD,2020-09-23 07:28:45.021000,2020-09-23 07:28:47.353000
mu6jpiiabohh2rxg,failed,not_found,306,F8DE8132E599A194E20DDB738AF64A7200CD5949,0085057C17BD2E1809E284825F06F94E72FB418C,235D3444236ABC28F412E93814F6B783200D4630,5628495D9939A8C139DD441402DE42F7012B7092,2020-09-23 07:28:47.353000,2020-09-23 07:28:50.065000
mu6jpiiabohh2rxg,failed,not_found,446,F8DE8132E599A194E20DDB738AF64A7200CD5949,86D924EDE1498B4E1DD08D2260F3E9FE454012E1,96070698714DC07AE2B377864625B7EF64E33BF5,4CA8D07878F86ED5B64B4B89030FF4616067210F,2020-09-23 07:28:50.066000,2020-09-23 07:28:54.849000
mu6jpiiabohh2rxg,failed,not_found,691,F8DE8132E599A194E20DDB738AF64A7200CD5949,B05B4BB64FFE5373E293D2C008798FBA9C908BB1,5FCBBEF37C1C629DBACFD4044F724740901CCBAA,4CA64E677ECFF23B138CFE70A6A02E94BDF3A805,2020-09-23 07:28:54.850000,2020-09-23 07:28:58.894000
mu6jpiiabohh2rxg,failed,not_found,967,F8DE8132E599A194E20DDB738AF64A7200CD5949,7355A4A20BA4C083C921464302108C121BAC7EF2,6ACAB4394A94BBFFF391497143E3B49C84798672,562434D987CF49D45649B76ADCA993BEA8F78471,2020-09-23 07:28:58.894000,2020-09-23 07:29:04.938000
mu6jpiiabohh2rxg,failed,not_found,1134,F8DE8132E599A194E20DDB738AF64A7200CD5949,980B28A19B0A66948035A3FE143E5CF613C84122,79B207AD51842FA215D956B9307B3D01CD347368,4C8B019E2B132FDD831419E13F59E7B7FA80476A,2020-09-23 07:29:04.939000,2020-09-23 07:29:11.368000
ee7cw2zmb4gkeqlp,failed,not_found,210,F8DE8132E599A194E20DDB738AF64A7200CD5949,18F34AE6567F5FB081C4353D5EDA5CEE155810C4,8358BDDA9C9A680B4E3A2809E5C24F5B3624D5C2,D3A1B7DEF370CBC6055F3FC540A518C8576D7570,2020-09-23 07:28:45.022000,2020-09-23 07:28:47.681000
ee7cw2zmb4gkeqlp,failed,not_found,321,F8DE8132E599A194E20DDB738AF64A7200CD5949,C0F3C0EF81D84182379AA4CA5AD5A5289D011145,09F3067452D8D1DAFD33D0524A41DBF5295D3472,D628F6BB2330B3F78DBB4BED466B0A586D74782E,2020-09-23 07:28:47.682000,2020-09-23 07:28:50.566000
ee7cw2zmb4gkeqlp,failed,not_found,461,F8DE8132E599A194E20DDB738AF64A7200CD5949,9BAAA9CBA3109C2C807F2E84D5C9C0C8C147DCE6,B70629C29A032979E5AD00CC51D2330845AAFD6A,D64C96CD077BB41FAE847B8FE41FF1965D3C872B,2020-09-23 07:28:50.566000,2020-09-23 07:28:53.912000
ee7cw2zmb4gkeqlp,failed,not_found,639,F8DE8132E599A194E20DDB738AF64A7200CD5949,E6C04728E9339DF22F331B7017D4A7AA3F252F0B,5856DB884578915E7C7A0B7B11E4145B1D2A4E2B,D60C2D85EAD93D23F1C00874D334BBF8A96CD529,2020-09-23 07:28:53.912000,2020-09-23 07:28:57.939000
ee7cw2zmb4gkeqlp,failed,not_found,831,F8DE8132E599A194E20DDB738AF64A7200CD5949,77A56CB237740E24AEA2D61C8C8936232AFC1BD8,5AD3FB658E490BAD9515F363374AA41D65D31A02,D3B72ADA2F3EEDA2BA98F645D620CA1C4060AAF4,2020-09-23 07:28:57.940000,2020-09-23 07:29:02.760000
ee7cw2zmb4gkeqlp,failed,not_found,1149,F8DE8132E599A194E20DDB738AF64A7200CD5949,88CF8D42D49B7C8E9D03ABE5DAE7AF25E9902008,98AEF7B834D688773CE2BCC5A32761A4943CF623,D3BE0C4FEC3AC5955992D336E7BF99DC1F26020C,2020-09-23 07:29:02.761000,2020-09-23 07:29:11.413000
lnqkglmhn73npu6c,failed,not_found,244,F8DE8132E599A194E20DDB738AF64A7200CD5949,FE547E7D1D2B3797EA07BECD5E75C85AA94A5E4A,25990FC54D7268C914170A118EE4EE75025451DA,1C92EA9DFA9E277FA6F023740BE30AD6736D026A,2020-09-23 07:28:46.019000,2020-09-23 07:28:48.425000
lnqkglmhn73npu6c,failed,not_found,363,F8DE8132E599A194E20DDB738AF64A7200CD5949,15BE17C99FACE24470D40AF782D6A9C692AB36D6,4D02D27C88E1BEE726D3C44C7BD7843C0E92ADB2,1CA6E34E762AB5550FBB254A7C7BD874F1550710,2020-09-23 07:28:48.425000,2020-09-23 07:28:51.224000
lnqkglmhn73npu6c,failed,not_found,504,F8DE8132E599A194E20DDB738AF64A7200CD5949,6B5A63BFEEA8EF58DA812F4F05BE98C869809DFB,B98DF300E5EA67357A7F5DDFBA213E6E8312A27C,1CBFDCABD9012B06471FF868FE02B6BCC0133520,2020-09-23 07:28:51.225000,2020-09-23 07:28:54.506000
lnqkglmhn73npu6c,failed,not_found,685,F8DE8132E599A194E20DDB738AF64A7200CD5949,3CCF9573F59137E52787D9C322AC19D2BD090B70,EA3616A0B9BBBDC74121D8D6F01EABDDCF6BE35D,1AAD015F4D885413A2BCE0E58159116901236C49,2020-09-23 07:28:54.506000,2020-09-23 07:28:58.700000
lnqkglmhn73npu6c,failed,not_found,961,F8DE8132E599A194E20DDB738AF64A7200CD5949,2F69F8C4DC02DD15A39BFDB4078A791D89ECEAA2,5DE37A3371AAE7638748EB43C9F1CE66E09D4470,1AAC19D892F84910AB94C45092241ABA3CFC4C89,2020-09-23 07:28:58.701000,2020-09-23 07:29:05.608000
lnqkglmhn73npu6c,failed,not_found,1259,F8DE8132E599A194E20DDB738AF64A7200CD5949,3A8557B067FBE53F168BBEAA7D14D1298AE52A52,7DAC367AF33DBEFEDC684789490E213FD348BE36,1AE180250D80A692077EDA35CC8E7387A9FDF220,2020-09-23 07:29:05.608000,2020-09-23 07:29:14.183000
wdpejaunyeyowlhi,failed,not_found,248,F8DE8132E599A194E20DDB738AF64A7200CD5949,D5C01B85FB3A48D55698CA660A2DE8935388816E,AB73816E5D7BC52664CBB9D005FF579BAFEAFE87,8E39881472946D5BBE41765470D9E3099A0EB4C7,2020-09-23 07:28:46.027000,2020-09-23 07:28:48.197000
wdpejaunyeyowlhi,failed,not_found,357,F8DE8132E599A194E20DDB738AF64A7200CD5949,3D615DEF97F387631F50201FAFA6E7B67FDF3FEF,0E8DB49D5BF5FCAFFA433A78FEE34179419D1C4E,22A3E5C3A74CC41D21E90F14862D3FAA9F41506C,2020-09-23 07:28:48.197000,2020-09-23 07:28:51.276000
wdpejaunyeyowlhi,failed,not_found,592,F8DE8132E599A194E20DDB738AF64A7200CD5949,12D552E8AF7AA2B71B218B5BBF6A5FEFA6F26BA0,B9324F1BEDB1DF62AEE219B0CC41507CE710BA3C,229D865D7AC084D30E5F5016CE5A8C21740F74F4,2020-09-23 07:28:51.277000,2020-09-23 07:28:56.396000
wdpejaunyeyowlhi,failed,not_found,895,F8DE8132E599A194E20DDB738AF64A7200CD5949,C3D92B0696196558E784EF7252A5370192720BE5,F244C5F5DDE2F29CA1F88E4C9F9FACCC48BCA857,8E33A4B1985004E5FBA5F8BF61AE3A23A2BF78E8,2020-09-23 07:28:56.397000,2020-09-23 07:29:04.073000
wdpejaunyeyowlhi,failed,not_found,1194,F8DE8132E599A194E20DDB738AF64A7200CD5949,ED9A731373456FA071C12A3E63E2C8BEF0A6E721,980B28A19B0A66948035A3FE143E5CF613C84122,8E38B11E849336D62AB6264FBAE9B03C70F07863,2020-09-23 07:29:04.074000,2020-09-23 07:29:11.775000
wdpejaunyeyowlhi,failed,not_found,1514,F8DE8132E599A194E20DDB738AF64A7200CD5949,208F39CCF602D9549E57D6A386259C1129B8D244,B9E7A637B00BBB77853A639CC33245A2FEB8F033,22775B953E662151549C114CB8EE5FBDBCBDAD02,2020-09-23 07:29:11.776000,2020-09-23 07:29:20.887000
meadfsywtdzg76j2,failed,not_found,250,F8DE8132E599A194E20DDB738AF64A7200CD5949,91BA193FB362FB7B6679A7A83A3050F3C44A5468,7D31D5118D47BF86C550ABB79EDDE865EC31B67F,A835BE6AAFF5A71D8699737588530FDE141B209E,2020-09-23 07:28:46.028000,2020-09-23 07:28:49.242000
meadfsywtdzg76j2,failed,not_found,393,F8DE8132E599A194E20DDB738AF64A7200CD5949,A0F59999AC612315805D50A3E49FC47B601B8D30,1CD48F4ED0F1821FFBF1940802A13EEFD4C27502,A81B621D6401BBEEC8E2C84228141BAFA711D0D9,2020-09-23 07:28:49.243000,2020-09-23 07:28:52.241000
meadfsywtdzg76j2,failed,not_found,549,F8DE8132E599A194E20DDB738AF64A7200CD5949,FA1845C313B88EF49E8BE1F23B02CD0AC702B636,836460C721577873AD1FF8AB000112A9360EB3A0,9EA4649400C7D35E20C734FA737CF615E925F1E4,2020-09-23 07:28:52.242000,2020-09-23 07:28:55.905000
meadfsywtdzg76j2,failed,not_found,871,F8DE8132E599A194E20DDB738AF64A7200CD5949,22775B953E662151549C114CB8EE5FBDBCBDAD02,21A183AB1F0B207B50A1E08687685A8D940C5F80,9EAD5B2D3DBD96DBC80DCE423B0C345E920A758D,2020-09-23 07:28:55.905000,2020-09-23 07:29:03.778000
meadfsywtdzg76j2,failed,not_found,1181,F8DE8132E599A194E20DDB738AF64A7200CD5949,9DB400402B545DC41DE342E14644F74B7DA4F789,6ED48ED0DD8CB8C626FFD8597C01F2D43AEE8D01,9E8FB4EFEF3A6B62D0F0152B0606753D413BE337,2020-09-23 07:29:03.779000,2020-09-23 07:29:12.377000
meadfsywtdzg76j2,failed,not_found,1556,F8DE8132E599A194E20DDB738AF64A7200CD5949,5CCC3569C67B7F1BB733664D43DF4645F2A4B04D,B33C5B8DDD2EB50EE0B9916547EBDE2BCA3BC567,A838296B9F01A9E2487BC3A25D5E5F2FB8A979FA,2020-09-23 07:29:12.377000,2020-09-23 07:29:21.532000
o3bmae33v6n2ds5l,failed,not_found,288,F8DE8132E599A194E20DDB738AF64A7200CD5949,D5C6F62A5D1B3C711CA5E6F9D3772A432E96F6C2,43FF3346A3F8E4ED27F631DC956C4CD8D6173D7A,0C41DC37946901C297626C0D1ABF68423947DDE5,2020-09-23 07:28:47.010000,2020-09-23 07:28:49.686000
o3bmae33v6n2ds5l,failed,not_found,411,F8DE8132E599A194E20DDB738AF64A7200CD5949,85FB52CF11DC1F7DB0CF16F5F2F5939AA7736A86,76D2EBA82BBCCA3DF9F254A9A8372A10A26F3D14,767E444E1FA1DA75F3B77479DB5AE2FA3FFF75CC,2020-09-23 07:28:49.687000,2020-09-23 07:28:52.471000
o3bmae33v6n2ds5l,failed,not_found,555,F8DE8132E599A194E20DDB738AF64A7200CD5949,61FA7E7C766577D76EBABF19330993DEFA8AF3C3,9AD3DB628164C1E3D77D9DF9D79327B3DF4260FA,0C475BA4D3AA3C289B716F95954CAD616E50C4E5,2020-09-23 07:28:52.471000,2020-09-23 07:28:55.767000
o3bmae33v6n2ds5l,failed,not_found,727,F8DE8132E599A194E20DDB738AF64A7200CD5949,3F5689B1ED8217540F0F6C46390AA18370765827,0F6E5CA4BF5565D9AA9FDDCA165AFC6A5305763D,767E210C587AFB83AF4F654B77F9B9330E4AC8F9,2020-09-23 07:28:55.768000,2020-09-23 07:29:00.085000
o3bmae33v6n2ds5l,failed,not_found,945,F8DE8132E599A194E20DDB738AF64A7200CD5949,945FC4C24461379C93C5119C0DCDD735DDD943A3,425E358E94FB53E7F11AF2D9AB60DE25F534BA1A,0C3599079EF21C4994AD6DDE91F72A48F16E8A98,2020-09-23 07:29:00.085000,2020-09-23 07:29:05.225000
o3bmae33v6n2ds5l,failed,not_found,1238,F8DE8132E599A194E20DDB738AF64A7200CD5949,4FDDFAD51B24DDABB62FB59071F4DC421E76C685,06E72526BBE040C51C5ADFBAA07ADD9AEB5E1FA1,7674C383F7F551E065E3E95BBCFC067157546A17,2020-09-23 07:29:05.226000,2020-09-23 07:29:12.656000
oh4bmtqfnioigius,failed,not_found,292,F8DE8132E599A194E20DDB738AF64A7200CD5949,3547FAF7D6526BBE81CC07FACAD612A99BDD9876,82ED9AEC94184EC6DD299A5CDB3378B04BB17489,3B953203AF332D8FE1452E1CE7CB50A3B5297DB2,2020-09-23 07:28:47.010000,2020-09-23 07:28:49.896000
oh4bmtqfnioigius,failed,not_found,423,F8DE8132E599A194E20DDB738AF64A7200CD5949,CCF28BC8FB26C8C172DEE741702056914D2849BD,DD0C8EEC5CA402A9FA4478F10C31A440F71F6885,3BA07FCB32A0151EF9B76507213E43D8ABD3BE5F,2020-09-23 07:28:49.897000,2020-09-23 07:28:52.706000
oh4bmtqfnioigius,failed,not_found,580,F8DE8132E599A194E20DDB738AF64A7200CD5949,54DE63F4587058B79152A75A0238D7F7A0279215,FC4D03403ECD90463198B9F2F81E0B37ED7AFE1D,3BAACE149DB31574B327BF835B594B707D12CD58,2020-09-23 07:28:52.706000,2020-09-23 07:28:56.477000
oh4bmtqfnioigius,failed,not_found,764,F8DE8132E599A194E20DDB738AF64A7200CD5949,CBD85D49F9C8BC2FCAB1255C7D196524FE926659,8EB722FA1AE9DDE1914BC21FEA22819D4DE99DB4,AA1B026EE0C8A958E29C67C7D8885FF27572269D,2020-09-23 07:28:56.478000,2020-09-23 07:29:01.093000
oh4bmtqfnioigius,failed,not_found,1099,F8DE8132E599A194E20DDB738AF64A7200CD5949,856DAB2FDC9EED88A27BE2265FA6BD5489EF178E,2119E5A4B5F420165BF5DF19A5A28F4610FFD103,AA1C729BA8B846930D53580822A81F6C38432C00,2020-09-23 07:29:01.094000,2020-09-23 07:29:09.412000
oh4bmtqfnioigius,failed,not_found,1419,F8DE8132E599A194E20DDB738AF64A7200CD5949,2AE2CA4BD2B7754F29432C25E03314D52AC4CAF1,F6740DEABFD5F62612FA025A5079EA72846B1F67,AA1E584251FCB7C62FEE3EAB480A5FC909A4493C,2020-09-23 07:29:09.412000,2020-09-23 07:29:17.980000
uz7jhzovy7x6475f,failed,not_found,369,F8DE8132E599A194E20DDB738AF64A7200CD5949,FFA72BD683BC2FCF988356E6BEC1E490F313FB07,DC9E3C6576CC9A04AAE1C465210A972A722571A0,2DBA4CFFFD04A3EDA74A58264B4E4F351AA0F5A2,2020-09-23 07:28:47.016000,2020-09-23 07:28:51.606000
uz7jhzovy7x6475f,failed,not_found,595,F8DE8132E599A194E20DDB738AF64A7200CD5949,F38FB55A8CCA6A00CDD024A5EA2CFECB38A48E15,890530C5B510A506F5CF206EFEC1595F96E727A5,2D8AFA912E2B8623BB2CDACD19332209D524D1A3,2020-09-23 07:28:51.607000,2020-09-23 07:28:56.635000
uz7jhzovy7x6475f,failed,not_found,773,F8DE8132E599A194E20DDB738AF64A7200CD5949,24AF1603CDF4D118E1F7AEBF680C18BDA5E8F793,35513B1D2EA70649346C3C6D34F63D6982E3948A,1AE949967F82BBE7534A3D6BA77A7EBE1CED4369,2020-09-23 07:28:56.636000,2020-09-23 07:29:00.685000
uz7jhzovy7x6475f,failed,not_found,1000,F8DE8132E599A194E20DDB738AF64A7200CD5949,2D47F039F04EEC03EABE484CC017796A0AB48240,D237E2F1FE64CA47F40544CB53403ABF8F51C3D8,2DB8A946826D0CB4F5C3A8264628DD0F16F6612D,2020-09-23 07:29:00.685000,2020-09-23 07:29:06.541000
uz7jhzovy7x6475f,failed,not_found,1294,F8DE8132E599A194E20DDB738AF64A7200CD5949,599A56FAB8E8AA8BB467AB730ADA1F123827E407,BF37445EA2A9F3D04F4B87DFAC624AEF21B559D5,1AFF59F9B2579D78284EF7173A183F34086D4B56,2020-09-23 07:29:06.542000,2020-09-23 07:29:14.311000
uz7jhzovy7x6475f,failed,not_found,1570,F8DE8132E599A194E20DDB738AF64A7200CD5949,3E3CBA3F2870CE76A41D3E97A8D838AA703586E3,383CFCF03B225B3EDCA519197BAA310A58CEAABC,1AE180250D80A692077EDA35CC8E7387A9FDF220,2020-09-23 07:29:14.312000,2020-09-23 07:29:21.740000
nvtz5s3gugvz2skb,failed,not_found,334,F8DE8132E599A194E20DDB738AF64A7200CD5949,454BE75256A4A5EC2B7FE2EB2E1C62F2736AB175,3B60AEB127F4A8CDE7F3798B799EBDC3463FB9C7,FD127D1014ED3D36AFE50558A88BD5E8DB34A645,2020-09-23 07:28:47.991000,2020-09-23 07:28:50.892000
nvtz5s3gugvz2skb,failed,not_found,794,F8DE8132E599A194E20DDB738AF64A7200CD5949,8050142F36144284452018B7B0F6AB238414FD28,8111FEB45EF2950EB8F84BFD8FF070AB07AEE9DD,FCF61C25093BB33BAA203D8EE7E65466D42ECF98,2020-09-23 07:28:50.893000,2020-09-23 07:29:01.647000
nvtz5s3gugvz2skb,failed,not_found,1489,F8DE8132E599A194E20DDB738AF64A7200CD5949,02758CD398E3F842EF82478078AAAE0273770DB2,E8BAE7393740A700D50B010DED9D9EC9A66B390D,ADBED8B751D7D63397FF3300BB3DE76141AA168F,2020-09-23 07:29:01.647000,2020-09-23 07:29:20.207000
nvtz5s3gugvz2skb,,,,,,,FD00BDB335960AFDCA6CD565B81DEF2BA7F27E7D,2020-09-23 07:29:20.207000,
ygor6bteoxu6vx6c,failed,not_found,607,F8DE8132E599A194E20DDB738AF64A7200CD5949,856DAB2FDC9EED88A27BE2265FA6BD5489EF178E,B0DB2F173F0DB364BABF7A465D796B3C048F1F33,8A167971BAE692DB1CCABB92635169AE79C99753,2020-09-23 07:28:47.997000,2020-09-23 07:28:56.796000
ygor6bteoxu6vx6c,failed,not_found,735,F8DE8132E599A194E20DDB738AF64A7200CD5949,00B57BF614F7ED3051073B5D4526FF0B23AF217B,60A9E1FE4D020383A4A0FE58E5950983D08D65E7,DD112ED6E8791EC1B742AF68920BA80679A0D2DB,2020-09-23 07:28:56.797000,2020-09-23 07:29:00.182000
ygor6bteoxu6vx6c,failed,not_found,1052,F8DE8132E599A194E20DDB738AF64A7200CD5949,CD363D373AC041E3F4CD7C64467FB8E9FAA6FBCA,049C1168996B33B2240DF6D83C35B85452CF70A6,89FD4FB2A5FD73B50F2E5D85C4707883F8CD5130,2020-09-23 07:29:00.183000,2020-09-23 07:29:09.312000
ygor6bteoxu6vx6c,failed,not_found,1399,F8DE8132E599A194E20DDB738AF64A7200CD5949,3A51E32A303A0E0A3AB8AA1CCBE98FF8791E2341,F6740DEABFD5F62612FA025A5079EA72846B1F67,DD11B751992F2EA59163ABBC608D085DE2CE2352,2020-09-23 07:29:09.313000,2020-09-23 07:29:18.067000
ygor6bteoxu6vx6c,,,,,,,89FF4A0818D8BE9F8B71338D96A6B854F77F9FEC,2020-09-23 07:29:18.068000,
5domgngpq23dcqpp,failed,not_found,289,F8DE8132E599A194E20DDB738AF64A7200CD5949,1CD48F4ED0F1821FFBF1940802A13EEFD4C27502,A0C59410B9030AC1385C4CA44C8DBFE13AF4BC9B,C4FD2403CC929297B559A49E582516944F75C6A9,2020-09-23 07:28:48.003000,2020-09-23 07:28:49.838000
5domgngpq23dcqpp,failed,not_found,417,F8DE8132E599A194E20DDB738AF64A7200CD5949,17CDC54BBDBDED0574C04FEE37C4030455C2F28E,21C9D9F1633246269DEB84A79495E85C07E8466D,C51701910DEA998F4F51287A71B7E94449A3E9BC,2020-09-23 07:28:49.839000,2020-09-23 07:28:52.664000
5domgngpq23dcqpp,failed,not_found,780,F8DE8132E599A194E20DDB738AF64A7200CD5949,02ED4F8DB11F1303BA21B16AA1CF2A0A48547ACA,F0364DBC2E4221405354433B65503E816D887C01,C542D452D42DBD01A071D2DA1CE6EE15AF40F5C2,2020-09-23 07:28:52.664000,2020-09-23 07:29:01.195000
5domgngpq23dcqpp,failed,not_found,1109,F8DE8132E599A194E20DDB738AF64A7200CD5949,FC1E441E097BA36930AA2F615EFB325AF76D2595,6D163F649ECBE9DC20F016236EF36D7E1559E98E,7133DFC5BDF3E311A03C6F93F12EF51A6BCD6B1B,2020-09-23 07:29:01.196000,2020-09-23 07:29:09.015000
5domgngpq23dcqpp,failed,not_found,1337,F8DE8132E599A194E20DDB738AF64A7200CD5949,04DFE047ACDF7A6620ACA782FAFC5EF1AE7F4754,71D15B4A7DD9FB70B0E1439F7D350B8FACCFC306,714425418EEEDFACC86D87544B265892E98FA32B,2020-09-23 07:29:09.015000,2020-09-23 07:29:15.465000
5domgngpq23dcqpp,failed,not_found,1739,F8DE8132E599A194E20DDB738AF64A7200CD5949,221546DAE86B003139B13BD6F6AE1B4B42B59DF8,75D77007F098513C70773B5EC46159DD41F2F7ED,71026B999E15ECC0BCCA56B972E210CCA76AD96A,2020-09-23 07:29:15.465000,2020-09-23 07:29:27.907000
2lttzseojsvcj7q2,failed,not_found,382,F8DE8132E599A194E20DDB738AF64A7200CD5949,9C1E47FF205F349D69D569AE7ED15366A5554A46,1CD48F4ED0F1821FFBF1940802A13EEFD4C27502,EBB50442D1D826DBE9C61A9EE5E0A2CE44DD989A,2020-09-23 07:28:49.042000,2020-09-23 07:28:51.924000
2lttzseojsvcj7q2,failed,not_found,531,F8DE8132E599A194E20DDB738AF64A7200CD5949,D56A98D38FC3C75E0347EEF3DD9C12749AF7C7C5,F244C5F5DDE2F29CA1F88E4C9F9FACCC48BCA857,DA7D794AC20E958D64E3292E36F36F0434F149F2,2020-09-23 07:28:51.925000,2020-09-23 07:28:55.554000
2lttzseojsvcj7q2,failed,not_found,711,F8DE8132E599A194E20DDB738AF64A7200CD5949,00B57BF614F7ED3051073B5D4526FF0B23AF217B,401A66747713038CEEF6ED28C8AFEB70570EEBCC,EBB799FADD615E93CA97BE5583E5EB97DD21E10F,2020-09-23 07:28:55.555000,2020-09-23 07:29:00.084000
2lttzseojsvcj7q2,failed,not_found,1093,F8DE8132E599A194E20DDB738AF64A7200CD5949,8CDF2F3A8ABD834CF9F3E8FC202DF64625BFB443,A50CFA07258E3CEA7B06FC9B6248A257565287F5,DA8D76F5F5819693B5C96F499BA19F7404014769,2020-09-23 07:29:00.085000,2020-09-23 07:29:09.411000
2lttzseojsvcj7q2,failed,not_found,1415,F8DE8132E599A194E20DDB738AF64A7200CD5949,104DC15ACFA69CF94F89E8ED0F6CDB2D298234D2,96DAFDCE92BA94E4CC95F8314AE48E272A702FDC,DA870A2F894E933EC391C29B4E9FAA9070EFAFB2,2020-09-23 07:29:09.411000,2020-09-23 07:29:18.150000
2lttzseojsvcj7q2,,,,,,,EBC5539131FEEA004C41986C0BD03B5C85BBEBD5,2020-09-23 07:29:18.151000,
ngi6uj35hn37lcal,failed,not_found,385,F8DE8132E599A194E20DDB738AF64A7200CD5949,53134D9637D9FBE565FA1E3AF82B23CC964C56D6,DAC825BBF05D678ABDEA1C3086E8D99CF0BBF112,CE6813FEA256EE63BCD2A178E453202BFAA64FA7,2020-09-23 07:28:49.043000,2020-09-23 07:28:51.613000
ngi6uj35hn37lcal,failed,not_found,694,F8DE8132E599A194E20DDB738AF64A7200CD5949,BF37445EA2A9F3D04F4B87DFAC624AEF21B559D5,CD5316A75554C2DADB87EF3624E95D848C309CE8,CE47F0356D86CF0A1A2008D97623216D560FB0A8,2020-09-23 07:28:51.614000,2020-09-23 07:28:58.724000
ngi6uj35hn37lcal,failed,not_found,966,F8DE8132E599A194E20DDB738AF64A7200CD5949,66BD39FE805AED414ADE400CAAD862C9CC3AC34E,B76A047C20D3E4F9B5A64428298DA55A90D62472,96B358744E1DB0D6DBB96D32C27F91E9F695275E,2020-09-23 07:28:58.724000,2020-09-23 07:29:05.313000
ngi6uj35hn37lcal,failed,not_found,1603,F8DE8132E599A194E20DDB738AF64A7200CD5949,91517F219F7648E4B8BBF3C162C77DDC55315612,3968C52AD4459646D90EA40AFD2823DECD204085,CE58CF666F209857502FCEAF1CB52F638AFFBD63,2020-09-23 07:29:05.313000,2020-09-23 07:29:13.079000
ngi6uj35hn37lcal,failed,not_found,1598,F8DE8132E599A194E20DDB738AF64A7200CD5949,42D47C736518BFA495CA31AEE40AE468F0BDA2A6,8701E70AC4C0C9E1FE47EA853FC997D29BE5D65C,9684C4D6C71131EEEF2E5C23C3EA234A684CD501,2020-09-23 07:29:13.081000,2020-09-23 07:29:23.362000
ngi6uj35hn37lcal,,,,,,,968CF9A51740B682ABE4DB11829488281B66DBD8,2020-09-23 07:29:23.363000,
qaowzxjamqt7jj7j,failed,not_found,388,F8DE8132E599A194E20DDB738AF64A7200CD5949,66C102FA5DDF48C9EEEB048C1630933B66C50ECC,B70BD334FFEE23E653B75219AE12CF0236BCFCBB,2A2022D386894D3CB3438752977C27A7AF50BAFA,2020-09-23 07:28:49.043000,2020-09-23 07:28:52.609000
qaowzxjamqt7jj7j,failed,not_found,563,F8DE8132E599A194E20DDB738AF64A7200CD5949,1CD48F4ED0F1821FFBF1940802A13EEFD4C27502,B8BF2948E7830586F64EE92CCEABFB202E2FBF85,29DDD25C8383FDA559D4E0E88F820AB88C26212A,2020-09-23 07:28:52.610000,2020-09-23 07:28:55.591000
qaowzxjamqt7jj7j,failed,not_found,717,F8DE8132E599A194E20DDB738AF64A7200CD5949,58F3E2956EABB81F673E2FB90E16E001DB4AC3AE,A066E7983758C7CC0097E16ACF4F7B71BAFA44E9,29BBD80A1702C7FDEF6557C492F44E9EBAB2854A,2020-09-23 07:28:55.591000,2020-09-23 07:28:59.911000
qaowzxjamqt7jj7j,failed,not_found,1087,F8DE8132E599A194E20DDB738AF64A7200CD5949,25990FC54D7268C914170A118EE4EE75025451DA,69BE1831EC63C751D241E5E962DA4793355A6253,5C8A60F3F936C1FCD64D9ACFBCFF898E51A4D179,2020-09-23 07:28:59.911000,2020-09-23 07:29:08.764000
qaowzxjamqt7jj7j,failed,not_found,1366,F8DE8132E599A194E20DDB738AF64A7200CD5949,488E663B4A88C12E6DE6C12F7A6053F09BF7A61A,06E72526BBE040C51C5ADFBAA07ADD9AEB5E1FA1,5C818A86C30F51951EA054E0730DF62E4F35E964,2020-09-23 07:29:08.765000,2020-09-23 07:29:17.344000
qaowzxjamqt7jj7j,,,,,,,5C83A9F985E2ACFBC3D3E5DB7F5C7C91FF7FE7AA,2020-09-23 07:29:17.345000,
uoz5amko5v5nxbg2,failed,not_found,437,F8DE8132E599A194E20DDB738AF64A7200CD5949,A99B0D9E5FD5BC3C8F2D006EC91F8C7F40E09CB8,F24F8BEA2779A79111F33F6832B062BED306B9CB,BD6FFF1AD5A88A8D43870D43EC4450081B4B2BBA,2020-09-23 07:28:50.052000,2020-09-23 07:28:53.353000
uoz5amko5v5nxbg2,failed,not_found,698,F8DE8132E599A194E20DDB738AF64A7200CD5949,235D3444236ABC28F412E93814F6B783200D4630,B7826E5C7C22D696E42AE96B696F66C5E9D86984,BD93BEE8C51C129235360A79D76CE6256FF99453,2020-09-23 07:28:53.353000,2020-09-23 07:28:59.548000
uoz5amko5v5nxbg2,failed,not_found,1067,F8DE8132E599A194E20DDB738AF64A7200CD5949,DA8D76F5F5819693B5C96F499BA19F7404014769,4CDAF2ABCFF8F048FCB4316807DC6336A7803DDE,BD839A8E18E97E084430D9342B94B5676F81A373,2020-09-23 07:28:59.548000,2020-09-23 07:29:08.736000
uoz5amko5v5nxbg2,failed,not_found,1362,F8DE8132E599A194E20DDB738AF64A7200CD5949,A13281DBD8F8E484E95DD273B3EE7FC14C1B0A7A,03910F285A33F365838EC66EF2C2EF754D046760,F29886E347A5B505826A4CFE7B5CE6922393DBED,2020-09-23 07:29:08.737000,2020-09-23 07:29:16.037000
uoz5amko5v5nxbg2,,,,,,,F2D09EBC1F1BD97A7EEF896D015D6BB9C6874753,2020-09-23 07:29:16.038000,
drmnhcagoi3cvpxq,failed,not_found,440,F8DE8132E599A194E20DDB738AF64A7200CD5949,6E4B0D429CD87AB6C25D72E298294C583FF8BA4A,F3936F97C14EFCFD18154DF4443B91FEDD071F47,BE394E28DCE7CAE18FA9F18321771E2102F9F5D1,2020-09-23 07:28:50.052000,2020-09-23 07:28:52.929000
drmnhcagoi3cvpxq,failed,not_found,586,F8DE8132E599A194E20DDB738AF64A7200CD5949,2EB3C230180694A1E848001E20F36F76A2287039,1B9FACF25E17D26E307EA7CFA7D455B144B032E5,BE48173BCF9F2C3448192916BEEF01EA745F7DA3,2020-09-23 07:28:52.930000,2020-09-23 07:28:56.626000
drmnhcagoi3cvpxq,failed,not_found,770,F8DE8132E599A194E20DDB738AF64A7200CD5949,213F2B4AB09EE6FF8CA21B804B2E1BD8835088D3,4CFE65E16DBE9D9ED0CFFBD9BEEEE4EAE50CD33F,BE3B9024A0EBBE72FF212979FB695FC6117E1EF5,2020-09-23 07:28:56.627000,2020-09-23 07:29:01.197000
drmnhcagoi3cvpxq,failed,not_found,1123,F8DE8132E599A194E20DDB738AF64A7200CD5949,A6277ACC55DB0A488F615B9672427E0DD1B4F87C,85A885433E50B1874F11CEC9BE98451E24660976,4DE4F06C019EC4814D486524C2A282C1DC7653DE,2020-09-23 07:29:01.197000,2020-09-23 07:29:10.020000
drmnhcagoi3cvpxq,failed,not_found,1436,F8DE8132E599A194E20DDB738AF64A7200CD5949,D5607ADD1FDDB657482E23F09AB173310C802590,2AE2CA4BD2B7754F29432C25E03314D52AC4CAF1,4DCB46379527DD9E958879C18628FDA7C2A4AF84,2020-09-23 07:29:10.021000,2020-09-23 07:29:18.214000
drmnhcagoi3cvpxq,,,,,,,4DD11C3F11F5E2891D57EF9F7DF43BEE1B514FCE,2020-09-23 07:29:18.215000,
f7o7gkeic5qf4g7v,failed,not_found,583,F8DE8132E599A194E20DDB738AF64A7200CD5949,8C9704A8068E46CD91287DE3C332EFE2E21C685A,64E257D94E739278D5954CC820C9D7EAC4E7A7B7,2F644DDEF8BAA31BA0240E6C6D36665D90DA57C9,2020-09-23 07:28:50.059000,2020-09-23 07:28:56.396000
f7o7gkeic5qf4g7v,failed,not_found,758,F8DE8132E599A194E20DDB738AF64A7200CD5949,39157328C19734ACD46BC6CD247F5E673D9EE9C8,FB016E16B8CD7A0E53DEEF31ED8754E4F6B8E837,A29D2A78A8A954819E220CEFBEBCE95D2FCFA54D,2020-09-23 07:28:56.396000,2020-09-23 07:29:00.421000
f7o7gkeic5qf4g7v,failed,not_found,987,F8DE8132E599A194E20DDB738AF64A7200CD5949,C414F28FD2BEC1553024299B31D4E726BEB8E788,09A70E396DE93F54D4541BBB0EC8E2B23761F34F,2F4F5FBB055B01D753FA8DC493B9DBB10438D31B,2020-09-23 07:29:00.422000,2020-09-23 07:29:06.483000
f7o7gkeic5qf4g7v,failed,not_found,1290,F8DE8132E599A194E20DDB738AF64A7200CD5949,C6E3910CBADCA6D2D7E932AB31A038EDD6A6FB79,02A29A2F958211F9BB5821153296EFFED900ECC6,A25E49E879B23EDA09882ED99AFB93FBE6B5F605,2020-09-23 07:29:06.484000,2020-09-23 07:29:14.844000
f7o7gkeic5qf4g7v,failed,not_found,1651,F8DE8132E599A194E20DDB738AF64A7200CD5949,131FBC8A3D4B44DE9B258ADC58674082B1E06D2C,CE34F2DA5B7B419D9D126530DCE86EA87D6D13EE,A25F6BDE6E5E45555E2FCCC4F50460A65544D61F,2020-09-23 07:29:14.844000,2020-09-23 07:29:25.138000
f7o7gkeic5qf4g7v,,,,,,,2F45CDBD6058E268A0084C94D492CABDFBF69E4C,2020-09-23 07:29:25.141000,
6r4d76uuqi2xgwqe,failed,not_found,643,F8DE8132E599A194E20DDB738AF64A7200CD5949,B76A047C20D3E4F9B5A64428298DA55A90D62472,A6AA94B4007A0E2919B2DA8ECF2CFA3CA1761A13,366EF9AC18388CE15002C7FB32A6C85AEE9EA03A,2020-09-23 07:28:51.045000,2020-09-23 07:28:58.092000
6r4d76uuqi2xgwqe,failed,not_found,1116,F8DE8132E599A194E20DDB738AF64A7200CD5949,31FC0066DA78D1464A2542E8D9EBF6FD6F99AE1E,97755455E7DC4E95F0F2EE660FCF11726B6BF69A,369FD7461D2FF60A860816EB8A0CB289CEF3AE93,2020-09-23 07:28:58.092000,2020-09-23 07:29:10.568000
6r4d76uuqi2xgwqe,failed,not_found,1552,F8DE8132E599A194E20DDB738AF64A7200CD5949,1E03D81C9744DE0E3C9DE6E6FBDF1DF9DAEA5AFC,1AAC19D892F84910AB94C45092241ABA3CFC4C89,5CB30C264BB9EB17CF2FC6AEB611593B54C371C2,2020-09-23 07:29:10.569000,2020-09-23 07:29:21.376000
6r4d76uuqi2xgwqe,,,,,,,5CCC3569C67B7F1BB733664D43DF4645F2A4B04D,2020-09-23 07:29:21.377000,
fytuzzyz5mcwocr2,failed,not_found,495,F8DE8132E599A194E20DDB738AF64A7200CD5949,E5CC82DF823F15F9EEF99F22BFB1F3CC5F5076EF,9EB3FD84065E5622A57EFEF14E41A01B5B99A022,6F7E602D79D16C871F8984B98658F2C9928F2FD9,2020-09-23 07:28:51.071000,2020-09-23 07:28:54.458000
fytuzzyz5mcwocr2,failed,not_found,965,F8DE8132E599A194E20DDB738AF64A7200CD5949,7355A4A20BA4C083C921464302108C121BAC7EF2,0F6E56C326DC9719942E8BBA58C22F71332DA891,AE08D159352237844C60E0153AC8578320922FB8,2020-09-23 07:28:54.458000,2020-09-23 07:29:05.437000
fytuzzyz5mcwocr2,failed,not_found,1255,F8DE8132E599A194E20DDB738AF64A7200CD5949,7FA3FA525901A91A1310B817943668BC2C16289E,96D656384559910834CFDB128D843F819D5D2FD5,AE1337069C16BD843B6767328919C3349770459D,2020-09-23 07:29:05.437000,2020-09-23 07:29:13.909000
fytuzzyz5mcwocr2,,,,,,,AE236568ED01527850FA0D5BEFBBF6C6BDA47AF0,2020-09-23 07:29:13.910000,
ndff223pin7yehrg,failed,not_found,498,F8DE8132E599A194E20DDB738AF64A7200CD5949,A22B1C2EF2255987F8AB8AA0B1A8E23F5023EEB8,BF37445EA2A9F3D04F4B87DFAC624AEF21B559D5,1B8FAEDFD428C546A9DCC9EC15E13C0550222D44,2020-09-23 07:28:51.080000,2020-09-23 07:28:54.127000
ndff223pin7yehrg,failed,not_found,777,F8DE8132E599A194E20DDB738AF64A7200CD5949,0B25110BA3473A6DC04AB58A3A0D5E4D6922A0E0,9E6BA60AFBF9A4946A52770ABCDFC95703DAD6CB,70F09E981D6D4A34A35F248F0C873CBA356A0612,2020-09-23 07:28:54.127000,2020-09-23 07:28:59.809000
ndff223pin7yehrg,failed,not_found,1092,F8DE8132E599A194E20DDB738AF64A7200CD5949,86CDD0D92AB972538416A382D99666736CDDF141,E2AB420FC7D9513C79D034BEF9A977635E4E7851,1B8188170F0AD7998A7D04BD5CE9F6128B032C8E,2020-09-23 07:28:59.809000,2020-09-23 07:29:09.605000
ndff223pin7yehrg,failed,not_found,1315,F8DE8132E599A194E20DDB738AF64A7200CD5949,BCB62B3A62BED044233AC61624FDEF9B0E862984,61B8BDC91AA7BC9A05EB5A3D652FFF88C98E6911,70FF4E669EC69F8E324537D05ADDAAED76303D8D,2020-09-23 07:29:09.606000,2020-09-23 07:29:18.215000
ndff223pin7yehrg,,,,,,,1B90395827F7499A37C73F09BC5AA0225808F6FC,2020-09-23 07:29:18.216000,
gfbm7u47doz6jzqs,failed,not_found,534,F8DE8132E599A194E20DDB738AF64A7200CD5949,005079A42356183CEA5A3ADD239303F44F12E7EA,567E9785458C605E59202755C74898E3C96FB1CC,F84661C6C715DA2ECFB00CFE5859AE5733229BC0,2020-09-23 07:28:52.004000,2020-09-23 07:28:56.393000
gfbm7u47doz6jzqs,failed,not_found,755,F8DE8132E599A194E20DDB738AF64A7200CD5949,FF09929A568B6941CE9B084F3A92CBBAE05D1942,181DC60C824EB562761FADADFFB7F1E18C19E96A,F81F63FDF6B566D63D3A1112FC9D3EA1D3A285D1,2020-09-23 07:28:56.393000,2020-09-23 07:29:00.575000
gfbm7u47doz6jzqs,failed,not_found,1079,F8DE8132E599A194E20DDB738AF64A7200CD5949,9063C7EC4A3273446DC05E9310A5C5B2F4235696,F24F8BEA2779A79111F33F6832B062BED306B9CB,97F51AF6791AD33981CE25DC7A2618429F25B3B0,2020-09-23 07:29:00.575000,2020-09-23 07:29:08.821000
gfbm7u47doz6jzqs,failed,not_found,1371,F8DE8132E599A194E20DDB738AF64A7200CD5949,41145C3169D810DB360FF2FCA232093B02C0B262,648E97719EDEC4F0E08F1CEB8D24F2C8F587344C,F836446663F1EB816F13708955F105D0B2F5C8E0,2020-09-23 07:29:08.822000,2020-09-23 07:29:16.819000
gfbm7u47doz6jzqs,,,,,,,9803B536ED203C9AAAFC3E53CD4935BA85FF402F,2020-09-23 07:29:16.820000,
scarxzkqss4c44zw,failed,not_found,537,F8DE8132E599A194E20DDB738AF64A7200CD5949,A2C6C931D8627C6605288970889DDB88C7BA2142,CC6910CF21D17C1BD68FE224CE7685BEB42558A8,42EFF3531952A7AF86F67B6749F0D8C7E5EB2B70,2020-09-23 07:28:52.005000,2020-09-23 07:28:55.764000
scarxzkqss4c44zw,failed,not_found,721,F8DE8132E599A194E20DDB738AF64A7200CD5949,3B953203AF332D8FE1452E1CE7CB50A3B5297DB2,4D52E15C5637FB70736DD3B03F2AAE7C253BF4B4,43016344D7E4CB2E73F289D57EFF9D64ACAA827B,2020-09-23 07:28:55.766000,2020-09-23 07:29:00.664000
scarxzkqss4c44zw,failed,not_found,996,F8DE8132E599A194E20DDB738AF64A7200CD5949,02928855BFAD787F8B363F21860D1E7D156E0655,F8D27B163B9247B232A2EEE68DD8B698695C28DE,361D33C96D0F161275EE67E2C91EE10B276E778B,2020-09-23 07:29:00.665000,2020-09-23 07:29:06.393000
scarxzkqss4c44zw,failed,not_found,1222,F8DE8132E599A194E20DDB738AF64A7200CD5949,81E18725397D620DA548ABBE24D9CD263DEF2FDC,A35944904C0C18955AFB76539CF5EBF805C0A31D,42E440E573CAA2C309041B448BDB8FC5D066E535,2020-09-23 07:29:06.394000,2020-09-23 07:29:12.488000
scarxzkqss4c44zw,failed,not_found,1564,F8DE8132E599A194E20DDB738AF64A7200CD5949,1C8B3C3D8BC705883B7799C915B2FE1E0FEB006F,69BE1831EC63C751D241E5E962DA4793355A6253,36414078C521BA19168260F6DF23C97995976289,2020-09-23 07:29:12.488000,2020-09-23 07:29:21.460000
scarxzkqss4c44zw,,,,,,,361FAD570CA5DECF10A1C27EC3F8961D076E10D2,2020-09-23 07:29:21.461000,
i42zzuajrn5qnmel,failed,not_found,540,F8DE8132E599A194E20DDB738AF64A7200CD5949,CC09DFB016081AD50686DAC96440BB2D6F343251,A690C6AA8102C027D297AF3401BFE16918CCF7A6,325499E7D6927D51229019F2EE031F26EBE095BB,2020-09-23 07:28:52.006000,2020-09-23 07:28:56.559000
i42zzuajrn5qnmel,failed,not_found,849,F8DE8132E599A194E20DDB738AF64A7200CD5949,0E2EEC125A6AC8D5EBF5DB36B776A3DA5510E7A0,01FF9C8571D1C09FA8D2ACCE727D5530FEC10038,327F5823438B8EC86EC33355C147D8455AB1C14B,2020-09-23 07:28:56.560000,2020-09-23 07:29:02.870000
i42zzuajrn5qnmel,failed,not_found,1161,F8DE8132E599A194E20DDB738AF64A7200CD5949,7674C383F7F551E065E3E95BBCFC067157546A17,2779DB3B7A0EEC32F39792E393CAA134847BBF6C,7C56BA2175839470ACAAB72E045DD6820764B733,2020-09-23 07:29:02.871000,2020-09-23 07:29:11.774000
i42zzuajrn5qnmel,failed,not_found,1510,F8DE8132E599A194E20DDB738AF64A7200CD5949,EAA823552F959DFD038E9AC8FA89345A738B6C00,876C7CE43774366250D3E768E690DAB9D4B5D5A3,326853AA78DA467E997E6040ADD0DCFF840E0CB5,2020-09-23 07:29:11.775000,2020-09-23 07:29:20.886000
i42zzuajrn5qnmel,,,,,,,7C4107977E6ACCE7FCDF97641B6F8173A96A342C,2020-09-23 07:29:20.887000,
forzjzz6roedht2n,failed,not_found,589,F8DE8132E599A194E20DDB738AF64A7200CD5949,B204DE75B37064EF6A4C6BAF955C5724578D0B32,1034775A01EA629979D0A601EC85FDF2F584CC45,C7106F0C6A7CF0F592CBAFF7C79BD81153B1B5F5,2020-09-23 07:28:52.987000,2020-09-23 07:28:56.336000
forzjzz6roedht2n,failed,not_found,708,F8DE8132E599A194E20DDB738AF64A7200CD5949,F6D600CF13B3BBE2A91A0653F1EC9D00E7CB3A6B,C3E0E9EA1FF3FCFC27E856BFE61533020DD7F090,8287DADC415B3E667C617EEFB6E7D654C7AC0C47,2020-09-23 07:28:56.336000,2020-09-23 07:29:01.288000
forzjzz6roedht2n,failed,not_found,1044,F8DE8132E599A194E20DDB738AF64A7200CD5949,74A55E12F6A9FD17165A356C00407F4D206E8368,26220AEA188B8D0E47BB541E1A616EB3AD70295F,828112B80D28A92311A8C6C7CCF369B316C40744,2020-09-23 07:29:01.288000,2020-09-23 07:29:07.043000
forzjzz6roedht2n,failed,not_found,1303,F8DE8132E599A194E20DDB738AF64A7200CD5949,8CDF2F3A8ABD834CF9F3E8FC202DF64625BFB443,8C94FAB733C8F1E6C1828946DB77699DD9AC63D7,C72A5061DD5EB229CDF16BADA740943EEAEEFE51,2020-09-23 07:29:07.044000,2020-09-23 07:29:15.207000
forzjzz6roedht2n,,,,,,,8275CE20C53D79EC51CA87292E7FC58F238F100C,2020-09-23 07:29:15.208000,
to5wvggucvbih2ok,failed,not_found,601,F8DE8132E599A194E20DDB738AF64A7200CD5949,03E0F4EE272731601773F48E64240D3A8896A5E3,F50CF02A0E6A9D9B25F7EB220FC26F7BD1B74999,8310506FEB8DA98EAE0C30F65413B4E20B6BE3E0,2020-09-23 07:28:52.999000,2020-09-23 07:28:57.019000
to5wvggucvbih2ok,failed,not_found,820,F8DE8132E599A194E20DDB738AF64A7200CD5949,D49BB7514C78F68303D879AF7C3D5D67148F599B,1E03D81C9744DE0E3C9DE6E6FBDF1DF9DAEA5AFC,DD0AA66DD9E4E71FFAFAB658DF8300F1CEEA0364,2020-09-23 07:28:57.019000,2020-09-23 07:29:01.959000
to5wvggucvbih2ok,failed,not_found,1088,F8DE8132E599A194E20DDB738AF64A7200CD5949,5F58E9417DF94A66529864FA1134635614958A44,861BCFDD148973985E7FE97C7455C9E4AC4E13BE,834C91DEEB2FE4FEFCE55A99C378968FB659115C,2020-09-23 07:29:01.960000,2020-09-23 07:29:08.560000
to5wvggucvbih2ok,failed,not_found,1348,F8DE8132E599A194E20DDB738AF64A7200CD5949,C3263F4B4E92127B7CD15E8F9746B4382233424A,CA95B3584C44DED8107AF5B3D8C25C562CC64DD4,83381B9F72D753F3F57A5380F6C6D2EB07A4837F,2020-09-23 07:29:08.561000,2020-09-23 07:29:15.901000
to5wvggucvbih2ok,,,,,,,DCE5AA5B2287663BE7DBE9C87635FA846138D9A6,2020-09-23 07:29:15.902000,
fhxcny5cy2cgbmjo,failed,not_found,560,F8DE8132E599A194E20DDB738AF64A7200CD5949,FAE19F64F4C3B5351D95D1794CDC6A6AD0C8CB83,C78D4AB34C920D156160C811C39B1BB92A6BED7D,92E82B6D71C8073C748BA74E818C478B4B5C793B,2020-09-23 07:28:53.007000,2020-09-23 07:28:57.043000
fhxcny5cy2cgbmjo,failed,not_found,791,F8DE8132E599A194E20DDB738AF64A7200CD5949,D8C80A5F43C650C98640A5C2E1590949CC96A47B,A3AFBDEE30238E44899C9F8B7666D12B09C8EE32,92BE02DD3B76061222898FA81268C074046846E9,2020-09-23 07:28:57.044000,2020-09-23 07:29:01.715000
fhxcny5cy2cgbmjo,failed,not_found,1063,F8DE8132E599A194E20DDB738AF64A7200CD5949,842B1F6C4B9E41FC9059DF675C5DF5BDA9F0FC73,03A6C11856113883CE89F7421CE74F3B4180B504,F0832608B0D52E7B4418E54E655CA18A585DEDB8,2020-09-23 07:29:01.716000,2020-09-23 07:29:07.921000
fhxcny5cy2cgbmjo,failed,not_found,1324,F8DE8132E599A194E20DDB738AF64A7200CD5949,96B70F86B45623B4EC71E8E953DCD61A05D5BAAC,3CCF9573F59137E52787D9C322AC19D2BD090B70,92E807AC5E23CCD9FE623EA4DC020B1627A0D09B,2020-09-23 07:29:07.921000,2020-09-23 07:29:14.980000
fhxcny5cy2cgbmjo,,,,,,,F08A3744CA6568ED28545C2B7C1BE7D8BA27CBDE,2020-09-23 07:29:14.980000,
3qs2wyoz4u7tqvrf,failed,not_found,609,F8DE8132E599A194E20DDB738AF64A7200CD5949,3AE9B85D5945000C2A65F4E054171928D5BDE91E,5DA69B086B833FC1DFCF2D9C8B9C3B03137C7EFD,F6F59B64B2494F29899E8072BCB0E6B3E070A917,2020-09-23 07:28:54.126000,2020-09-23 07:28:57.389000
3qs2wyoz4u7tqvrf,failed,not_found,809,F8DE8132E599A194E20DDB738AF64A7200CD5949,F6D600CF13B3BBE2A91A0653F1EC9D00E7CB3A6B,22775B953E662151549C114CB8EE5FBDBCBDAD02,098B3457ABA31AD65A3AF47F61B623E35B3FAB2D,2020-09-23 07:28:57.389000,2020-09-23 07:29:01.984000
3qs2wyoz4u7tqvrf,failed,not_found,1100,F8DE8132E599A194E20DDB738AF64A7200CD5949,AA7630738F82C4DF26BB8EFF131564DACDEAC64C,23A2D8DDF761F35CC63BDF65E604B76A7E2F6971,F703D459983875CE9CED6AF74788A597ED662674,2020-09-23 07:29:01.985000,2020-09-23 07:29:08.901000
3qs2wyoz4u7tqvrf,failed,not_found,1376,F8DE8132E599A194E20DDB738AF64A7200CD5949,0D7C69551F9186DB589BDF00858314AC136A33DA,E03E581AA42A211F69DC63608B1980F10AE52C26,09930800210FF35CE84F2DEEDB4F9B67812B9717,2020-09-23 07:29:08.901000,2020-09-23 07:29:17.792000
3qs2wyoz4u7tqvrf,,,,,,,F7026246823C6322921F3AB87537EBB020AB01E5,2020-09-23 07:29:17.793000,
u6qe7bigscv4ltty,failed,not_found,664,F8DE8132E599A194E20DDB738AF64A7200CD5949,C013F6A7A2297FA4CD00D05EF4A1C5222B844B25,9E1E4F5B5F94812D02C4D18CB4086CE71CA5C614,DE72FEB474E8A3CC502CFC43621180EA9D462FE0,2020-09-23 07:28:54.126000,2020-09-23 07:28:58.585000
u6qe7bigscv4ltty,failed,not_found,864,F8DE8132E599A194E20DDB738AF64A7200CD5949,2F69F8C4DC02DD15A39BFDB4078A791D89ECEAA2,58ED9C9C35E433EE58764D62892B4FFD518A3CD0,DE81E82F60AFCA34FB5F94D78F590FEEBB435CDC,2020-09-23 07:28:58.586000,2020-09-23 07:29:03.201000
u6qe7bigscv4ltty,failed,not_found,1177,F8DE8132E599A194E20DDB738AF64A7200CD5949,99339F3E68BCCC1391BF14C821D80766FE0C5956,D54247E35545388D9C42E4716EDC59F67907789F,BAF223E9DF62D3261F1675C6CFC4E5D50F15FA57,2020-09-23 07:29:03.202000,2020-09-23 07:29:11.787000
u6qe7bigscv4ltty,failed,not_found,1518,F8DE8132E599A194E20DDB738AF64A7200CD5949,4B351545DD58473F36B0A20E5500AC6ED51E8CD5,EB65CCB8612FA67FED17B57DA5B6919E40296DD0,BAE70B5A61B12A3D31DEE94E697AF1FDA9A9B82D,2020-09-23 07:29:11.787000,2020-09-23 07:29:21.459000
u6qe7bigscv4ltty,,,,,,,BAFF362A8319E1F89FE4C9F3B8A1734E2E2E32AB,2020-09-23 07:29:21.460000,
taai3l7rfresgoxs,failed,not_found,819,F8DE8132E599A194E20DDB738AF64A7200CD5949,A2F7674E837C4131D70A840262AFC269801F14BA,88748052843CC93A02BE1D9E9B5B358AB3A104AA,7761DDC7EB1BE26D4155F74A15F12C32A36FE0F2,2020-09-23 07:28:54.127000,2020-09-23 07:29:02.491000
taai3l7rfresgoxs,failed,not_found,1133,F8DE8132E599A194E20DDB738AF64A7200CD5949,A1FEE8537C847D330F1F7F592BE24360C5D6051F,E1DE607E31C2C0FB6F8FC959BF7B58CE35D95990,E8C80BE6CA6E90CFFA941027668539EBDCE4EF1A,2020-09-23 07:29:02.491000,2020-09-23 07:29:09.985000
taai3l7rfresgoxs,failed,not_found,1646,F8DE8132E599A194E20DDB738AF64A7200CD5949,D30E9D4D639068611D6D96861C95C2099140B805,5B026A652C9F1B8FA6A202CAE0B76ACFAED8208C,E8C8667CAF3D5148E52ECF736A7B204982F78EAA,2020-09-23 07:29:09.986000,2020-09-23 07:29:26.733000
taai3l7rfresgoxs,,,,,,,E8D114B3C78D8E6E7FEB1004650DD632C2143C9E,2020-09-23 07:29:26.734000,
t74jsx5q7cy5iups,failed,not_found,702,F8DE8132E599A194E20DDB738AF64A7200CD5949,014E24C0CD21D2B9829E841D5EC1D3C415F866BF,24D0491A2ADAAB52C17625FBC926D84477AEA322,E41B16F7DDF52EBB1DB4268AB2FE340B37AD8904,2020-09-23 07:28:55.047000,2020-09-23 07:28:59.549000
t74jsx5q7cy5iups,failed,not_found,995,F8DE8132E599A194E20DDB738AF64A7200CD5949,CE001E45872376CB49EEF2A78519DA1E141172B4,DA8D76F5F5819693B5C96F499BA19F7404014769,DC4F3F76FFDC5D55F3E917FAB263E76C03F4D666,2020-09-23 07:28:59.549000,2020-09-23 07:29:06.603000
t74jsx5q7cy5iups,failed,not_found,1298,F8DE8132E599A194E20DDB738AF64A7200CD5949,D64D25D465B9D145320E5A4A32BB45B53BFDA06F,58A7199712C0E52B3C5F2F8E8B27B5A62BE58BC8,DC4645C2288E58799F4B8F6AC04B58F47DB8A43D,2020-09-23 07:29:06.604000,2020-09-23 07:29:14.883000
t74jsx5q7cy5iups,failed,not_found,1655,F8DE8132E599A194E20DDB738AF64A7200CD5949,1804C06A266F0DA26DF58CD559E01C2F7C3FC42A,C9D02B1644BD47C136E379FDFAF4973D1A1CE07C,DC7BABFF3C5E49C922D239DE1A5C5252F51D2F81,2020-09-23 07:29:14.884000,2020-09-23 07:29:25.263000
t74jsx5q7cy5iups,,,,,,,E4240508EFC308D01665A07BD98B8564740D3376,2020-09-23 07:29:25.264000,
euyi7ekdsdgfnusg,failed,not_found,783,F8DE8132E599A194E20DDB738AF64A7200CD5949,D965C6E2089E3E61F5DBC6AD078C49480CF070E9,7FA3FA525901A91A1310B817943668BC2C16289E,C7D67C945AE18A7F53299E30A284E0E3BC9E4309,2020-09-23 07:28:55.152000,2020-09-23 07:29:01.719000
euyi7ekdsdgfnusg,failed,not_found,1071,F8DE8132E599A194E20DDB738AF64A7200CD5949,3F5689B1ED8217540F0F6C46390AA18370765827,9B047A91AC809AA020A1F42E3E785DBCEBF3652F,165532BF5B1A34DF60D74375409D632D6FBEF83F,2020-09-23 07:29:01.719000,2020-09-23 07:29:08.301000
euyi7ekdsdgfnusg,failed,not_found,1328,F8DE8132E599A194E20DDB738AF64A7200CD5949,FEDE31337E4E19E06B97D282F08B0A0E8B9C5526,9715C81BA8C5B0C698882035F75C67D6D643DBE3,166985A84230B5F9A78C970736AE944B413930D7,2020-09-23 07:29:08.302000,2020-09-23 07:29:15.467000
euyi7ekdsdgfnusg,,,,,,,16627D07DEF8F4E59995D6D8FA71E9B0B70CB76C,2020-09-23 07:29:15.467000,
4n25vchiufybbgff,failed,not_found,746,F8DE8132E599A194E20DDB738AF64A7200CD5949,2CF2DFBA221B77E96E9FE69725AE82F4E101BE4A,297648CD1715897CA2DDDEFD1812E1093673693B,8287DADC415B3E667C617EEFB6E7D654C7AC0C47,2020-09-23 07:28:55.154000,2020-09-23 07:28:59.509000
4n25vchiufybbgff,failed,not_found,1062,F8DE8132E599A194E20DDB738AF64A7200CD5949,A3AFBDEE30238E44899C9F8B7666D12B09C8EE32,EEDF0AF1F892C82F056063827B47283CC9AEAA41,828112B80D28A92311A8C6C7CCF369B316C40744,2020-09-23 07:28:59.510000,2020-09-23 07:29:07.833000
4n25vchiufybbgff,failed,not_found,1320,F8DE8132E599A194E20DDB738AF64A7200CD5949,5790B62AD6C79A1092B30993A8F0F7F23A969FD6,2ABA1345FC9975152372F42D06A1A7DCC870C2F5,8275CE20C53D79EC51CA87292E7FC58F238F100C,2020-09-23 07:29:07.834000,2020-09-23 07:29:15.383000
4n25vchiufybbgff,,,,,,,50153B8027ADC74FBDC4561CC8A177442D81D121,2020-09-23 07:29:15.384000,
4rr3xnfkl3l3dsg3,failed,not_found,695,F8DE8132E599A194E20DDB738AF64A7200CD5949,60B1681670B185813E762B71F3C3B129A981F37B,81E18725397D620DA548ABBE24D9CD263DEF2FDC,D0CE898B1530C14F9FCE27E1449941579607F1D6,2020-09-23 07:28:56.180000,2020-09-23 07:28:59.297000
4rr3xnfkl3l3dsg3,,,,,,,D0CDC93C97C8D4C275117F6D44B95F8909A01E96,2020-09-23 07:28:59.298000,
4nhyrj3klxwpltez,failed,not_found,743,F8DE8132E599A194E20DDB738AF64A7200CD5949,06BBEAA6F73759A1795EB461D39D2AA168F305D1,CDAF0B74C45FD5B1955198A8D92C8A518A53D07B,1E63C2CED3B6DDCD1078B2A4F10C8A48BD2C31A0,2020-09-23 07:28:56.237000,2020-09-23 07:29:00.896000
4nhyrj3klxwpltez,failed,not_found,1094,F8DE8132E599A194E20DDB738AF64A7200CD5949,7E3279806041BA178283F61ED9EF7B535C54B839,6E3B4821305D96F167C392DBE5A13240D6CCE024,4CA8D07878F86ED5B64B4B89030FF4616067210F,2020-09-23 07:29:00.896000,2020-09-23 07:29:08.664000
4nhyrj3klxwpltez,failed,not_found,1352,F8DE8132E599A194E20DDB738AF64A7200CD5949,49CA9262801E9DC9B414A143A58A68255149367A,968CB7DA0C56E66F22B78CBA0562FE132939D8BF,4CDCC833FB70B9F3915522FDC90E52C531FEEC49,2020-09-23 07:29:08.665000,2020-09-23 07:29:15.974000
4nhyrj3klxwpltez,,,,,,,4CA64E677ECFF23B138CFE70A6A02E94BDF3A805,2020-09-23 07:29:15.975000,
jqsiqdg22g7jfuoh,failed,not_found,749,F8DE8132E599A194E20DDB738AF64A7200CD5949,BDDF8187EA4419951CFD0A54088B634564F63AF3,64E257D94E739278D5954CC820C9D7EAC4E7A7B7,0C475BA4D3AA3C289B716F95954CAD616E50C4E5,2020-09-23 07:28:56.337000,2020-09-23 07:29:00.375000
jqsiqdg22g7jfuoh,failed,not_found,915,F8DE8132E599A194E20DDB738AF64A7200CD5949,26B09A4C9F6A9D4815DB46EBA3626A0ED8D71E8F,B9E7A637B00BBB77853A639CC33245A2FEB8F033,0C3599079EF21C4994AD6DDE91F72A48F16E8A98,2020-09-23 07:29:00.376000,2020-09-23 07:29:04.174000
jqsiqdg22g7jfuoh,failed,not_found,1206,F8DE8132E599A194E20DDB738AF64A7200CD5949,AC66FFA4AB35A59EBBF5BF4C70008BF24D8A7A5C,76DD184BC258220BA4657E88255972D27B84BA10,474648D2DFC1C060A5CA74C8A5976807B7FB5FE0,2020-09-23 07:29:04.175000,2020-09-23 07:29:14.885000
jqsiqdg22g7jfuoh,failed,not_found,1663,F8DE8132E599A194E20DDB738AF64A7200CD5949,4469F441FDAB256575262B013B44D44B37E4DC8B,E6C04728E9339DF22F331B7017D4A7AA3F252F0B,475C893CCA9661B407865B6DBB30C021AE45F1DA,2020-09-23 07:29:14.885000,2020-09-23 07:29:25.702000
jqsiqdg22g7jfuoh,,,,,,,475B34D76756910C11EB7752EB8285F6BE00C1EE,2020-09-23 07:29:25.703000,
css33xqj25g5xva4,failed,not_found,1097,F8DE8132E599A194E20DDB738AF64A7200CD5949,59BC32EA48ED1D06A373856434C0C5C4D2D86603,A6C983C2F7EEADD55CE9169E540EBD95423FC260,F5B72145DD46D16E8BF8002AA1EC97DAB6942B9B,2020-09-23 07:28:57.055000,2020-09-23 07:29:09.014000
css33xqj25g5xva4,,,,,,,787768FEF9FBFE2D9B8E0214019A7F9960D39206,2020-09-23 07:29:09.014000,
awm4beuwjimyqcko,failed,not_found,800,F8DE8132E599A194E20DDB738AF64A7200CD5949,C215211F88FFCF8C6E70CC34C76DA0948E3DD24A,F4A4D78F16E9A0353AD5BBEF4632C7022E20FB20,2398B7FD6C9C97A20FDD7E637CBDAD175D5B761F,2020-09-23 07:28:57.106000,2020-09-23 07:29:01.751000
awm4beuwjimyqcko,failed,not_found,1075,F8DE8132E599A194E20DDB738AF64A7200CD5949,F83A64E0FA85BC224807919772FE14E1BA07CEF5,8358BDDA9C9A680B4E3A2809E5C24F5B3624D5C2,FE857C3043412FD5454ED5FEF55C4C572E5B70CF,2020-09-23 07:29:01.752000,2020-09-23 07:29:08.560000
awm4beuwjimyqcko,failed,not_found,1344,F8DE8132E599A194E20DDB738AF64A7200CD5949,DCE8DBF94576272AD10D996C9AA0794A4567F304,CDA2C336AD87E22DF02983887A3F74B21070D02D,FEA045FF57EE6A7E318DAF72AF916B5F8B0F4997,2020-09-23 07:29:08.560000,2020-09-23 07:29:15.384000
awm4beuwjimyqcko,failed,not_found,1731,F8DE8132E599A194E20DDB738AF64A7200CD5949,E1468D867FA3230EC1DACFCA87A800BAF22E79E0,AF42BD51EEBA9329E110AA8D206FED316E1DA671,239A2E0F09B8FEA551727486519040598A022778,2020-09-23 07:29:15.384000,2020-09-23 07:29:27.891000
awm4beuwjimyqcko,,,,,,,237F905E744850CFE3B5108C9112FDFCE8DC05D6,2020-09-23 07:29:27.891000,
pttdk5422baddbn3,failed,not_found,803,F8DE8132E599A194E20DDB738AF64A7200CD5949,4656F36592379C17C69F5295602FC0E7BD419F2C,484A10BA2B8D48A5F0216674C8DD50EF27BC32F3,348B89013EDDD99E4755951D1EC284D9FED71226,2020-09-23 07:28:57.161000,2020-09-23 07:29:01.647000
pttdk5422baddbn3,failed,not_found,1124,F8DE8132E599A194E20DDB738AF64A7200CD5949,B0335F7872A698A86E5E9AC3CF323B50AEF9C081,12D552E8AF7AA2B71B218B5BBF6A5FEFA6F26BA0,34B84952AFCDB00444F27805A5EDEF5F7DD549C7,2020-09-23 07:29:01.648000,2020-09-23 07:29:09.794000
pttdk5422baddbn3,failed,not_found,1428,F8DE8132E599A194E20DDB738AF64A7200CD5949,867982ADCFBE55EC1C00A5B34C8991FF87605906,DBE82FA23B9FE3CB2462A6FCF5289DED3CBF4AEE,F75E570446D8E14E1FAECB64CB2467A1CA804A0E,2020-09-23 07:29:09.794000,2020-09-23 07:29:18.182000
pttdk5422baddbn3,,,,,,,F7ACB36752F2D27A03800E505D1599F26C981B53,2020-09-23 07:29:18.183000,
won4aedwwctcjuok,failed,not_found,837,F8DE8132E599A194E20DDB738AF64A7200CD5949,35DA04A92634AF2392CBA6AF158E00B5589A1CFA,C130DD914A8D0E484E68DCC681B434A0BA044D9D,58BC2CFFA7894FC8F4CC5D8A77E38FDCFDB1DC0E,2020-09-23 07:28:58.142000,2020-09-23 07:29:02.650000
won4aedwwctcjuok,failed,not_found,1142,F8DE8132E599A194E20DDB738AF64A7200CD5949,C239952D0C8E4EABC3E6B0A8E0B623689174E3C6,AC6A78BAE7BBCAC798C7AD17460147214F9EA0CD,58B44B5591A96EC08114B041CC6B1BB1521DF2BE,2020-09-23 07:29:02.651000,2020-09-23 07:29:11.412000
won4aedwwctcjuok,failed,not_found,1424,F8DE8132E599A194E20DDB738AF64A7200CD5949,5FB384605F53DCBF1CB02143D318DA3E8EE38A24,6E4B0D429CD87AB6C25D72E298294C583FF8BA4A,58A7199712C0E52B3C5F2F8E8B27B5A62BE58BC8,2020-09-23 07:29:11.412000,2020-09-23 07:29:18.541000
won4aedwwctcjuok,,,,,,,1F97BE0788A261FF978C082E0AB44ADD96AF1F7A,2020-09-23 07:29:18.541000,
7dsjtzf3ed7fsj25,failed,not_found,840,F8DE8132E599A194E20DDB738AF64A7200CD5949,393046812C24A855F669A80F8D8C38789D41EAC8,9B2BC7EFD661072AFADC533BE8DCF1C19D8C2DCC,F2569ED226B7922385790149A33DD52786E9F900,2020-09-23 07:28:58.142000,2020-09-23 07:29:02.627000
7dsjtzf3ed7fsj25,failed,not_found,1138,F8DE8132E599A194E20DDB738AF64A7200CD5949,4E81EA3528D6FB79B10B0F11C6FC96CE1C060021,01FE2137C42E4802507A1FD97B0158116FD78A8C,4825FABA5D4A44E6DFC307544EF15F15FB37FA49,2020-09-23 07:29:02.628000,2020-09-23 07:29:11.142000
7dsjtzf3ed7fsj25,failed,not_found,1464,F8DE8132E599A194E20DDB738AF64A7200CD5949,3FE39429CB7077BBB13D2774591A1B80EE493742,05402AEC738554C5308FB07CA68961D5326D5D4A,F263F4F57A20D8C19E9F9C84150C60F7A49F2DB5,2020-09-23 07:29:11.143000,2020-09-23 07:29:19.119000
7dsjtzf3ed7fsj25,,,,,,,F26168CE0373C48D7E35BBEE7FEF0D2BA5B577A1,2020-09-23 07:29:19.120000,
wlzl4wuij2f4cykk,failed,not_found,843,F8DE8132E599A194E20DDB738AF64A7200CD5949,D2F4DAC5918BB082A5CFAC5275B29FAC9B399B2B,4E81EA3528D6FB79B10B0F11C6FC96CE1C060021,B8240A4C715A2595CE54C82AB175C80214768B4A,2020-09-23 07:28:58.158000,2020-09-23 07:29:02.739000
wlzl4wuij2f4cykk,failed,not_found,1105,F8DE8132E599A194E20DDB738AF64A7200CD5949,36045C1900EC3FDF1DDA9BEC72DDF7DE50DAF021,118496882F58E787DC24F5C219B93F22BA5820D8,2ED8654AD1B8C25F3EB83156B07EA35BE6132F0C,2020-09-23 07:29:02.740000,2020-09-23 07:29:09.013000
wlzl4wuij2f4cykk,failed,not_found,1384,F8DE8132E599A194E20DDB738AF64A7200CD5949,AFE05115595A1D028E91AD41F6A07239DB04CEBC,CACD9D63B759B35555D8C965A3E01071E9DFB44C,B82D54B92FC8F985B4E3F805288F61632A5DAF61,2020-09-23 07:29:09.014000,2020-09-23 07:29:17.794000
wlzl4wuij2f4cykk,,,,,,,2E8E7262E39EF1661CC1173AA0F4731C921975A1,2020-09-23 07:29:17.795000,
liwjr4ekjvswffow,failed,not_found,970,F8DE8132E599A194E20DDB738AF64A7200CD5949,35DBE43445BB44D817084200BA05E8A0573EDFD4,2AF23516A65C6FF674D33D81480253902388FDBC,197CEA93D6643434C074EE7C2431F0B369A01491,2020-09-23 07:28:59.056000,2020-09-23 07:29:05.798000
liwjr4ekjvswffow,failed,not_found,1182,F8DE8132E599A194E20DDB738AF64A7200CD5949,B02F0126ABB2BA22371DD96BCBAFA91AD3EB4DDF,82DA9678A0BAE60087AA68A3E1D6E6A2C4246D6D,198F12E2DEFBE6BEEBC38B2FEDD615AECB38DA7A,2020-09-23 07:29:05.799000,2020-09-23 07:29:14.884000
liwjr4ekjvswffow,failed,not_found,1659,F8DE8132E599A194E20DDB738AF64A7200CD5949,B1289B91C190A6803C1ADA6E381C0843CE039D70,CDA9361C072A86719AA3D5A283F5BFBCBF82133B,19D353B8AA0927DF82CB26E0396C57BE27C0ACC5,2020-09-23 07:29:14.884000,2020-09-23 07:29:24.923000
liwjr4ekjvswffow,,,,,,,D80A50EF9BFD77CFCEA5326F389E24F932D6F9DA,2020-09-23 07:29:24.924000,
gvmug3szekaafb6w,failed,not_found,899,F8DE8132E599A194E20DDB738AF64A7200CD5949,56927E61B51E6F363FB55498150A6DDFCF7077F2,BCDE75725B927738B6FD34EA2D78F4FA77B99848,D000291816C0D9EE531FA4DD185EC1AD80386A5A,2020-09-23 07:28:59.072000,2020-09-23 07:29:03.912000
gvmug3szekaafb6w,failed,not_found,1186,F8DE8132E599A194E20DDB738AF64A7200CD5949,9EB3FD84065E5622A57EFEF14E41A01B5B99A022,2047683DDDA5642AB4FC93414CA4407FE1003813,C51701910DEA998F4F51287A71B7E94449A3E9BC,2020-09-23 07:29:03.913000,2020-09-23 07:29:11.819000
gvmug3szekaafb6w,failed,not_found,1526,F8DE8132E599A194E20DDB738AF64A7200CD5949,D52A160303C638D9FB03463F8A6B7934D5787F4C,FEDF4998951A750D5D7974DF243035499E84882E,D007C5B3FC015AD4F708CA2DBB443F9FB5915987,2020-09-23 07:29:11.820000,2020-09-23 07:29:20.800000
gvmug3szekaafb6w,,,,,,,D002C061F56CB6FE6FF7A27747EC2A7369ABBA9A,2020-09-23 07:29:20.801000,
2vznalkii6jkn33l,failed,not_found,902,F8DE8132E599A194E20DDB738AF64A7200CD5949,06BBEAA6F73759A1795EB461D39D2AA168F305D1,88249F18737379DAC87185E5EC75626EB1F414EB,FDCFEA18CC64461455DE5EA3FC31834C6B42FEC7,2020-09-23 07:28:59.083000,2020-09-23 07:29:04.235000
2vznalkii6jkn33l,failed,not_found,1210,F8DE8132E599A194E20DDB738AF64A7200CD5949,E00764EDD2D5DA338CEA2EED8691E1FCAAF4A6E9,66F8C32B94D73B51A5D2FA079C6A09047C9ABA71,73A62B590CC4F290D068FA20A12D6408A0D8B60C,2020-09-23 07:29:04.235000,2020-09-23 07:29:12.106000
2vznalkii6jkn33l,failed,not_found,1530,F8DE8132E599A194E20DDB738AF64A7200CD5949,8A57DA2FFB5BA49C041EDE1A095E33E86EA756CC,0D99F89BBB92BF5557F8D3F895DB218A72871089,73C4C4AE90A8F83D3A091B395C7D5B913D50604D,2020-09-23 07:29:12.107000,2020-09-23 07:29:21.321000
2vznalkii6jkn33l,,,,,,,73A5A81688BD536BFBABE18630F5BD6306C9AC8E,2020-09-23 07:29:21.322000,
wdyy3l3bkwoohuo4,failed,not_found,953,F8DE8132E599A194E20DDB738AF64A7200CD5949,7992F172EDBE69B99F0190651BAC14DD0FD9E5C8,18F34AE6567F5FB081C4353D5EDA5CEE155810C4,BCB6AC303A69A7E87BB2D6F3F13A0C0F0A6C938E,2020-09-23 07:29:00.256000,2020-09-23 07:29:04.920000
wdyy3l3bkwoohuo4,failed,not_found,1218,F8DE8132E599A194E20DDB738AF64A7200CD5949,7A2A6F39F485C4FC95FB885FFF37C436FD2BB7E5,C395592F1D779E6775806AFFAD66199E3972DAA2,590868658B6852AF7BB20316DB63CDC84508EC2E,2020-09-23 07:29:04.921000,2020-09-23 07:29:12.526000
wdyy3l3bkwoohuo4,failed,not_found,1539,F8DE8132E599A194E20DDB738AF64A7200CD5949,874D84382C892F3F61CC9E106BF08843DE0B865A,0C6D3655763B1A3A60FC42135CD60765AFE953BA,BCA4634E252ACC5D54097A3B4D0688ED47F7A80D,2020-09-23 07:29:12.526000,2020-09-23 07:29:20.879000
wdyy3l3bkwoohuo4,,,,,,,58FC2AAB3792AC37897D34331F4F4E00341DEC0C,2020-09-23 07:29:20.879000,
gkzxk7af3zt2z7ht,failed,not_found,958,F8DE8132E599A194E20DDB738AF64A7200CD5949,20974D28EB668E689D4256046E0E32034375A0A2,005ED97213F725867E422B8DC0443361BBB24E3C,9DA672F46D0AD9BA59B2FA56A8F343D38C78BF4C,2020-09-23 07:29:00.278000,2020-09-23 07:29:04.916000
gkzxk7af3zt2z7ht,failed,not_found,1214,F8DE8132E599A194E20DDB738AF64A7200CD5949,76D2EBA82BBCCA3DF9F254A9A8372A10A26F3D14,A4F11D693FAB6E949B2B7C18153C3F7989896007,EE36437DFD15BFBDE7D7F471727C3050EB4EDCC5,2020-09-23 07:29:04.917000,2020-09-23 07:29:12.377000
gkzxk7af3zt2z7ht,failed,not_found,1560,F8DE8132E599A194E20DDB738AF64A7200CD5949,DD7BD3E5BD0BA48A8C70B0CDF017FA5988B87E27,60A9E1FE4D020383A4A0FE58E5950983D08D65E7,EE482116B2A49A2B64536526EADD8DE932F691CD,2020-09-23 07:29:12.378000,2020-09-23 07:29:21.831000
gkzxk7af3zt2z7ht,,,,,,,9DA7A978928C48B4DD50E397FE2F3C4110EA3576,2020-09-23 07:29:21.832000,
deuvkvgt4rt2xvtc,failed,not_found,974,F8DE8132E599A194E20DDB738AF64A7200CD5949,B04EA2B400D9679E72284E12FB81E68756670A3A,C5D91B75D9B991FB53C41AB694D97C961D37B5AB,5475E1C23C16B6FEFC2C56FA20FF674726D7FE26,2020-09-23 07:29:00.278000,2020-09-23 07:29:05.943000
deuvkvgt4rt2xvtc,failed,not_found,1266,F8DE8132E599A194E20DDB738AF64A7200CD5949,B411027C926A9BFFCF7DA91E3CAF1856A321EFFD,2935E0F03B71BE44F6F265FEF976E810BAAD6F4E,546E52A979FB0FBBDF1DDF360FB20AA03D22AACE,2020-09-23 07:29:05.945000,2020-09-23 07:29:15.042000
deuvkvgt4rt2xvtc,,,,,,,E3B0739EEFFF0DE4203BBE8563F2A1C89D410347,2020-09-23 07:29:15.042000,
4bkhn4fs2nxwsfag,failed,not_found,962,F8DE8132E599A194E20DDB738AF64A7200CD5949,7A3E534C033E3836BD5AF223B642853C502AB33A,636CA2469D3B461FC730BAB9F5AA94EA323FC332,DFA40306BEA6EAF28CEF4AFED473A2877A90F9B5,2020-09-23 07:29:01.195000,2020-09-23 07:29:06.134000
4bkhn4fs2nxwsfag,failed,not_found,1275,F8DE8132E599A194E20DDB738AF64A7200CD5949,FB13B3060516E4C50E5E178227A036977103E4AD,7639877E13E8BA4EA8FC23A3824B9A02BC3ED4E0,DF81D831D4FF686F52C9ACAA9EB5711F95BF4DD4,2020-09-23 07:29:06.134000,2020-09-23 07:29:15.273000
4bkhn4fs2nxwsfag,failed,not_found,1723,F8DE8132E599A194E20DDB738AF64A7200CD5949,B0E5AE9FD3BA34998F2595478343F463747E9F05,9EFF16EA25FF27BC438A3FBF23C5315E576467AF,26220AEA188B8D0E47BB541E1A616EB3AD70295F,2020-09-23 07:29:15.273000,2020-09-23 07:29:28.058000
4bkhn4fs2nxwsfag,,,,,,,DF86098968BBCD963E38E03FC3FC1837EF667C13,2020-09-23 07:29:28.059000,
6yjuknqgqh55ex5i,failed,not_found,1580,F8DE8132E599A194E20DDB738AF64A7200CD5949,C31413C323DB2BD55B4371A5D46880D9EBD2FA80,7E8BC43AE75EAE16D7EC4676F4A5C355F454B809,64B05F9A2122B5DB4ADCB0E6F083193F3170A902,2020-09-23 07:29:01.197000,2020-09-23 07:29:22.867000
6yjuknqgqh55ex5i,,,,,,,56784608242CB15B70ED6CBB8F40EEA3B62AF69E,2020-09-23 07:29:22.867000,
hag5flvetfoynttc,failed,not_found,1119,F8DE8132E599A194E20DDB738AF64A7200CD5949,5EEE4C799C55FC8BBDB8EB5E65A48C60C8F15640,94318CC2299A3826D81899EB23C25A2B7D6B1FFE,32EB288C0EFB52964CCF8EF28BE6BC7FF592BB58,2020-09-23 07:29:01.217000,2020-09-23 07:29:09.157000
hag5flvetfoynttc,failed,not_found,1581,F8DE8132E599A194E20DDB738AF64A7200CD5949,8358BDDA9C9A680B4E3A2809E5C24F5B3624D5C2,38F21DEE29E40DCDF9460A80662B7723562CA008,32E6CC6C6B428B2043F0B3E78F7332F1016D73E1,2020-09-23 07:29:09.157000,2020-09-23 07:29:22.581000
hag5flvetfoynttc,,,,,,,1841CB960128806151B61FC6D87AFBE9A98B99D7,2020-09-23 07:29:22.581000,
zqxhunz6u4h4ktax,failed,not_found,1104,F8DE8132E599A194E20DDB738AF64A7200CD5949,B1289B91C190A6803C1ADA6E381C0843CE039D70,BFC6E7F298D581344DFCE95BB7EE9EDE1FC0745B,1119A89E729DB65839FB232A1E0F8669B0AE84DF,2020-09-23 07:29:02.095000,2020-09-23 07:29:08.732000
zqxhunz6u4h4ktax,failed,not_found,1299,F8DE8132E599A194E20DDB738AF64A7200CD5949,AF77AA5BD924319510F99B30CD0932D32B01B5C5,B22C4BF9747DBBC843F1BBBA272FDB7B6045EB01,10EF2F97C8D4CC9F77693C92CA88E2115C46DB70,2020-09-23 07:29:08.733000,2020-09-23 07:29:15.013000
zqxhunz6u4h4ktax,,,,,,,113363FBEB308C8A6B8979812C5B26CD12143441,2020-09-23 07:29:15.013000,
gjy5kylagzpi6bob,failed,not_found,1113,F8DE8132E599A194E20DDB738AF64A7200CD5949,62A60158A2C302E3DA792D7A4F5339F41321E5D9,F3DF2415A5ECFB57835CF7E629C3AD0E1DA6732B,C69BE3F0326A7328556501BE237408F32748247D,2020-09-23 07:29:02.131000,2020-09-23 07:29:08.984000
gjy5kylagzpi6bob,failed,not_found,1380,F8DE8132E599A194E20DDB738AF64A7200CD5949,461D6EA15966C7F99B43D37ADC116B5B8E47D130,856DAB2FDC9EED88A27BE2265FA6BD5489EF178E,40C773D9F2B16143CDB2ADB661DDC6BB12EF3E2C,2020-09-23 07:29:08.985000,2020-09-23 07:29:17.754000
gjy5kylagzpi6bob,,,,,,,4076A35D83DFF84E75639378FDF68FEF3302D8EB,2020-09-23 07:29:17.755000,
vtmde2qdrrlpjcb2,failed,not_found,1129,F8DE8132E599A194E20DDB738AF64A7200CD5949,158581827034DEF1BAB1FC248D180165452E53D3,A4E120350425BAD920307FFA74440F95D0172302,C6E1453B8CAF796E4CF65DB6A81283BDDD722F88,2020-09-23 07:29:02.131000,2020-09-23 07:29:11.626000
vtmde2qdrrlpjcb2,failed,not_found,1593,F8DE8132E599A194E20DDB738AF64A7200CD5949,23A2D8DDF761F35CC63BDF65E604B76A7E2F6971,F71C35966040F443556196C722AFC1C1CFFAD0FF,C6E184C0983C68B7E8BFC6215E7289E09E97AA0E,2020-09-23 07:29:11.627000,2020-09-23 07:29:24.827000
vtmde2qdrrlpjcb2,,,,,,,1BD3B1951420BF0CF9F979B9276C0549EB03892C,2020-09-23 07:29:24.828000,
gask33524irbpogs,failed,not_found,1165,F8DE8132E599A194E20DDB738AF64A7200CD5949,412BAA4DE44DA7D14583DE63CEB3DF89835E6AC8,861BCFDD148973985E7FE97C7455C9E4AC4E13BE,2779DB3B7A0EEC32F39792E393CAA134847BBF6C,2020-09-23 07:29:03.016000,2020-09-23 07:29:11.516000
gask33524irbpogs,failed,not_found,1495,F8DE8132E599A194E20DDB738AF64A7200CD5949,9B2BC7EFD661072AFADC533BE8DCF1C19D8C2DCC,A99B0D9E5FD5BC3C8F2D006EC91F8C7F40E09CB8,276AE7A0E974FC96B0933F1DA8FD51FD3BA59944,2020-09-23 07:29:11.517000,2020-09-23 07:29:20.729000
gask33524irbpogs,,,,,,,277F5717A62B3A728C98B3168E484BC08B4997E3,2020-09-23 07:29:20.729000,
mlfbuxsxkes5iivu,failed,not_found,1169,F8DE8132E599A194E20DDB738AF64A7200CD5949,BEA635C89C057DB8E879572C6A2C188239CFAD68,9A48EC8AAFB2E8C9E20408596383DB74F1196747,5436FC72ABDEAC39BF58E64E5E12C462A7D3D088,2020-09-23 07:29:03.053000,2020-09-23 07:29:11.582000
mlfbuxsxkes5iivu,failed,not_found,1589,F8DE8132E599A194E20DDB738AF64A7200CD5949,425835370C1FBE178C21CB53C76672F12BDE091A,945FC4C24461379C93C5119C0DCDD735DDD943A3,A18BF818557BD6C8A3546B157B7800B5F24A79A7,2020-09-23 07:29:11.582000,2020-09-23 07:29:23.654000
mlfbuxsxkes5iivu,,,,,,,546E52A979FB0FBBDF1DDF360FB20AA03D22AACE,2020-09-23 07:29:23.655000,
hgolwhksx66nyjme,failed,not_found,1173,F8DE8132E599A194E20DDB738AF64A7200CD5949,E767C3B8295AD79B02E80A21345C9F2B3C2AD7DB,55A92BE2A76C64A5A0DB0D4F61D5DCA37B55EE52,CFDF99EE1923D870329F8DAE54398FD45409F01F,2020-09-23 07:29:03.054000,2020-09-23 07:29:11.747000
hgolwhksx66nyjme,failed,not_found,1453,F8DE8132E599A194E20DDB738AF64A7200CD5949,C239952D0C8E4EABC3E6B0A8E0B623689174E3C6,2E72CDAFA12AE1547795F9BAFF402FC16B653CE0,D002C061F56CB6FE6FF7A27747EC2A7369ABBA9A,2020-09-23 07:29:11.747000,2020-09-23 07:29:18.893000
hgolwhksx66nyjme,,,,,,,D000291816C0D9EE531FA4DD185EC1AD80386A5A,2020-09-23 07:29:18.894000,
jocj5lrp7po46pnk,failed,not_found,1190,F8DE8132E599A194E20DDB738AF64A7200CD5949,B76A047C20D3E4F9B5A64428298DA55A90D62472,138ED47EE2156E6492FDE0B61338D973C9717F32,07C3EBBE41DF9FE8551DF69642FEBA70E954DC0F,2020-09-23 07:29:04.014000,2020-09-23 07:29:11.819000
jocj5lrp7po46pnk,failed,not_found,1522,F8DE8132E599A194E20DDB738AF64A7200CD5949,58F3E2956EABB81F673E2FB90E16E001DB4AC3AE,DAD19570682F47FB775B263330BD62B7BF0DEEA8,99339F3E68BCCC1391BF14C821D80766FE0C5956,2020-09-23 07:29:11.819000,2020-09-23 07:29:21.009000
jocj5lrp7po46pnk,,,,,,,9910C6DEEA9907EE7AEFCE0DA072F94F86EBFD48,2020-09-23 07:29:21.009000,
znzi6mj5zm4j4poc,failed,not_found,1490,F8DE8132E599A194E20DDB738AF64A7200CD5949,58F3E2956EABB81F673E2FB90E16E001DB4AC3AE,AF1F15819AC766D6508A2B05DA989E99AB511F9F,E623A5E043ED2B74CC280BD004514FDD0854DC8C,2020-09-23 07:29:04.112000,2020-09-23 07:29:20.604000
znzi6mj5zm4j4poc,,,,,,,5E184FEA02B7C54172BBC757636F501047CF9691,2020-09-23 07:29:20.605000,
2b2lsarbog6ydpsc,failed,not_found,1202,F8DE8132E599A194E20DDB738AF64A7200CD5949,81F59E8936D0B2105182E4B8200AC07D9274961F,901CBA6FF3B90618D3FFEFF040353C267F690DF8,2508698CEE27AEE60E2FD25AFDA4E22ABF453D2A,2020-09-23 07:29:04.113000,2020-09-23 07:29:12.267000
2b2lsarbog6ydpsc,failed,not_found,1544,F8DE8132E599A194E20DDB738AF64A7200CD5949,A3E7A4395E7C1F30692018E4FB0980B103E38488,D53E6F9C8342684BE369F1B9CE793CF49B74AE20,F92819F9B74BDF438FA9DA2E0163C3A1B44B0CEA,2020-09-23 07:29:12.267000,2020-09-23 07:29:21.896000
2b2lsarbog6ydpsc,,,,,,,F9246DEF2B653807236DA134F2AEAB103D58ABFE,2020-09-23 07:29:21.896000,
gznf2aatb4ywgyym,failed,not_found,1226,F8DE8132E599A194E20DDB738AF64A7200CD5949,01FF9C8571D1C09FA8D2ACCE727D5530FEC10038,B0DB2F173F0DB364BABF7A465D796B3C048F1F33,D0354E2C21D9C7D2882262FF2DAF35618ED58DBB,2020-09-23 07:29:05.013000,2020-09-23 07:29:12.889000
gznf2aatb4ywgyym,failed,not_found,1594,F8DE8132E599A194E20DDB738AF64A7200CD5949,0B19482AFB60C4C76BBB3DE510F1D52E3C612496,58FC2AAB3792AC37897D34331F4F4E00341DEC0C,C8B715F96168D414E580A98563C1F86372D3FE26,2020-09-23 07:29:12.890000,2020-09-23 07:29:23.262000
gznf2aatb4ywgyym,,,,,,,D01956B555BA59D422D994D41AC9634183974597,2020-09-23 07:29:23.262000,
c7fhuiru3a7ik2zw,failed,not_found,1230,F8DE8132E599A194E20DDB738AF64A7200CD5949,4E5C4ED5CC70E5A32B48392FF72CC4BE24937EDA,198F12E2DEFBE6BEEBC38B2FEDD615AECB38DA7A,8B496F3EF3BF5CC32A4C20ECDBEC2A06E7EA4357,2020-09-23 07:29:05.042000,2020-09-23 07:29:15.268000
c7fhuiru3a7ik2zw,failed,not_found,1647,F8DE8132E599A194E20DDB738AF64A7200CD5949,0CDCFB0B6E1500E57BDD7F240543EBAEF81C11CA,42B4F52C5B11E4D39855F654955425B0D5A0598B,FBC2856A48705F3ED17E504F8FC89EC6433ED25D,2020-09-23 07:29:15.268000,2020-09-23 07:29:24.925000
c7fhuiru3a7ik2zw,,,,,,,8B1263563B5E0FB7CBFEACFD504B0BC79759CABE,2020-09-23 07:29:24.925000,
mdtjbesmty6zl3rx,failed,not_found,1234,F8DE8132E599A194E20DDB738AF64A7200CD5949,7D9C03F812241DB08ADA96635E727A2EF7879384,1E1A7C9134637383BE653C41973995A229D81595,D64C96CD077BB41FAE847B8FE41FF1965D3C872B,2020-09-23 07:29:05.042000,2020-09-23 07:29:12.639000
mdtjbesmty6zl3rx,failed,not_found,1585,F8DE8132E599A194E20DDB738AF64A7200CD5949,4E91B66561EE01B1653E1803FE53B5C400D967DB,547C1CDB516798EC66A01F04A5884DCE1A151919,D6670FB54B21818CE7C13524AA003258B8E35D38,2020-09-23 07:29:12.640000,2020-09-23 07:29:23.476000
mdtjbesmty6zl3rx,,,,,,,E6288334BC0F95345817811880DDEA184E63AE69,2020-09-23 07:29:23.476000,
wmgvib2pcynnbk3d,failed,not_found,1271,F8DE8132E599A194E20DDB738AF64A7200CD5949,4D568479B37A688769F410E9A914909E8CC2A5B8,50C7B836942F14BDF1541B017CF21FD03F354E13,9973E1E9730A58FDBA9E112D2B3342D2C0D921B5,2020-09-23 07:29:06.106000,2020-09-23 07:29:14.114000
wmgvib2pcynnbk3d,failed,not_found,1619,F8DE8132E599A194E20DDB738AF64A7200CD5949,F35D115BDD5987D301BE0FD27DAB05F5F4B2ABAE,14D57DEDF0A4554A2D21AD53CCCC43E31158C733,9971F51A3274758B5C59E1D6580ED2C13E13CBEC,2020-09-23 07:29:14.114000,2020-09-23 07:29:24.202000
wmgvib2pcynnbk3d,,,,,,,2A231A5CA7AF91029B7475511D7D16DF85EC9221,2020-09-23 07:29:24.203000,
rmfjjvcxvqjdjg5t,,,,,,,2D41697016C0070174BF079BADA7207604086A15,2020-09-23 07:29:06.135000,
ykkk4yazv276hdn4,failed,not_found,1283,F8DE8132E599A194E20DDB738AF64A7200CD5949,BACB47406A231AB60EC33D1ED5081C603B209655,65FBA426CE8126771C5EEB52634F3BB5E6E93B08,05FEA2DB1FD29DE229B589DFEF5E80A5C6C7EE9E,2020-09-23 07:29:06.135000,2020-09-23 07:29:14.505000
ykkk4yazv276hdn4,,,,,,,05F5BB75DA007361CE03770393033D4D52836D8A,2020-09-23 07:29:14.506000,
h7beak7vyv2dm4kz,failed,not_found,1307,F8DE8132E599A194E20DDB738AF64A7200CD5949,03910F285A33F365838EC66EF2C2EF754D046760,FB016E16B8CD7A0E53DEEF31ED8754E4F6B8E837,6739A6A7147E03350BC6552B8D72125DF3742592,2020-09-23 07:29:07.074000,2020-09-23 07:29:14.939000
h7beak7vyv2dm4kz,failed,not_found,1667,F8DE8132E599A194E20DDB738AF64A7200CD5949,ED3ACBBB89C5F1597A44A65D2FA203BDB8E208F2,1079E628FC6B0025656AC024F2D9975C441498CD,671A68ABADA1402FB00676055F48EA123B9B060C,2020-09-23 07:29:14.940000,2020-09-23 07:29:25.499000
h7beak7vyv2dm4kz,,,,,,,672A56A583C658372E63ACEB43E7F791C2819548,2020-09-23 07:29:25.499000,
zz25wtesyty7n6yg,failed,not_found,1311,F8DE8132E599A194E20DDB738AF64A7200CD5949,575F15A0A41B951BEE03E25B2A0A3FC3E8D7C7D1,022A5535F42B1A9F9AA755C4EAB5F36FEF9781D8,9D21F034C3BFF4E7737D08CF775DC1745706801F,2020-09-23 07:29:07.116000,2020-09-23 07:29:14.981000
zz25wtesyty7n6yg,,,,,,,976063DB869FF0B4B71D31270BE996A9B069B432,2020-09-23 07:29:14.981000,
bwzk6s6yam2qqzfe,failed,not_found,1316,F8DE8132E599A194E20DDB738AF64A7200CD5949,E5CC82DF823F15F9EEF99F22BFB1F3CC5F5076EF,898AA9A17ECBB05FEA4FE7418BD1C64F45D9A614,9B3E7A0AD9A054984CC87E7CA9D5C117202D45D4,2020-09-23 07:29:07.116000,2020-09-23 07:29:15.143000
bwzk6s6yam2qqzfe,,,,,,,52C189FF01FDF7FA177D6678C34D362F7BC45E85,2020-09-23 07:29:15.144000,
my4jyagjwiduuwjc,failed,not_found,1332,F8DE8132E599A194E20DDB738AF64A7200CD5949,E5A3CA10182C35F691BCF678F193D10F4B0F972F,A3AFBDEE30238E44899C9F8B7666D12B09C8EE32,16F7E9E93D6CC469392AD0BA020A3F359DF98345,2020-09-23 07:29:08.389000,2020-09-23 07:29:15.111000
my4jyagjwiduuwjc,,,,,,,16F50F2728581FE5CA7AC31F5066DCE8653F996C,2020-09-23 07:29:15.111000,
pqrbgmdfijtmwoh5,failed,not_found,1336,F8DE8132E599A194E20DDB738AF64A7200CD5949,ED36124515F71E2E2401D70D9EFC3CAEB08D611B,CDAF0B74C45FD5B1955198A8D92C8A518A53D07B,8C00FA7369A7A308F6A137600F0FA07990D9D451,2020-09-23 07:29:08.389000,2020-09-23 07:29:15.384000
pqrbgmdfijtmwoh5,failed,not_found,1735,F8DE8132E599A194E20DDB738AF64A7200CD5949,103336165A0D2EFCAD3605339843A0A7710B8B92,C1335B1DB938644FCD54EE744D91354F94EDD1BC,8BE79CE3261C027CE94F84D6CBE45F03BE9B8B59,2020-09-23 07:29:15.384000,2020-09-23 07:29:27.309000
pqrbgmdfijtmwoh5,,,,,,,8BE58BA7A28DC6B4F211CE8EE86783B85133488D,2020-09-23 07:29:27.310000,
m7sybv45dn644qil,failed,not_found,1251,F8DE8132E599A194E20DDB738AF64A7200CD5949,769A297017BB5E92A9A5A3D76725CA12D694AA30,1841CB960128806151B61FC6D87AFBE9A98B99D7,EB60858E074016216315AA6F6E8E3D4F17381D5D,2020-09-23 07:29:08.390000,2020-09-23 07:29:14.599000
m7sybv45dn644qil,failed,not_found,1642,F8DE8132E599A194E20DDB738AF64A7200CD5949,33D88F331408141F2A2CC563239E54E48F7A211B,A1B28D636A56AAFFE92ADCCA937AA4BD5333BB4C,EB6A879331A20D3D39874960E1076A8421F5A44C,2020-09-23 07:29:14.600000,2020-09-23 07:29:24.823000
m7sybv45dn644qil,,,,,,,EB60A3BD25E01AF2564EF0397D8508E5D2AFD58A,2020-09-23 07:29:24.824000,
7uexkqb6pat5rmc7,failed,not_found,1403,F8DE8132E599A194E20DDB738AF64A7200CD5949,DE9B97B7E056FE1DFB2413C9E56AB25E72C5C2CD,1BEDDE92960C406B94984086407DE78DCA333036,8BAFFAA25FA37A692869E522F5E4C80B37AFED90,2020-09-23 07:29:09.315000,2020-09-23 07:29:18.290000
7uexkqb6pat5rmc7,,,,,,,435B0937725ECC8252F906800E46C90974408B63,2020-09-23 07:29:18.290000,
fzp7p5cfyxhecgro,failed,not_found,1407,F8DE8132E599A194E20DDB738AF64A7200CD5949,C63110BDD8736D2C2A733FF962F58D58FDE63A2D,96DCD1D17C1F0FA4DED207C148E54C0A55553076,2CE96A8A1DA032664C90F574AFFBECE18A6E8DFC,2020-09-23 07:29:09.369000,2020-09-23 07:29:18.376000
fzp7p5cfyxhecgro,,,,,,,2CF2DFBA221B77E96E9FE69725AE82F4E101BE4A,2020-09-23 07:29:18.376000,
w4j5anulngmgr7mo,failed,not_found,1411,F8DE8132E599A194E20DDB738AF64A7200CD5949,82ED9AEC94184EC6DD299A5CDB3378B04BB17489,8ABC4D5F6182C7E79B087D1ED9E5CF652C83E52C,6A50621E0976044854C0DF372558757A5FBEDAEE,2020-09-23 07:29:09.371000,2020-09-23 07:29:17.979000
w4j5anulngmgr7mo,,,,,,,6A5B650B830F408286FF870718D3D00B568B7045,2020-09-23 07:29:17.980000,
bgj2msctffenlg65,,,,,,,4FA1F401F8C3E8326031E7994045BE67F36033A6,2020-09-23 07:29:10.248000,
voffjp2mdpjc2rki,failed,not_found,1444,F8DE8132E599A194E20DDB738AF64A7200CD5949,C4B21A66B27E82FEF6AC97CEAEFE42DFF5C7511C,0B555940D37DC849728841C0B290074E1A1BDCA8,D983EC97264C0FB1C979C84ACD91C70273C41272,2020-09-23 07:29:10.249000,2020-09-23 07:29:18.437000
voffjp2mdpjc2rki,,,,,,,1283EBDEEC2B9D745F1E7FBE83407655B984FD66,2020-09-23 07:29:18.438000,
rtwnj6xxvu6bkvcx,failed,not_found,1448,F8DE8132E599A194E20DDB738AF64A7200CD5949,27A5A0EE72CF050F9F0A092E2B0E7FFA406537CD,0F977B4D6EBEECD578AC838A5FDDC81B636060A7,D8A1F5A8EA1AF53E3414B9C48FE6B10C31ACC9B2,2020-09-23 07:29:10.249000,2020-09-23 07:29:18.117000
rtwnj6xxvu6bkvcx,,,,,,,D8B4C31E4DAF9CBC89EC13E3F5D968AD6CDC8BFD,2020-09-23 07:29:18.118000,
p7mhcg7wqs5rcfzi,failed,not_found,1574,F8DE8132E599A194E20DDB738AF64A7200CD5949,29A39144AD141242436D07901F7A8B91F7516A66,221546DAE86B003139B13BD6F6AE1B4B42B59DF8,657D2F4DD76D1BA7877EB2F1742ED9898EB04629,2020-09-23 07:29:11.327000,2020-09-23 07:29:22.645000
p7mhcg7wqs5rcfzi,,,,,,,23DC295D771D51DA981008D1B9702A03C64488D8,2020-09-23 07:29:22.646000,
6mwyrmmefupttqbb,failed,not_found,1575,F8DE8132E599A194E20DDB738AF64A7200CD5949,8554E174D5CDB3E5E194E4A8F8378509255E8243,41145C3169D810DB360FF2FCA232093B02C0B262,924B24AFA7F075D059E8EEB284CC400B33D3D036,2020-09-23 07:29:11.371000,2020-09-23 07:29:23.188000
6mwyrmmefupttqbb,,,,,,,9288B75B5FF8861EFF32A6BE8825CC38A4F9F8C2,2020-09-23 07:29:23.188000,
d4kc5jq3pa4bbuef,failed,not_found,1576,F8DE8132E599A194E20DDB738AF64A7200CD5949,1F97BE0788A261FF978C082E0AB44ADD96AF1F7A,8C94FAB733C8F1E6C1828946DB77699DD9AC63D7,76F3A81A0784DCF536F6DE19F98EAEB1F89DECCF,2020-09-23 07:29:11.372000,2020-09-23 07:29:21.845000
d4kc5jq3pa4bbuef,,,,,,,44517C72DD0C7206E2B6E9FE3917406AE8AF3193,2020-09-23 07:29:21.846000,
sk2fut6kw63x6frt,failed,not_found,1534,F8DE8132E599A194E20DDB738AF64A7200CD5949,547E6E68ADE1B6F492C44443588A939610401DFB,85A3AC041E3FCD796AF5D653953D5E27A56E3719,562434D987CF49D45649B76ADCA993BEA8F78471,2020-09-23 07:29:12.232000,2020-09-23 07:29:20.605000
sk2fut6kw63x6frt,,,,,,,5628495D9939A8C139DD441402DE42F7012B7092,2020-09-23 07:29:20.606000,
yf6rgpsedv2e7fzi,failed,not_found,1538,F8DE8132E599A194E20DDB738AF64A7200CD5949,97B7BA747B62A9962DEDCE404FF33106D4032F91,E81993EA52B73285CFFD02FEC003569D21483001,841DE1E065BCA8C1EBDC4A7140646F47A6257BD8,2020-09-23 07:29:12.266000,2020-09-23 07:29:20.498000
yf6rgpsedv2e7fzi,,,,,,,F1C8901A569F67638748D7BE97969541B3ECC59D,2020-09-23 07:29:20.498000,
wax4p3lkmgeby2yn,failed,not_found,1548,F8DE8132E599A194E20DDB738AF64A7200CD5949,C5F214F7F9CCBF09324C9AA032760150243A196C,F836446663F1EB816F13708955F105D0B2F5C8E0,EBB799FADD615E93CA97BE5583E5EB97DD21E10F,2020-09-23 07:29:12.373000,2020-09-23 07:29:21.496000
wax4p3lkmgeby2yn,,,,,,,FCC70D3F500C2EA62004137B0137201A93A2B57E,2020-09-23 07:29:21.497000,
5npfs4hadlnquab6,failed,not_found,1246,F8DE8132E599A194E20DDB738AF64A7200CD5949,FB016E16B8CD7A0E53DEEF31ED8754E4F6B8E837,197CEA93D6643434C074EE7C2431F0B369A01491,CE58CF666F209857502FCEAF1CB52F638AFFBD63,2020-09-23 07:29:13.114000,2020-09-23 07:29:24.379000
5npfs4hadlnquab6,,,,,,,CE47F0356D86CF0A1A2008D97623216D560FB0A8,2020-09-23 07:29:24.380000,
q3nek7yzruhtqymc,failed,not_found,1607,F8DE8132E599A194E20DDB738AF64A7200CD5949,383EBB4A99479DF9CD8BE5724E09B964F098E1BD,7A2A6F39F485C4FC95FB885FFF37C436FD2BB7E5,38DC78302D5CB107B6D5CCC02EE4D8773AA910DE,2020-09-23 07:29:13.115000,2020-09-23 07:29:23.742000
q3nek7yzruhtqymc,,,,,,,50F6216AD70E26B9FE70808380A1754BDF3DD0E5,2020-09-23 07:29:23.742000,
fwg7vhixl3dqc5xg,failed,not_found,1611,F8DE8132E599A194E20DDB738AF64A7200CD5949,3C79699D4FBC37DE1A212D5033B56DAE079AC0EF,B81B38902BF026BF2591CA2D73B99CEEB03F0869,13FB26F9361F803AD190FE88B35E241DC084B026,2020-09-23 07:29:13.143000,2020-09-23 07:29:24.339000
fwg7vhixl3dqc5xg,,,,,,,F090D06DD908C91487F0A65DFFDFB1E4CD664288,2020-09-23 07:29:24.339000,
eze4pwstnghxetxo,failed,not_found,1623,F8DE8132E599A194E20DDB738AF64A7200CD5949,66BD39FE805AED414ADE400CAAD862C9CC3AC34E,06E72526BBE040C51C5ADFBAA07ADD9AEB5E1FA1,928C4709E663B0FF152FD1F1CBDD6AAFA3B548D9,2020-09-23 07:29:14.278000,2020-09-23 07:29:24.724000
eze4pwstnghxetxo,,,,,,,928FA1C68048456991707113975701FD75CB311B,2020-09-23 07:29:24.725000,
tx3yedow2x46rrei,,,,,,,457D6035A953805B82D2A9933EDE3A0EA4B675FE,2020-09-23 07:29:14.411000,
6svcvoe2ofbqhiyd,,,,,,,7ABA39F796B24333F85FA500A057DE9D700E1534,2020-09-23 07:29:14.412000,
cdaoxrqg5yvwjt2t,,,,,,,9063C7EC4A3273446DC05E9310A5C5B2F4235696,2020-09-23 07:29:15.144000,
j6xzy25i6i7fgqih,,,,,,,037B6C60DAD4DF32FDA29BF458D5C8C816AA8F3E,2020-09-23 07:29:15.145000,
otrewkn73xgu3syk,,,,,,,3ECBB7D8D5F93F4A1E1F9C3784B6B62DB8491633,2020-09-23 07:29:15.204000,
j3qz43heqwmskqfs,,,,,,,E9A90B9FF0574410695BA5F5C8354368221A7114,2020-09-23 07:29:16.197000,
frijstw7g7p4bqqs,,,,,,,B576A394DFC12B7E900D643C900484765D58C30F,2020-09-23 07:29:16.489000,
pa7mvuqpvucxlxzl,,,,,,,185663B7C12777F052B2C2D23D7A239D8DA88A0F,2020-09-23 07:29:16.489000,
v4eiohgkhmjzrpx7,,,,,,,177AA760E7F76B259CF26023D793188AE8DC9A6E,2020-09-23 07:29:17.473000,
3gkzrgcta4lb4yrg,,,,,,,D9D6C35E932FEF7100A00C99C199356E82DAB7E6,2020-09-23 07:29:17.654000,
hzxjydo3kdnsdgth,,,,,,,8D190826302B7785253D652DEB8C8355C6B247AD,2020-09-23 07:29:17.688000,
zecxhmlkzqzp2qez,,,,,,,4CDCC833FB70B9F3915522FDC90E52C531FEEC49,2020-09-23 07:29:18.149000,
mgu3jharduxgsq4u,,,,,,,2A621A40FF3081F612946FDFB8DC781BCE859A05,2020-09-23 07:29:18.149000,
t4hmfbpgklpo3sro,,,,,,,296A9A2C96249BC5D8CA8CF196EF5E3FCC80488E,2020-09-23 07:29:18.150000,
i3gk5kynurtpw6v6,,,,,,,6E642BD08A5D687B2C55E35936E3272636A90362,2020-09-23 07:29:19.319000,
pkapvx65hv6nx7q7,,,,,,,21AC6EF15C86641CE623B8A08D64144BCAC14AEC,2020-09-23 07:29:19.410000,
gf5fgomkjhjttomq,,,,,,,2096BCFEBB95A1134F39FCF8CEB076FF41A2B48B,2020-09-23 07:29:19.411000,
znb2ld4ocuinxxvr,,,,,,,B7E2EBFBE4462FC908E48007517C53ED0FF752B2,2020-09-23 07:29:20.261000,
izqlwza5nheopao2,,,,,,,980B28A19B0A66948035A3FE143E5CF613C84122,2020-09-23 07:29:20.262000,
h3xzouybw5f3wo4y,,,,,,,BD6FFF1AD5A88A8D43870D43EC4450081B4B2BBA,2020-09-23 07:29:20.298000,
7ns2k6zxeeu67npl,,,,,,,B48AC5F547DBB847EFB88480BFB86D41211ED617,2020-09-23 07:29:21.280000,
xufg23wzpreleqrg,,,,,,,706A7674A217BA905FE677E82236B7B968A23DB7,2020-09-23 07:29:21.280000,
ll4kf4tdi6l3kevx,,,,,,,2B6F6F04140464E53180B940EEEC57BB7256B10D,2020-09-23 07:29:21.281000,
m6aojx2jg4ze54fq,,,,,,,3CAA25A190B2F030DE86D0E99329E4D399472FB4,2020-09-23 07:29:22.417000,
ippjxh7dftfb4n6r,,,,,,,1AE180250D80A692077EDA35CC8E7387A9FDF220,2020-09-23 07:29:22.484000,
z6xr3r2mpmzu7pnm,,,,,,,2ED8654AD1B8C25F3EB83156B07EA35BE6132F0C,2020-09-23 07:29:22.638000,
3rutxj6yh75ww7qa,,,,,,,800267725AF0B34265FB6A2795AB3F743A63DD96,2020-09-23 07:29:23.312000,
om6aysprkugheoof,,,,,,,49CA9262801E9DC9B414A143A58A68255149367A,2020-09-23 07:29:23.312000,
fynwci6qeag2mmya,,,,,,,6E4DC86BC268306583E6C5640F11F17677663EDE,2020-09-23 07:29:23.361000,
3q4tdtrq6idna3s5,,,,,,,B06F093A3D4DFAD3E923F4F28A74901BD4F74EB1,2020-09-23 07:29:24.338000,
q66fvv46hgnqdayp,,,,,,,EC1EEF4ABBAA11CE8C978E6C87182F63AD27A4F8,2020-09-23 07:29:24.339000,
6hmnzpo4dpvsuqgh,,,,,,,EEA500A216DAA83E7815F2C46786652935FD7351,2020-09-23 07:29:24.340000,
5x6ch52dj3xzpq77,,,,,,,342A1AC764D89248E66458C077CFF668D05FFF34,2020-09-23 07:29:25.361000,
75bnasyyrnicnl4j,,,,,,,65A90AB81C44DD7D9B73B5529B1151798534AF74,2020-09-23 07:29:25.361000,
jjpvdtcv3cm5sith,,,,,,,5D2A8CAA119D0528722C2438350FAB0C8DE01AB7,2020-09-23 07:29:25.362000,
vhrm2e5ockiygez3,,,,,,,C9B16B5D37F531C8C6C0281E4EC4F056E84541D0,2020-09-23 07:29:26.032000,
ho2mawld5znhynva,,,,,,,7FA3FA525901A91A1310B817943668BC2C16289E,2020-09-23 07:29:26.119000,
r4qu5noe7wij637p,,,,,,,4055CDDFF7B3F9E6A50447609A3014753A82EB26,2020-09-23 07:29:26.129000,
p3gx6yuuobcfpevz,,,,,,,5C4B505FCFCE0E340A86D0E7960B24A13ED5677C,2020-09-23 07:29:27.572000,
yborykwcijptdcii,,,,,,,04C3468BE24740347CBCC00534C940DBCBCABC82,2020-09-23 07:29:27.573000,
jdxyihaysfb7vgei,,,,,,,B5558CFA70A5308582B25767C9698E6DBE6A90B2,2020-09-23 07:29:27.891000,
