addr,status,reason,circ,guard_fp,middle_fp,exit_fp,hsdir_fp,start,end
dokyc3j4q3ftp55h,failed,not_found,,,,,158581827034DEF1BAB1FC248D180165452E53D3,2020-08-28 15:38:38.156000,2020-08-28 15:38:39.364000
dokyc3j4q3ftp55h,failed,not_found,20,0512FE6BE9CCA0ED133152E64010B2FBA141EB10,8358BDDA9C9A680B4E3A2809E5C24F5B3624D5C2,550F8C238D36F6117F319817CC3BF16D23FC8555,157CED138D3DE9CBFB5AE0232A319C2980F6C409,2020-08-28 15:38:39.364000,2020-08-28 15:38:40.912000
dokyc3j4q3ftp55h,failed,not_found,22,0512FE6BE9CCA0ED133152E64010B2FBA141EB10,0BD524A66A928A093AD1ADD79AD24C5DA6D805CE,DCE8DBF94576272AD10D996C9AA0794A4567F304,156AAC3FAD1ACC8906316519DCB444B8C77E4EBF,2020-08-28 15:38:40.912000,2020-08-28 15:38:42.119000
dokyc3j4q3ftp55h,failed,not_found,357,0512FE6BE9CCA0ED133152E64010B2FBA141EB10,8B889E04C60E30D511013189D3C2ADCE522E1F3C,070229A4CC2CFFB24EB667298A7DB5E8D11EB701,30BE31C6018F094629654567FC5E3B706C4C9E1C,2020-08-28 15:38:42.119000,2020-08-28 15:38:47.438000
dokyc3j4q3ftp55h,failed,not_found,510,0512FE6BE9CCA0ED133152E64010B2FBA141EB10,21E54A1CB86144A4CAF60C636227ABB3D23C30D0,6CC25EF1B7BA8E6AB5B4F62B3D7D1B6C2E5DB6F3,30C0B4DE58CFBB350485B326A0D67352E0138CCF,2020-08-28 15:38:47.439000,2020-08-28 15:38:48.653000
dokyc3j4q3ftp55h,failed,not_found,659,0512FE6BE9CCA0ED133152E64010B2FBA141EB10,361D33C96D0F161275EE67E2C91EE10B276E778B,506763994792208999529D03C016774C814386A8,30D457317789E20449CBC12E02F5658FA23E0BEE,2020-08-28 15:38:48.653000,2020-08-28 15:38:50.205000
xcoe5xko63eez2o6,failed,not_found,,,,,E767C3B8295AD79B02E80A21345C9F2B3C2AD7DB,2020-08-28 15:38:38.158000,2020-08-28 15:38:38.659000
xcoe5xko63eez2o6,failed,not_found,11,0512FE6BE9CCA0ED133152E64010B2FBA141EB10,FDB1A2D8730E8FB9467EDBE3461ECCC00BB1910E,C1335B1DB938644FCD54EE744D91354F94EDD1BC,B872BA6804C8C6E140AE1897B44CF32B42FD2397,2020-08-28 15:38:38.659000,2020-08-28 15:38:41.089000
xcoe5xko63eez2o6,failed,not_found,291,0512FE6BE9CCA0ED133152E64010B2FBA141EB10,EE010EF80A27AC0B02CDC2B8B214A6201BB02D2B,26220AEA188B8D0E47BB541E1A616EB3AD70295F,E75F2ACA1A18291AFE52E6BE0BAC1F805ABC1439,2020-08-28 15:38:41.090000,2020-08-28 15:38:45.988000
xcoe5xko63eez2o6,failed,not_found,354,0512FE6BE9CCA0ED133152E64010B2FBA141EB10,C5F214F7F9CCBF09324C9AA032760150243A196C,0B25110BA3473A6DC04AB58A3A0D5E4D6922A0E0,E75ABF29D4B417D3D3565AEDAF89E4F9D16E736F,2020-08-28 15:38:45.989000,2020-08-28 15:38:47.011000
xcoe5xko63eez2o6,failed,not_found,679,0512FE6BE9CCA0ED133152E64010B2FBA141EB10,1C8B3C3D8BC705883B7799C915B2FE1E0FEB006F,6919A8656F85830ED5778FE3FDD522F3F18FFF6F,B86BE002D4D6F3E2999E8EEAC9B72CAA796944BE,2020-08-28 15:38:47.012000,2020-08-28 15:38:50.565000
xcoe5xko63eez2o6,failed,not_found,1004,0512FE6BE9CCA0ED133152E64010B2FBA141EB10,D6F03EFBE511417D77DCFC1A3F1EB5D4BF509F81,4623A9EC53BFD83155929E56D6F7B55B5E718C24,B86137AE9681701901C6720E55C16805B46BD8E3,2020-08-28 15:38:50.566000,2020-08-28 15:38:52.914000
itox7q7lz27q4tfg,failed,not_found,,,,,DD0AA66DD9E4E71FFAFAB658DF8300F1CEEA0364,2020-08-28 15:38:38.160000,2020-08-28 15:38:38.657000
itox7q7lz27q4tfg,failed,not_found,10,0512FE6BE9CCA0ED133152E64010B2FBA141EB10,B0B26AEDB0D1E21EA8E06530CAAD953B464286FB,CD39C258265B25EAA4ABA4FDCB2DF98104CAA362,DD112ED6E8791EC1B742AF68920BA80679A0D2DB,2020-08-28 15:38:38.658000,2020-08-28 15:38:39.747000
itox7q7lz27q4tfg,failed,not_found,14,0512FE6BE9CCA0ED133152E64010B2FBA141EB10,D5039E1EBFD96D9A3F9846BF99EC9F75EDDE902A,37DDF1906EE3DB96130A717EA54667C64DAC78DF,CEECFBB82FC484051E89719C49DC803F65AABC72,2020-08-28 15:38:39.748000,2020-08-28 15:38:40.206000
itox7q7lz27q4tfg,,,,,,,DD0C8EEC5CA402A9FA4478F10C31A440F71F6885,2020-08-28 15:38:40.207000,
6olebvkkgucjuq2d,failed,not_found,8,0512FE6BE9CCA0ED133152E64010B2FBA141EB10,21310F48066A4CAADEB2BFD324F0B38F8E1448D6,2DD3500784350803F0040C6556B02F38A0B5F3FA,330CD3DB6AD266DC70CDB512B036957D03D9BC59,2020-08-28 15:38:38.169000,2020-08-28 15:38:39.408000
6olebvkkgucjuq2d,failed,not_found,21,0512FE6BE9CCA0ED133152E64010B2FBA141EB10,F20F5DE15D5371080D711CE7A59A70CC0D378D51,B1E43B11A955CBA31F5261A22CBFCE204C95D5DE,361D33C96D0F161275EE67E2C91EE10B276E778B,2020-08-28 15:38:39.409000,2020-08-28 15:38:40.913000
6olebvkkgucjuq2d,failed,not_found,51,0512FE6BE9CCA0ED133152E64010B2FBA141EB10,CB56CBA82FADE2DE7C0CBD19ECF776C7FF0586BE,6FBD65C22C2996B2038A090BF5E55AA7AEDEE120,36045C1900EC3FDF1DDA9BEC72DDF7DE50DAF021,2020-08-28 15:38:40.913000,2020-08-28 15:38:42.356000
6olebvkkgucjuq2d,failed,not_found,132,0512FE6BE9CCA0ED133152E64010B2FBA141EB10,F8F11BD639372EDA0101167D814CD8F235B494B3,44BD70C13DAA7513D6F47773804178B009F21ED5,32EB288C0EFB52964CCF8EF28BE6BC7FF592BB58,2020-08-28 15:38:42.357000,2020-08-28 15:38:43.310000
6olebvkkgucjuq2d,failed,not_found,191,0512FE6BE9CCA0ED133152E64010B2FBA141EB10,F9674F45A25CAA977E7B872807E0A070C121F5FA,1079E628FC6B0025656AC024F2D9975C441498CD,32EE911D968BE3E016ECA572BB1ED0A9EE43FC2F,2020-08-28 15:38:43.310000,2020-08-28 15:38:44.117000
6olebvkkgucjuq2d,failed,not_found,231,0512FE6BE9CCA0ED133152E64010B2FBA141EB10,819C8AFEDAC733315A8F3DB80F043F13090C49F6,A1B28D636A56AAFFE92ADCCA937AA4BD5333BB4C,35E98FB0B591DF3B357FFEDD3DADB10DAD027D7D,2020-08-28 15:38:44.118000,2020-08-28 15:38:45.083000
himqusjg6zmovqmj,failed,not_found,9,0512FE6BE9CCA0ED133152E64010B2FBA141EB10,2E72EEABE4EE19183BEFAA10D88B3C16829C9F99,FB691D6E3FEE35C6979EE72AF03A53DD861B4CBB,A7143CD3C548EB63D98647D592A7AE3EA02B142B,2020-08-28 15:38:38.181000,2020-08-28 15:38:38.982000
himqusjg6zmovqmj,failed,not_found,13,0512FE6BE9CCA0ED133152E64010B2FBA141EB10,327F5823438B8EC86EC33355C147D8455AB1C14B,A4F11D693FAB6E949B2B7C18153C3F7989896007,A726E45892B784980DD88F168DF802B6018B6BF0,2020-08-28 15:38:38.982000,2020-08-28 15:38:40.366000
himqusjg6zmovqmj,failed,not_found,35,0512FE6BE9CCA0ED133152E64010B2FBA141EB10,B32B93C90DCAF0012328A8D55D621D26B186E11A,29A39144AD141242436D07901F7A8B91F7516A66,A7378A215483C6AD9968AD505DA1454F7E294797,2020-08-28 15:38:40.366000,2020-08-28 15:38:41.104000
himqusjg6zmovqmj,failed,not_found,66,0512FE6BE9CCA0ED133152E64010B2FBA141EB10,46A91ECF7C4F36F830E015EF484BE3B5A53B74DD,DAA21D2606CDB22CE218726D6F46D38A42524B03,78BC2254D3B31CD865F7682633AA438212132532,2020-08-28 15:38:41.105000,2020-08-28 15:38:41.950000
himqusjg6zmovqmj,failed,not_found,102,0512FE6BE9CCA0ED133152E64010B2FBA141EB10,AB977A400143C8441703993D02956977C9AB0349,8EB722FA1AE9DDE1914BC21FEA22819D4DE99DB4,787403EB1E2F7C9BA1B38D0389AA6719463F0F7E,2020-08-28 15:38:41.950000,2020-08-28 15:38:42.827000
himqusjg6zmovqmj,failed,not_found,154,0512FE6BE9CCA0ED133152E64010B2FBA141EB10,41CEB66108B70108F148BF7778260A87723AACA1,69534B8B5FCCD0BF1124945B1D0F5A35FB0A3542,78B98D12997EDD630F6A674CBF42F20711DEAC11,2020-08-28 15:38:42.828000,2020-08-28 15:38:43.512000
cflare2nge4h4yqr3574crrd7k66lil3torzbisz6uciyuzqc2h2ykyd,received,,12,0512FE6BE9CCA0ED133152E64010B2FBA141EB10,D8EA105E79803FB0040A8C2A676D93DAEA2CFFF0,D7DB8E82604F806766FC3F80213CF719A0481D0B,619E413D0C8AFF95B456622707016A7AB7B4DA5D,2020-08-28 15:38:38.687000,2020-08-28 15:38:40.368000
xdc5srdhd33hviba,failed,not_found,289,0512FE6BE9CCA0ED133152E64010B2FBA141EB10,43C83536DACCD110FF11E049A890064F6F87BEB2,4CD4DFFEF3971C902A22100D911CAC639BE2EF5C,B38D5CEB0B5F972D227976F0A230D8D141E71710,2020-08-28 15:38:39.163000,2020-08-28 15:38:45.843000
xdc5srdhd33hviba,failed,not_found,345,0512FE6BE9CCA0ED133152E64010B2FBA141EB10,79B39F8D53DACC9A63975FBC346301D8D0D36034,E68CC9C2E262E01C4C71C8F66F07517B0AB5E245,B3AA9132A7D759863BFAB6CD12DA6646F2A5D1AD,2020-08-28 15:38:45.844000,2020-08-28 15:38:47.205000
xdc5srdhd33hviba,failed,not_found,480,0512FE6BE9CCA0ED133152E64010B2FBA141EB10,4F0E5D4E184C40E2B9A89664005B308A1DEE3756,365F393040AA2979DC01D102F5052CAD048F42F7,B3C6B4D26A20151F568D39ACFA63E15DBC01CD5D,2020-08-28 15:38:47.205000,2020-08-28 15:38:48.514000
xdc5srdhd33hviba,failed,not_found,628,0512FE6BE9CCA0ED133152E64010B2FBA141EB10,CDAF0B74C45FD5B1955198A8D92C8A518A53D07B,99339F3E68BCCC1391BF14C821D80766FE0C5956,AECF23413E12738380C7B61E0AF5126D47DF30E3,2020-08-28 15:38:48.514000,2020-08-28 15:38:50.302000
xdc5srdhd33hviba,failed,not_found,962,0512FE6BE9CCA0ED133152E64010B2FBA141EB10,CD39C258265B25EAA4ABA4FDCB2DF98104CAA362,BB5630967607D8A8B6CA854AF954FE8372D1662A,AECF1E78CB116AD7105C88B1F08DBFD783E584B2,2020-08-28 15:38:50.303000,2020-08-28 15:38:52.918000
xdc5srdhd33hviba,failed,not_found,1304,0512FE6BE9CCA0ED133152E64010B2FBA141EB10,62CF4982747BFDE3C0395A3894554BD8DC3C5D92,0B25110BA3473A6DC04AB58A3A0D5E4D6922A0E0,AEC8A42DE8F9CB115E2479D78AE1CA4BCCF54F4A,2020-08-28 15:38:52.920000,2020-08-28 15:38:55.492000
zza7o7ntijupbi3m,failed,not_found,16,0512FE6BE9CCA0ED133152E64010B2FBA141EB10,E6C04728E9339DF22F331B7017D4A7AA3F252F0B,0745857B06337B7F343635608975972A9EC14901,CC100DC017A25E244C35C964BB518E4308415ACC,2020-08-28 15:38:39.175000,2020-08-28 15:38:40.181000
zza7o7ntijupbi3m,failed,not_found,25,0512FE6BE9CCA0ED133152E64010B2FBA141EB10,5006438995AA54DA1DF8E4903555262225601A9E,06B308F54B4A779D74B30536964182A09C08AB8F,CC1BDE73D48DEF3202C688A158D0718C885360D4,2020-08-28 15:38:40.181000,2020-08-28 15:38:41.511000
zza7o7ntijupbi3m,failed,not_found,86,0512FE6BE9CCA0ED133152E64010B2FBA141EB10,5D2A8CAA119D0528722C2438350FAB0C8DE01AB7,1C8B3C3D8BC705883B7799C915B2FE1E0FEB006F,CC09DFB016081AD50686DAC96440BB2D6F343251,2020-08-28 15:38:41.512000,2020-08-28 15:38:42.357000
zza7o7ntijupbi3m,failed,not_found,133,0512FE6BE9CCA0ED133152E64010B2FBA141EB10,E00DFD54DC165D5452FBD3530D30186DAD016A0C,39F91959416763AFD34DBEEC05474411B964B2DC,C22BA9ED6DEE071D2B37B9718DCCFB6A53EAD5E6,2020-08-28 15:38:42.357000,2020-08-28 15:38:43.531000
zza7o7ntijupbi3m,failed,not_found,203,0512FE6BE9CCA0ED133152E64010B2FBA141EB10,FF8F56B5E1A36341F84FF72927CEB3F0AC6BC6A9,3F1581559522B27BD1342F2A3A0022F273FA93D6,C1DCC470C80F6D702C5ED11515936444BD3A0255,2020-08-28 15:38:43.531000,2020-08-28 15:38:46.085000
zza7o7ntijupbi3m,failed,not_found,363,0512FE6BE9CCA0ED133152E64010B2FBA141EB10,543F96D0C17CDBAC326F644DB0C8A17193BCCFC9,52D5FB2004C67127C73B71478238FA66122BD443,C239952D0C8E4EABC3E6B0A8E0B623689174E3C6,2020-08-28 15:38:46.087000,2020-08-28 15:38:46.856000
ebonn6uas7b6auel,failed,not_found,17,0512FE6BE9CCA0ED133152E64010B2FBA141EB10,0085057C17BD2E1809E284825F06F94E72FB418C,72C2EB697C3CD4CE7408359B386DEE6B2888F714,2CD5474E33D12629156B92FBD61FAAB22D07B0F7,2020-08-28 15:38:39.203000,2020-08-28 15:38:40.161000
ebonn6uas7b6auel,failed,not_found,24,0512FE6BE9CCA0ED133152E64010B2FBA141EB10,91258F0EDB1FF92CF76E6DC38BFE98055A74DBF8,AFA9E5B8D77B736CCA77704B465F9FA4B9566924,2CAEC55A7854FE3CB37BE80328086FDF89E082C4,2020-08-28 15:38:40.162000,2020-08-28 15:38:41.055000
ebonn6uas7b6auel,failed,not_found,59,0512FE6BE9CCA0ED133152E64010B2FBA141EB10,EDEA19172EC8B1463BDD19E3A18778C5756710A1,3D9CE80399B68C01377FEC42395E399B9ED16E18,483CE40BAD189F840EB2222A558F96C11C2B79B0,2020-08-28 15:38:41.056000,2020-08-28 15:38:42.627000
ebonn6uas7b6auel,failed,not_found,142,0512FE6BE9CCA0ED133152E64010B2FBA141EB10,9A48EC8AAFB2E8C9E20408596383DB74F1196747,E4A23FEACFA0D7064C6694BE91BF94805E3CE487,4837A6DFFC8E3681D70AD9E8D057C029093DA2F7,2020-08-28 15:38:42.628000,2020-08-28 15:38:43.413000
ebonn6uas7b6auel,failed,not_found,199,0512FE6BE9CCA0ED133152E64010B2FBA141EB10,6E4B0D429CD87AB6C25D72E298294C583FF8BA4A,5665A3904C89E22E971305EE8C1997BCA4123C69,482A687F14182974926CE0B3ACFFC8D6247ED7DF,2020-08-28 15:38:43.414000,2020-08-28 15:38:44.346000
ebonn6uas7b6auel,failed,not_found,255,0512FE6BE9CCA0ED133152E64010B2FBA141EB10,24E1C6412183972BFD76D838AC04D1ED261743D3,9821523A67929331CB1126BA6A2512424EAA54C5,2CD317C624803B77EAD32C96382884B0CAD4DB3F,2020-08-28 15:38:44.347000,2020-08-28 15:38:46.172000
pcvscrggbgzstk3a,failed,not_found,18,0512FE6BE9CCA0ED133152E64010B2FBA141EB10,7600899E54FA28AABB1764548ED28CDEC96673B1,457D6035A953805B82D2A9933EDE3A0EA4B675FE,FC773D88785CF34CF0028BA13C5CBD32CAB27AE2,2020-08-28 15:38:39.204000,2020-08-28 15:38:40.602000
pcvscrggbgzstk3a,failed,not_found,42,0512FE6BE9CCA0ED133152E64010B2FBA141EB10,59C0D88A5B3C65541CF63D0DD88EF15A379D378E,7272FA27A7F99E88D59BE2018E3F14FB88BF9786,FC79C6655FA52773FFB367D2BF7C50D8F1361C71,2020-08-28 15:38:40.603000,2020-08-28 15:38:41.995000
pcvscrggbgzstk3a,failed,not_found,104,0512FE6BE9CCA0ED133152E64010B2FBA141EB10,890480E14E634C8B4467C475E355A6FBF3D99CD5,0B58A95E539FFA6C05C010F5C1DA35FB8038E3A8,A926970FE1AEF9C6D8D4BF57ED6B88F3F8C66415,2020-08-28 15:38:41.995000,2020-08-28 15:38:43.255000
pcvscrggbgzstk3a,failed,not_found,187,0512FE6BE9CCA0ED133152E64010B2FBA141EB10,946BB39545FCB4D4A4929DC9B84EAA28725EDF6F,AC5CECEF6AF649F2A7F047D102FE9B461DA9234E,FC82FEA3E8A86785B202F4C1451F89C5E12A8A00,2020-08-28 15:38:43.256000,2020-08-28 15:38:45.321000
pcvscrggbgzstk3a,failed,not_found,319,0512FE6BE9CCA0ED133152E64010B2FBA141EB10,FB4531817DB73168B0410AD4BFEAAFE206F1A763,1684B30AE2ADD371E5D3A8B3F28ACA4CE9CA2E00,A9406A006D6E7B5DA30F2C6D4E42A338B5E340B2,2020-08-28 15:38:45.322000,2020-08-28 15:38:46.628000
pcvscrggbgzstk3a,failed,not_found,414,0512FE6BE9CCA0ED133152E64010B2FBA141EB10,06BBEAA6F73759A1795EB461D39D2AA168F305D1,BABBE7B67010279491A1A0B5CF201B85EDB3D8DA,A932F56F69D24A96A0CBC4F32922A62DEFD28C77,2020-08-28 15:38:46.629000,2020-08-28 15:38:47.552000
qim4tfqplmmlqjf6,failed,not_found,19,0512FE6BE9CCA0ED133152E64010B2FBA141EB10,55A92BE2A76C64A5A0DB0D4F61D5DCA37B55EE52,9B2BC7EFD661072AFADC533BE8DCF1C19D8C2DCC,9971F51A3274758B5C59E1D6580ED2C13E13CBEC,2020-08-28 15:38:39.205000,2020-08-28 15:38:40.367000
qim4tfqplmmlqjf6,failed,not_found,37,0512FE6BE9CCA0ED133152E64010B2FBA141EB10,9A48EC8AAFB2E8C9E20408596383DB74F1196747,CDAEBA458F6129776643751934076A51D851C348,996F98DDCDA5A303C0832AC8F842D8DD2842D3BF,2020-08-28 15:38:40.367000,2020-08-28 15:38:41.546000
qim4tfqplmmlqjf6,failed,not_found,89,0512FE6BE9CCA0ED133152E64010B2FBA141EB10,EAB20BD4083C820EC8329ED5AEBF12019A7749F3,069E732EC96774ED5609D4803D7B1130E338B0EB,ED4325A6DB8D579CFF70F5A5630FD368464B0D64,2020-08-28 15:38:41.547000,2020-08-28 15:38:42.787000
qim4tfqplmmlqjf6,failed,not_found,146,0512FE6BE9CCA0ED133152E64010B2FBA141EB10,7BE4752877553A96CD4035D0C526BCD09E81CC64,071ACB713A9558A4B5750520B0A738C66033E0B1,9973E1E9730A58FDBA9E112D2B3342D2C0D921B5,2020-08-28 15:38:42.788000,2020-08-28 15:38:43.484000
qim4tfqplmmlqjf6,failed,not_found,159,0512FE6BE9CCA0ED133152E64010B2FBA141EB10,C1B79C4CD9B713BBB6B0522155B46A7BFE3BFAAE,09A70E396DE93F54D4541BBB0EC8E2B23761F34F,ED36124515F71E2E2401D70D9EFC3CAEB08D611B,2020-08-28 15:38:43.486000,2020-08-28 15:38:44.084000
qim4tfqplmmlqjf6,failed,not_found,229,0512FE6BE9CCA0ED133152E64010B2FBA141EB10,84F0FEBFDFA8FBC6A2EA27F87EBB31F050AFD04D,C41ADE229598201F913426E9C6B9647098AEE28D,ED3ACBBB89C5F1597A44A65D2FA203BDB8E208F2,2020-08-28 15:38:44.084000,2020-08-28 15:38:45.127000
osjamjqa2j57ldc4,failed,not_found,23,0512FE6BE9CCA0ED133152E64010B2FBA141EB10,45340458350C88E4C526A1D551BB144643ABA794,D777D31F95081D0F7223AAD5F8A74977D524145D,1EDE36198865B97C22D94D94E4097C8BE963C33F,2020-08-28 15:38:40.160000,2020-08-28 15:38:41.139000
osjamjqa2j57ldc4,failed,not_found,70,0512FE6BE9CCA0ED133152E64010B2FBA141EB10,99339F3E68BCCC1391BF14C821D80766FE0C5956,BDEFE9280529DF52007A6660BE658F09488464B8,2CD317C624803B77EAD32C96382884B0CAD4DB3F,2020-08-28 15:38:41.140000,2020-08-28 15:38:42.248000
osjamjqa2j57ldc4,failed,not_found,358,0512FE6BE9CCA0ED133152E64010B2FBA141EB10,E6C04728E9339DF22F331B7017D4A7AA3F252F0B,24B1DF80768332990BA8F1230BA41D95D82D52BD,1EE882126F8CF613C67DC25415330D8CF328CDBA,2020-08-28 15:38:42.249000,2020-08-28 15:38:47.082000
osjamjqa2j57ldc4,failed,not_found,468,0512FE6BE9CCA0ED133152E64010B2FBA141EB10,1804C06A266F0DA26DF58CD559E01C2F7C3FC42A,E916F2ACBA67EC57AFAF450AA84E528308835418,1EDE608C5E190C8682A2F827664E758416104670,2020-08-28 15:38:47.082000,2020-08-28 15:38:48.282000
osjamjqa2j57ldc4,failed,not_found,600,0512FE6BE9CCA0ED133152E64010B2FBA141EB10,0677DF0B05ECDA2EF45F26C3332731043BB89AB8,14D57DEDF0A4554A2D21AD53CCCC43E31158C733,2CD5474E33D12629156B92FBD61FAAB22D07B0F7,2020-08-28 15:38:48.283000,2020-08-28 15:38:49.968000
osjamjqa2j57ldc4,failed,not_found,857,0512FE6BE9CCA0ED133152E64010B2FBA141EB10,9C900A7F6F5DD034CFFD192DAEC9CCAA813DB022,6287129CB9EC475E816A0D283FE4E45D632A4A4B,2CAEC55A7854FE3CB37BE80328086FDF89E082C4,2020-08-28 15:38:49.970000,2020-08-28 15:38:51.592000
z63vfiaxokhpg2rv,failed,not_found,26,0512FE6BE9CCA0ED133152E64010B2FBA141EB10,65E40F7EDD28E2CF28684E30E0BAB7706819CFC3,74B8B22AF950B0BE11D8A228FB09D2F5279FB757,198F12E2DEFBE6BEEBC38B2FEDD615AECB38DA7A,2020-08-28 15:38:40.205000,2020-08-28 15:38:41.655000
z63vfiaxokhpg2rv,failed,not_found,55,0512FE6BE9CCA0ED133152E64010B2FBA141EB10,A3C0C4B34CDBCE03A85CDA06E9EE2F7E165551DB,CB1CE5D58F07BCACBD06FBA82ED2359D5E8CE911,19CEDE7CF85C2D1AE18FF331FFE066D251A55B77,2020-08-28 15:38:41.655000,2020-08-28 15:38:42.578000
z63vfiaxokhpg2rv,failed,not_found,138,0512FE6BE9CCA0ED133152E64010B2FBA141EB10,504F23DC734459DBBA58B2F11A4799EB945188A3,475B34D76756910C11EB7752EB8285F6BE00C1EE,CA4DF2B63A43080C57CF9A561D4A155F97EC5A4F,2020-08-28 15:38:42.579000,2020-08-28 15:38:43.750000
z63vfiaxokhpg2rv,failed,not_found,211,0512FE6BE9CCA0ED133152E64010B2FBA141EB10,D1B1A550FEE3A05E71CA9080D14CCA3B746C0C17,6CFC47B46E42A9D76D47B911FB719E65308014EE,CA4E9DFE87DE87E502F3B503D07EC8EFCAEE2549,2020-08-28 15:38:43.751000,2020-08-28 15:38:44.772000
z63vfiaxokhpg2rv,failed,not_found,270,0512FE6BE9CCA0ED133152E64010B2FBA141EB10,CB21756D213C09812ED2B03DC111CDE937387F9D,7BB70F8585DFC27E75D692970C0EEB0F22983A63,1A002B6E163D502F23381391718E11A568976403,2020-08-28 15:38:44.772000,2020-08-28 15:38:46.790000
z63vfiaxokhpg2rv,failed,not_found,1021,0512FE6BE9CCA0ED133152E64010B2FBA141EB10,3CFAD0798FF5D3B994F40B8971D4A79D84165A0D,6E4B0D429CD87AB6C25D72E298294C583FF8BA4A,CA52E423ECBF7D07BB8E1139A39B4D8668CFE2A4,2020-08-28 15:38:46.791000,2020-08-28 15:38:53.370000
lx4b3rjiid4q7hw2,failed,not_found,27,0512FE6BE9CCA0ED133152E64010B2FBA141EB10,C0DAAAE5EE461BBE13945FE4B52F32ABDC6BC376,CDAEBA458F6129776643751934076A51D851C348,98E659B5B701076BE433B4723F20A1811739588A,2020-08-28 15:38:40.206000,2020-08-28 15:38:41.107000
lx4b3rjiid4q7hw2,failed,not_found,68,0512FE6BE9CCA0ED133152E64010B2FBA141EB10,D7829A21726220AF77401BE5B2B132963A0BE82B,40C773D9F2B16143CDB2ADB661DDC6BB12EF3E2C,98EAC67EA6814038285F1A100D786AD8A0CD2A5E,2020-08-28 15:38:41.108000,2020-08-28 15:38:42.416000
lx4b3rjiid4q7hw2,failed,not_found,106,0512FE6BE9CCA0ED133152E64010B2FBA141EB10,8FD3BAF5E14EBE1124D6253D59882AFE1C2B9B8E,304B631B1BC51705DAE7BAF566487AFE25807380,98DBFA6DC7F4013566D09E3DDC6F6CAF510E7FD6,2020-08-28 15:38:42.416000,2020-08-28 15:38:42.825000
lx4b3rjiid4q7hw2,failed,not_found,152,0512FE6BE9CCA0ED133152E64010B2FBA141EB10,66F8C32B94D73B51A5D2FA079C6A09047C9ABA71,6E4B0D429CD87AB6C25D72E298294C583FF8BA4A,C90CA3B7FE01A146B8268D56977DC4A2C024B9EA,2020-08-28 15:38:42.826000,2020-08-28 15:38:43.873000
lx4b3rjiid4q7hw2,failed,not_found,219,0512FE6BE9CCA0ED133152E64010B2FBA141EB10,F07B89BC9D794F3D9342417C62FBA8F9972D04A3,FF82B371BDDDA0F48D849CA38E33A9AA39C0D2BE,C91102131E6B9CECFC56C4A29ADA4E638D7872F7,2020-08-28 15:38:43.874000,2020-08-28 15:38:45.520000
lx4b3rjiid4q7hw2,failed,not_found,329,0512FE6BE9CCA0ED133152E64010B2FBA141EB10,E1DE607E31C2C0FB6F8FC959BF7B58CE35D95990,5C218453D5EACE29367D631A2A20E3259BA67255,C92367D6DF9570160CD0D6503D88F192B4C09458,2020-08-28 15:38:45.521000,2020-08-28 15:38:46.700000
gol6kgvm2qc25glg,failed,not_found,30,0512FE6BE9CCA0ED133152E64010B2FBA141EB10,EF1A9BE231A6C3AC94B9E2BFC86990B16C923A45,82793B52232CAF7E872B177F7A7D06BF9949D600,1E6B6975DA40EFCC52B23806D5704FF6D5746560,2020-08-28 15:38:40.233000,2020-08-28 15:38:41.227000
gol6kgvm2qc25glg,failed,not_found,82,0512FE6BE9CCA0ED133152E64010B2FBA141EB10,FBE55AFBBDBA046543F8511783760DF41DBB206E,782936C16BF876F5F59A1793ADB1C5B251DB65E7,1E5618C079D74CF9AE0C5370DE4C6E1AFD5C0B39,2020-08-28 15:38:41.227000,2020-08-28 15:38:42.249000
gol6kgvm2qc25glg,failed,not_found,130,0512FE6BE9CCA0ED133152E64010B2FBA141EB10,24E1C6412183972BFD76D838AC04D1ED261743D3,DC9564AE8BC7BF5F722E3677C897ED1B578C8D81,1E63C2CED3B6DDCD1078B2A4F10C8A48BD2C31A0,2020-08-28 15:38:42.250000,2020-08-28 15:38:43.704000
gol6kgvm2qc25glg,failed,not_found,208,0512FE6BE9CCA0ED133152E64010B2FBA141EB10,4CE6D83FFA8AD24767007E8C972F371F2468F09A,130E69E8F783DEF256E757FA78154B7DC2A39E0E,68FBE72B0D411C314EC7F272CB5B3F14C2429246,2020-08-28 15:38:43.705000,2020-08-28 15:38:44.647000
gol6kgvm2qc25glg,failed,not_found,226,0512FE6BE9CCA0ED133152E64010B2FBA141EB10,5A224EFAC453F7EF2D0435E336890DECDC5CEBFD,7B0D94D348D9F98C50B6674C5CB17AF35EA2605F,68F175CCABE727AA2D2309BCD8789499CEE36ED7,2020-08-28 15:38:44.647000,2020-08-28 15:38:45.121000
gol6kgvm2qc25glg,failed,not_found,299,0512FE6BE9CCA0ED133152E64010B2FBA141EB10,C55AC4238C66CE8D00838572D563A284DBEF0228,819C8AFEDAC733315A8F3DB80F043F13090C49F6,68EBC7615E7DE318C6B9AA530EFD6E20FDE8DF9A,2020-08-28 15:38:45.121000,2020-08-28 15:38:46.004000
c5n46iyh73c2oeod,failed,not_found,32,0512FE6BE9CCA0ED133152E64010B2FBA141EB10,3D5D6178C44537E3692853B344385F6572A55767,E4A7CF32D1EC81521E234C8BF46384E75838A8D7,DD5DA21CC5036533AE2010DE2C7E72BE2CDF9C5E,2020-08-28 15:38:40.234000,2020-08-28 15:38:41.071000
c5n46iyh73c2oeod,failed,not_found,61,0512FE6BE9CCA0ED133152E64010B2FBA141EB10,A39721D284AA1ED1AE87AE63523535484AA14FB5,3239007CE1FB2ECDFDF2067DF23B949295DC5EF6,DD823AFB415380A802DCAEB9461AE637604107FB,2020-08-28 15:38:41.072000,2020-08-28 15:38:41.914000
c5n46iyh73c2oeod,failed,not_found,99,0512FE6BE9CCA0ED133152E64010B2FBA141EB10,24D426BC072D6D6090B23B6829D8B32682034C01,63C6AB74A5C288C2159DDC783BB00F88AB44427C,DD53A8A1E31C3959AF8AFB5A06F93C7C36350C29,2020-08-28 15:38:41.914000,2020-08-28 15:38:43.126000
c5n46iyh73c2oeod,failed,not_found,174,0512FE6BE9CCA0ED133152E64010B2FBA141EB10,3D8A65667A03D839050DCAD120085E257E029536,5D765770B4DB110D88787457978AB4008CF65CAC,FB4BC8A17AD016963AA34EB98060F475DBB2DD9D,2020-08-28 15:38:43.127000,2020-08-28 15:38:44.693000
c5n46iyh73c2oeod,failed,not_found,265,0512FE6BE9CCA0ED133152E64010B2FBA141EB10,8D912126FA40BD67EE7D5759BD19459450AEBEA1,B0335F7872A698A86E5E9AC3CF323B50AEF9C081,FB43FC51B932F6A8FD75AFBBB45FDD19955889DB,2020-08-28 15:38:44.694000,2020-08-28 15:38:45.562000
c5n46iyh73c2oeod,failed,not_found,331,0512FE6BE9CCA0ED133152E64010B2FBA141EB10,1FA58F4E722AB35E27E2FF601122627B01103642,4B351545DD58473F36B0A20E5500AC6ED51E8CD5,FB52C73C8B728ABDE014DB30DC53D160A71E5708,2020-08-28 15:38:45.563000,2020-08-28 15:38:46.385000
wh72jyi5gpanpqyl,failed,not_found,72,0512FE6BE9CCA0ED133152E64010B2FBA141EB10,98138DFD3E2C8C89D8F5AB11EF9B6BFF272D83B4,4586DF1934953F38206B5117237F79C1C8797FC4,7FD6C9AB839761B3334BC9BA8E8543261B93BB88,2020-08-28 15:38:41.155000,2020-08-28 15:38:42.029000
wh72jyi5gpanpqyl,failed,not_found,108,0512FE6BE9CCA0ED133152E64010B2FBA141EB10,D079D6818926684C5979C18171FB18862A4A5792,AE9377C75CE822E839F15F74C9F346E68D7DB488,DB2682153AC0CCAECD2BD1E9EBE99C6815807A1E,2020-08-28 15:38:42.030000,2020-08-28 15:38:43.351000
wh72jyi5gpanpqyl,failed,not_found,195,0512FE6BE9CCA0ED133152E64010B2FBA141EB10,2F26D43258285FEB39E4320888DFAFA8A0D20E11,5BB51E650366D14C95027DB2F1D7A69BC5B00676,7FF94320963B5CDAF9A072CE9BEE9B4F1F2B383C,2020-08-28 15:38:43.351000,2020-08-28 15:38:44.247000
wh72jyi5gpanpqyl,failed,not_found,247,0512FE6BE9CCA0ED133152E64010B2FBA141EB10,CDAEBA458F6129776643751934076A51D851C348,335E993222204F6B4817134506494A6441DEFB6B,7FA3FA525901A91A1310B817943668BC2C16289E,2020-08-28 15:38:44.248000,2020-08-28 15:38:45.207000
wh72jyi5gpanpqyl,failed,not_found,308,0512FE6BE9CCA0ED133152E64010B2FBA141EB10,1D8ED54EA9DF2D46558AD0096DD5D9DD297F13A8,B7EF647EF659726C716243A82877D20AA7978EBC,DB53975D02957099E84F319194B8F5C7C6D15712,2020-08-28 15:38:45.208000,2020-08-28 15:38:46.344000
wh72jyi5gpanpqyl,failed,not_found,396,0512FE6BE9CCA0ED133152E64010B2FBA141EB10,1C8B3C3D8BC705883B7799C915B2FE1E0FEB006F,9DB6BCDC10AEFB2C032857E114AF585A252E9CFB,DB58ED50E920C51F5C1A044E6A04BA669B14CFD2,2020-08-28 15:38:46.344000,2020-08-28 15:38:47.979000
t6g472fzklogu4j6,failed,not_found,75,0512FE6BE9CCA0ED133152E64010B2FBA141EB10,C37F87C0125E26E6ACF54366FA2198209E856ABE,DA9E02BB8080E473157052F70439B7886AA8569D,9B8BC7AB8792ED42DD9C5D7E8D02C38E60FBA381,2020-08-28 15:38:41.173000,2020-08-28 15:38:42.049000
t6g472fzklogu4j6,failed,not_found,110,0512FE6BE9CCA0ED133152E64010B2FBA141EB10,DCE8DBF94576272AD10D996C9AA0794A4567F304,76D2EBA82BBCCA3DF9F254A9A8372A10A26F3D14,0E5D730466E5BB675BC9704C374DBE7E19F06165,2020-08-28 15:38:42.050000,2020-08-28 15:38:43.098000
t6g472fzklogu4j6,failed,not_found,172,0512FE6BE9CCA0ED133152E64010B2FBA141EB10,0F6E5CA4BF5565D9AA9FDDCA165AFC6A5305763D,165532BF5B1A34DF60D74375409D632D6FBEF83F,9B816A5B3EB20B8E4E9B9D1FBA299BD3F40F0320,2020-08-28 15:38:43.098000,2020-08-28 15:38:44.445000
t6g472fzklogu4j6,failed,not_found,257,0512FE6BE9CCA0ED133152E64010B2FBA141EB10,DF7AA16E1A6037C5FCBB4DED4F3A6CD262CA3799,64E257D94E739278D5954CC820C9D7EAC4E7A7B7,0E2EEC125A6AC8D5EBF5DB36B776A3DA5510E7A0,2020-08-28 15:38:44.445000,2020-08-28 15:38:45.738000
t6g472fzklogu4j6,failed,not_found,337,0512FE6BE9CCA0ED133152E64010B2FBA141EB10,2CE9BE1FC88B9D0FA03F387C9E4F000B5D4B2AE9,5D2A8CAA119D0528722C2438350FAB0C8DE01AB7,0E5522CB4F79E36C0BB263BABC861CFC686929AE,2020-08-28 15:38:45.739000,2020-08-28 15:38:47.081000
t6g472fzklogu4j6,failed,not_found,467,0512FE6BE9CCA0ED133152E64010B2FBA141EB10,327F5823438B8EC86EC33355C147D8455AB1C14B,A597AC866E40CAB5A67759ADE4942192E99DE684,9B8D08275C852A677E8C65E1DDA74431BE509B4C,2020-08-28 15:38:47.082000,2020-08-28 15:38:48.158000
3jvftoyfsk6do3sw,failed,not_found,292,0512FE6BE9CCA0ED133152E64010B2FBA141EB10,27C61AE08EBDD8B26B78992C7647D890269E9E03,3D6C776E8BE9E8AE5D0591594117999E3C5498C8,8DCB526722FBE2B3F4C0CE9D020B0589170F8BDA,2020-08-28 15:38:41.188000,2020-08-28 15:38:46.977000
3jvftoyfsk6do3sw,failed,not_found,449,0512FE6BE9CCA0ED133152E64010B2FBA141EB10,5DB9AE27A44EB7B476CC04A66C67A71C97A001E6,D2C076A898337AA2FD3B8AB00A190312F3405F1C,54D8FFF8000343A5411C4E5D662C39C01217BD41,2020-08-28 15:38:46.977000,2020-08-28 15:38:48.155000
3jvftoyfsk6do3sw,failed,not_found,577,0512FE6BE9CCA0ED133152E64010B2FBA141EB10,A1B7C1F83E5DA4376FD2E1DBA7AC28A71AB332AD,4B483F57D9660EBF33FA3CCA670FFD1BBB0F315A,54F0D1BA3FA0A117F54394355D4F8B45DF9A076A,2020-08-28 15:38:48.156000,2020-08-28 15:38:50.067000
3jvftoyfsk6do3sw,failed,not_found,871,0512FE6BE9CCA0ED133152E64010B2FBA141EB10,54DE63F4587058B79152A75A0238D7F7A0279215,32EE911D968BE3E016ECA572BB1ED0A9EE43FC2F,8E1EFE623F0BF0622F2A6F135E13EA6E3AE5826E,2020-08-28 15:38:50.068000,2020-08-28 15:38:51.847000
3jvftoyfsk6do3sw,failed,not_found,1188,0512FE6BE9CCA0ED133152E64010B2FBA141EB10,05C621B44EF6833889AE7B7E2A0B476569C47E37,9F5068310818ED7C70B0BC4087AB55CB12CB4377,54DE63F4587058B79152A75A0238D7F7A0279215,2020-08-28 15:38:51.847000,2020-08-28 15:38:54.285000
3jvftoyfsk6do3sw,failed,not_found,1564,0512FE6BE9CCA0ED133152E64010B2FBA141EB10,6B9D965C6149D09DF970C1D086AC8F575643F587,16AE2704B794C6C0013C7E47AF11DCABA808A0B9,8DC832ABDC9C97B8B71F74AB041D3CB3FA9578AA,2020-08-28 15:38:54.286000,2020-08-28 15:38:57.633000
3phwrvy5vltv2kg4,failed,not_found,79,0512FE6BE9CCA0ED133152E64010B2FBA141EB10,0ED0EA324C931CF41CB5272BFB1D015B3D5772A9,BEBA52AC89045D6EAD68E977DF3F98BCF8330AAF,C9857DF26C27473F7338D613832C9C299ABF77BE,2020-08-28 15:38:41.212000,2020-08-28 15:38:42.068000
3phwrvy5vltv2kg4,failed,not_found,113,0512FE6BE9CCA0ED133152E64010B2FBA141EB10,6245DC873D6F613C795D48663D65BD8A2266CAF6,C75CDD818316ABBC839F9F0DDAEC873FCF60C370,C95AF2F95AEA82E0801B61A66D7C581815F8EFA9,2020-08-28 15:38:42.068000,2020-08-28 15:38:44.118000
3phwrvy5vltv2kg4,failed,not_found,232,0512FE6BE9CCA0ED133152E64010B2FBA141EB10,05C621B44EF6833889AE7B7E2A0B476569C47E37,F07B89BC9D794F3D9342417C62FBA8F9972D04A3,C990165973E3A1F27E76B1A429DE15E00F53812C,2020-08-28 15:38:44.119000,2020-08-28 15:38:44.940000
3phwrvy5vltv2kg4,failed,not_found,690,0512FE6BE9CCA0ED133152E64010B2FBA141EB10,409A27FAF6F97BE1A851D7CBA0848665A6AF1D4D,1EBA56C764B1C56BE25B405C84C82C58F126B1B6,4BC2C524ADCEE939E6EB0863813DCC98D4C87D44,2020-08-28 15:38:44.941000,2020-08-28 15:38:51.603000
3phwrvy5vltv2kg4,failed,not_found,1096,0512FE6BE9CCA0ED133152E64010B2FBA141EB10,361D33C96D0F161275EE67E2C91EE10B276E778B,65A90AB81C44DD7D9B73B5529B1151798534AF74,4BC874C290A1438E9FF3C684F1CAC2AC351A12EB,2020-08-28 15:38:51.604000,2020-08-28 15:38:55.126000
3phwrvy5vltv2kg4,failed,not_found,2013,0512FE6BE9CCA0ED133152E64010B2FBA141EB10,138ED47EE2156E6492FDE0B61338D973C9717F32,53412DCC555335B400DB72750ED0BE08D034D779,4B919C783B1145060DF518940252FE2B5B128F67,2020-08-28 15:38:55.127000,2020-08-28 15:39:00.583000
aalmw2u4jfiftqya,failed,not_found,80,0512FE6BE9CCA0ED133152E64010B2FBA141EB10,C41107AF0BD6413E0DA614BC51F349A320F93301,6962377722C4AA5E56540F4F9693DFA525449974,73CC65219889443C06E06A0B6D427B1FE1C37379,2020-08-28 15:38:41.213000,2020-08-28 15:38:43.007000
aalmw2u4jfiftqya,failed,not_found,161,0512FE6BE9CCA0ED133152E64010B2FBA141EB10,66BD39FE805AED414ADE400CAAD862C9CC3AC34E,09A70E396DE93F54D4541BBB0EC8E2B23761F34F,73DCA56424912F69F1478D6630DF27CFE8F41439,2020-08-28 15:38:43.007000,2020-08-28 15:38:43.965000
aalmw2u4jfiftqya,failed,not_found,223,0512FE6BE9CCA0ED133152E64010B2FBA141EB10,CC651A7620A8129209BF865CA6ECC1F09023DD28,0E2EEC125A6AC8D5EBF5DB36B776A3DA5510E7A0,73E0EAD7C2A9E9603C0DB7EE4743CCEF935EAC3D,2020-08-28 15:38:43.966000,2020-08-28 15:38:45.121000
aalmw2u4jfiftqya,failed,not_found,300,0512FE6BE9CCA0ED133152E64010B2FBA141EB10,18EA6AFA3609A0B24752FBF411A2DAADE27DE129,DFF9E741D00F74998FE83CD6260EE4D9E0B0DBFA,2D47F039F04EEC03EABE484CC017796A0AB48240,2020-08-28 15:38:45.122000,2020-08-28 15:38:46.090000
aalmw2u4jfiftqya,failed,not_found,366,0512FE6BE9CCA0ED133152E64010B2FBA141EB10,9DB400402B545DC41DE342E14644F74B7DA4F789,C5D91B75D9B991FB53C41AB694D97C961D37B5AB,2D418A89F79DB4A8E658BA549FBB974D1D22DD1A,2020-08-28 15:38:46.090000,2020-08-28 15:38:47.232000
aalmw2u4jfiftqya,failed,not_found,489,0512FE6BE9CCA0ED133152E64010B2FBA141EB10,1804C06A266F0DA26DF58CD559E01C2F7C3FC42A,6568C1B70EA405A1ED82F3D886EC0067117D24AF,2D41697016C0070174BF079BADA7207604086A15,2020-08-28 15:38:47.232000,2020-08-28 15:38:48.947000
7ah7czxw4ne76zkd,failed,not_found,119,0512FE6BE9CCA0ED133152E64010B2FBA141EB10,C2F653A5CEE30C8D5713FA4AE7F75E992A479196,67CDF7A4D06E98E55AAE595BBEBF38E64C4CCBF3,0E92BF02B3C11B0DD18301A0DE1B164A0546E36F,2020-08-28 15:38:42.163000,2020-08-28 15:38:43.062000
7ah7czxw4ne76zkd,failed,not_found,167,0512FE6BE9CCA0ED133152E64010B2FBA141EB10,D2F16CBF1BD891968D65D44CD21507E3371279F3,52A022F16D8CDBF019E132F1538A1798F167973A,0EB07340EF2D1608FC16F6268E1DA0C532EB3D11,2020-08-28 15:38:43.062000,2020-08-28 15:38:44.925000
7ah7czxw4ne76zkd,failed,not_found,284,0512FE6BE9CCA0ED133152E64010B2FBA141EB10,55F1CED3E259045A43A476CBC6D30F76CC3F61B7,F697E816D82A3621D07CBD1DD3C89B6F7CC5E6A2,0ED06F12AF64D5027422169B61D1AC5366C6FFE9,2020-08-28 15:38:44.926000,2020-08-28 15:38:47.151000
7ah7czxw4ne76zkd,failed,not_found,476,0512FE6BE9CCA0ED133152E64010B2FBA141EB10,A066E7983758C7CC0097E16ACF4F7B71BAFA44E9,7ABA39F796B24333F85FA500A057DE9D700E1534,4E737BBFCCBE45A923CE82577E99DCFFABC5BFF4,2020-08-28 15:38:47.152000,2020-08-28 15:38:48.546000
7ah7czxw4ne76zkd,failed,not_found,644,0512FE6BE9CCA0ED133152E64010B2FBA141EB10,1FC89C159EA0F96D52D8A7092BF938C509DB6984,221F035A330AC4231A2E3D901F1CB11483C19F66,4E8CE6F5651E7342C1E7E5ED031E82078134FB0D,2020-08-28 15:38:48.547000,2020-08-28 15:38:50.122000
7ah7czxw4ne76zkd,failed,not_found,892,0512FE6BE9CCA0ED133152E64010B2FBA141EB10,CC2179A97D4EC55BFA56B27F2300C53162CEBB6E,AA34219475E41282095DD3C088009EE562AF14E5,4E81EA3528D6FB79B10B0F11C6FC96CE1C060021,2020-08-28 15:38:50.122000,2020-08-28 15:38:51.595000
i2ydkbx2enqovqit,failed,not_found,121,0512FE6BE9CCA0ED133152E64010B2FBA141EB10,431702B3A68A6015F9955DD4FD0129175B43EA0F,7B0D94D348D9F98C50B6674C5CB17AF35EA2605F,E8EA53FB04C626DC97E6333F60328B1A682B1BD6,2020-08-28 15:38:42.177000,2020-08-28 15:38:42.994000
i2ydkbx2enqovqit,failed,not_found,157,0512FE6BE9CCA0ED133152E64010B2FBA141EB10,708A968F3644F8A547156368FEA3DB664110E631,4CD4DFFEF3971C902A22100D911CAC639BE2EF5C,E8E6A95CF0170FF9DED9145CCC74EB4288B34613,2020-08-28 15:38:42.994000,2020-08-28 15:38:43.870000
i2ydkbx2enqovqit,failed,not_found,217,0512FE6BE9CCA0ED133152E64010B2FBA141EB10,F8DE8132E599A194E20DDB738AF64A7200CD5949,0CFC3C013E3C49587843796106C5E3AD093F55FE,09C2AA312AE0DDDF4C5E57CB1BE24158A5408590,2020-08-28 15:38:43.872000,2020-08-28 15:38:45.122000
i2ydkbx2enqovqit,failed,not_found,301,0512FE6BE9CCA0ED133152E64010B2FBA141EB10,450AB46ADFD541B3905A5C6140BC53EB8C68C9A5,9A51C5D79C30B9F3B527EC77EF901DDAB76C3AB5,09A70E396DE93F54D4541BBB0EC8E2B23761F34F,2020-08-28 15:38:45.123000,2020-08-28 15:38:46.345000
i2ydkbx2enqovqit,failed,not_found,399,0512FE6BE9CCA0ED133152E64010B2FBA141EB10,7C86C73DB17CE20CD26537C9E3EC0FD7A55E5C6D,5127A719E495710CEBB0A446CD69207BA6E0D6D6,09DCA3360179C6C8A5A20DDDE1C54662965EF1BA,2020-08-28 15:38:46.346000,2020-08-28 15:38:47.444000
i2ydkbx2enqovqit,failed,not_found,514,0512FE6BE9CCA0ED133152E64010B2FBA141EB10,0CC18E42E5ECADFE76862CE2EB7189EFA17A11FD,F9674F45A25CAA977E7B872807E0A070C121F5FA,E8ED405E47A477D92D9EFB201FADF28FF7FBAF5D,2020-08-28 15:38:47.444000,2020-08-28 15:38:48.651000
3qniqpqwv3getyzo,failed,not_found,123,0512FE6BE9CCA0ED133152E64010B2FBA141EB10,A98ADD972045D3CCAEE65C788C3F175BAEA3E324,4E98AA295B7171996D18DD1F6A19F64AB4036B4A,819C8AFEDAC733315A8F3DB80F043F13090C49F6,2020-08-28 15:38:42.205000,2020-08-28 15:38:43.082000
3qniqpqwv3getyzo,failed,not_found,462,0512FE6BE9CCA0ED133152E64010B2FBA141EB10,E8BAE7393740A700D50B010DED9D9EC9A66B390D,F3DF2415A5ECFB57835CF7E629C3AD0E1DA6732B,322BB33F4887230B0767F54BA08A450B68D777F2,2020-08-28 15:38:43.083000,2020-08-28 15:38:48.159000
3qniqpqwv3getyzo,failed,not_found,581,0512FE6BE9CCA0ED133152E64010B2FBA141EB10,9ECF0C8EEA5C07DE54A346EDB371B48845A3FD0F,79E3B585803DE805CCBC00C1EF36B1E74372861D,81A59766272894D27FE8375C4F83A6BA453671EF,2020-08-28 15:38:48.159000,2020-08-28 15:38:49.737000
3qniqpqwv3getyzo,failed,not_found,808,0512FE6BE9CCA0ED133152E64010B2FBA141EB10,C442318188873D941B19C2626EC6E651912B46DB,E7EF73B4722CFAF0E8AA2151D3AA78701DE5F19B,81A1D777C023EBB1DEE9E7FA8735629BA8F7497C,2020-08-28 15:38:49.738000,2020-08-28 15:38:51.845000
3qniqpqwv3getyzo,failed,not_found,1172,0512FE6BE9CCA0ED133152E64010B2FBA141EB10,F94A7BAC5D1E3D9372437141E10695A625B8B533,0B25110BA3473A6DC04AB58A3A0D5E4D6922A0E0,3239007CE1FB2ECDFDF2067DF23B949295DC5EF6,2020-08-28 15:38:51.846000,2020-08-28 15:38:54.077000
3qniqpqwv3getyzo,failed,not_found,1537,0512FE6BE9CCA0ED133152E64010B2FBA141EB10,930106E732385FD01810AB243E7022C42639BC06,872B18761953254914F77C71846E8A2623C52591,322C6E3A973BC10FC36DE3037AD27BC89F14723B,2020-08-28 15:38:54.077000,2020-08-28 15:38:56.892000
enuh4xl3r7kqdkrd,failed,not_found,125,0512FE6BE9CCA0ED133152E64010B2FBA141EB10,3EA4E3EA9699C2231BD9286B7145D2BB9E0EB071,A597AC866E40CAB5A67759ADE4942192E99DE684,68EBC7615E7DE318C6B9AA530EFD6E20FDE8DF9A,2020-08-28 15:38:42.206000,2020-08-28 15:38:43.334000
enuh4xl3r7kqdkrd,failed,not_found,193,0512FE6BE9CCA0ED133152E64010B2FBA141EB10,461D6EA15966C7F99B43D37ADC116B5B8E47D130,3FE1AA163445DC0E0677B5227F507907C4872A30,8B64F593CAC2ED05C0FA703AEF50FF71925B569C,2020-08-28 15:38:43.337000,2020-08-28 15:38:44.263000
enuh4xl3r7kqdkrd,failed,not_found,566,0512FE6BE9CCA0ED133152E64010B2FBA141EB10,3A8557B067FBE53F168BBEAA7D14D1298AE52A52,081C9DF6A615A300B382C004DFE2CC37B561C9A0,8B6B10A0AED89408E509D4422EC926C89C7933D0,2020-08-28 15:38:44.263000,2020-08-28 15:38:49.324000
enuh4xl3r7kqdkrd,failed,not_found,730,0512FE6BE9CCA0ED133152E64010B2FBA141EB10,74AC10CA94E400BA4D69E397562597CA04FC5352,F740DDDB1A6B536B5CC47111BFE4E2F7CF9B4C28,8B496F3EF3BF5CC32A4C20ECDBEC2A06E7EA4357,2020-08-28 15:38:49.324000,2020-08-28 15:38:51.384000
enuh4xl3r7kqdkrd,failed,not_found,1080,0512FE6BE9CCA0ED133152E64010B2FBA141EB10,3E53D3979DB07EFD736661C934A1DED14127B684,672A56A583C658372E63ACEB43E7F791C2819548,68773D3FF7B8CEFCEEFCA32AE72015E2D38C62C1,2020-08-28 15:38:51.385000,2020-08-28 15:38:53.303000
enuh4xl3r7kqdkrd,failed,not_found,1670,0512FE6BE9CCA0ED133152E64010B2FBA141EB10,AB95C99A80CA2EF9B4B2DF411EBF3865CF5D40D4,F5DB8E33F8D351B600932251EFE67357485405F2,68701181F3F08C0D13E6460CFB149E010104EF03,2020-08-28 15:38:53.303000,2020-08-28 15:38:58.211000
pgxcvw2nrhuxrohb,failed,not_found,127,0512FE6BE9CCA0ED133152E64010B2FBA141EB10,E1DE607E31C2C0FB6F8FC959BF7B58CE35D95990,A35944904C0C18955AFB76539CF5EBF805C0A31D,15FD9187ED210CDE1AD40475D305A9137F0F5959,2020-08-28 15:38:42.224000,2020-08-28 15:38:43.047000
pgxcvw2nrhuxrohb,failed,not_found,165,0512FE6BE9CCA0ED133152E64010B2FBA141EB10,00C22D3BC1822EB8EA380AF04245337399E796E2,9A48EC8AAFB2E8C9E20408596383DB74F1196747,15E5BBA49036203A360F00662E93A17D9430025A,2020-08-28 15:38:43.047000,2020-08-28 15:38:44.119000
pgxcvw2nrhuxrohb,failed,not_found,233,0512FE6BE9CCA0ED133152E64010B2FBA141EB10,0F89912E6A4C4A8ACE43C58FF8B83CA299BFF74F,5F58E9417DF94A66529864FA1134635614958A44,66F8C32B94D73B51A5D2FA079C6A09047C9ABA71,2020-08-28 15:38:44.119000,2020-08-28 15:38:45.008000
pgxcvw2nrhuxrohb,failed,not_found,288,0512FE6BE9CCA0ED133152E64010B2FBA141EB10,9413E5D74EFDCA7C36FCA9664B98C48C93FE33C7,96CFE178A1D12489D9D59A0CAE17FE86F5A3A79F,15FEE423DFF8AF9E2E081959B0C6326072C60DA1,2020-08-28 15:38:45.009000,2020-08-28 15:38:46.379000
pgxcvw2nrhuxrohb,failed,not_found,404,0512FE6BE9CCA0ED133152E64010B2FBA141EB10,656347EBA74F6320B85192EE22F805CF50098711,AD0FCFD83EA4899DB34735E599701592DEA13690,66FE9812C3545F0651C0EE7342751EFB52513FAA,2020-08-28 15:38:46.379000,2020-08-28 15:38:48.229000
pgxcvw2nrhuxrohb,failed,not_found,592,0512FE6BE9CCA0ED133152E64010B2FBA141EB10,D2169E641B2C10CACEA266D31370479200BB9AD7,CD39C258265B25EAA4ABA4FDCB2DF98104CAA362,671A68ABADA1402FB00676055F48EA123B9B060C,2020-08-28 15:38:48.230000,2020-08-28 15:38:49.841000
qidqywmjc4cnwtog,failed,not_found,178,0512FE6BE9CCA0ED133152E64010B2FBA141EB10,D5C01B85FB3A48D55698CA660A2DE8935388816E,29327BD3B052F72DDAFB553A9D8B13C76C2942F5,1252A53FE719AF72C0FD1E54D8DE08C0327E5A4A,2020-08-28 15:38:43.184000,2020-08-28 15:38:44.314000
qidqywmjc4cnwtog,failed,not_found,252,0512FE6BE9CCA0ED133152E64010B2FBA141EB10,05C621B44EF6833889AE7B7E2A0B476569C47E37,5043E5D2E9CE99066DF1FBF0B18E065B08131863,814B549F6397288BDF6A1FA3DB6299066714AFF6,2020-08-28 15:38:44.315000,2020-08-28 15:38:45.176000
qidqywmjc4cnwtog,failed,not_found,305,0512FE6BE9CCA0ED133152E64010B2FBA141EB10,6C333B5BDBA3DFE7A782E40CB970C271ABFED119,BC170D6C79EB09EF17193466097D1C7788031A3D,124A65274631BA02B6AA0DEDED144D5FDF6BDC35,2020-08-28 15:38:45.176000,2020-08-28 15:38:49.115000
qidqywmjc4cnwtog,failed,not_found,698,0512FE6BE9CCA0ED133152E64010B2FBA141EB10,FB691D6E3FEE35C6979EE72AF03A53DD861B4CBB,2AA5F598F9A1812F01CD99E3B59BB87362ED7438,819C8AFEDAC733315A8F3DB80F043F13090C49F6,2020-08-28 15:38:49.116000,2020-08-28 15:38:50.743000
qidqywmjc4cnwtog,failed,not_found,1018,0512FE6BE9CCA0ED133152E64010B2FBA141EB10,645C3F0545E0975A49F69EC272C0C3EA28586825,070229A4CC2CFFB24EB667298A7DB5E8D11EB701,8168C5DED2879DCAF91F686683EA00612F422FDC,2020-08-28 15:38:50.743000,2020-08-28 15:38:53.708000
qidqywmjc4cnwtog,failed,not_found,1474,0512FE6BE9CCA0ED133152E64010B2FBA141EB10,F50CF02A0E6A9D9B25F7EB220FC26F7BD1B74999,7ED3D8AFAC750F8CC0BDF8C87FE3BCBA2BBE2209,1228111A6D4AFC619ED3A70079A3A0B678476A43,2020-08-28 15:38:53.709000,2020-08-28 15:38:56.697000
m64qogewgihrdr3l,failed,not_found,180,0512FE6BE9CCA0ED133152E64010B2FBA141EB10,CB83C3661BCD1A92983AD7891D490163D01A5342,B96B5141004995295FE87DCCE1A54519BD0BB48A,CB19AC6FFAC13B4C1A143B423884EDEA4381ED2F,2020-08-28 15:38:43.209000,2020-08-28 15:38:44.148000
m64qogewgihrdr3l,failed,not_found,235,0512FE6BE9CCA0ED133152E64010B2FBA141EB10,F3F3F4900B87CF4A6B4A7F9402502FC457B7B1FC,4586DF1934953F38206B5117237F79C1C8797FC4,CB040846C647F338EE1950C6CC03267102088C50,2020-08-28 15:38:44.148000,2020-08-28 15:38:45.822000
m64qogewgihrdr3l,failed,not_found,1449,0512FE6BE9CCA0ED133152E64010B2FBA141EB10,81A59766272894D27FE8375C4F83A6BA453671EF,994FB6A842C0CEE1F1C4CBA9A7604C5FF6014CFC,8C16DA0EF2AD91E56C4E4DD1AA9BD3C89F4D8CEB,2020-08-28 15:38:45.822000,2020-08-28 15:38:56.656000
m64qogewgihrdr3l,failed,not_found,1994,0512FE6BE9CCA0ED133152E64010B2FBA141EB10,EAA088440B100FF8407266B5D4853FFB16A8CB67,E14E1B6706360EFEF51556313207968870BFA8BC,CAF57EB30FD17389954C9F2B43026734F80E39C0,2020-08-28 15:38:56.656000,2020-08-28 15:39:00.782000
m64qogewgihrdr3l,failed,not_found,2826,0512FE6BE9CCA0ED133152E64010B2FBA141EB10,6E4B0D429CD87AB6C25D72E298294C583FF8BA4A,F2ED5032B52021E7BADBBB82E6594F1A872FFD09,8C35B15C1F138BDE4D50A975129E4773B44A503D,2020-08-28 15:39:00.783000,2020-08-28 15:39:10.153000
m64qogewgihrdr3l,failed,not_found,3211,0512FE6BE9CCA0ED133152E64010B2FBA141EB10,01AE2DE314276C82FCCC3603A1C2F3238E6544C9,E7723680EA1F78E015DF312411990D5F5E815C27,8C3AD2C2AAF7F7B7E92B81F13C1A9267B39416DA,2020-08-28 15:39:10.153000,2020-08-28 15:39:27.769000
ir2lg7irk7proak6,failed,not_found,181,0512FE6BE9CCA0ED133152E64010B2FBA141EB10,54FF87E18CF4B351BB078A640A4DC5265969485E,C8C46E3E4F00A92C344B367E45F9D63EBB831DE1,A03F90269FDC58A55A83310E3C28E926446AA5C0,2020-08-28 15:38:43.209000,2020-08-28 15:38:44.729000
ir2lg7irk7proak6,failed,not_found,267,0512FE6BE9CCA0ED133152E64010B2FBA141EB10,2CD5474E33D12629156B92FBD61FAAB22D07B0F7,CC09DFB016081AD50686DAC96440BB2D6F343251,69C4C2CFCF6B418636976B5FFC0140A3BE211312,2020-08-28 15:38:44.730000,2020-08-28 15:38:45.861000
ir2lg7irk7proak6,failed,not_found,347,0512FE6BE9CCA0ED133152E64010B2FBA141EB10,1C8B3C3D8BC705883B7799C915B2FE1E0FEB006F,5047962E97AFDC89C9B9EE98322F3E4CB7BEB639,A016192D0A87FC9354A7523A211BBD9CF859708B,2020-08-28 15:38:45.861000,2020-08-28 15:38:46.823000
ir2lg7irk7proak6,failed,not_found,432,0512FE6BE9CCA0ED133152E64010B2FBA141EB10,AB73816E5D7BC52664CBB9D005FF579BAFEAFE87,09A70E396DE93F54D4541BBB0EC8E2B23761F34F,A0261C16D15B44F7C98B470FC073EA2B9CD10D41,2020-08-28 15:38:46.824000,2020-08-28 15:38:47.799000
ir2lg7irk7proak6,failed,not_found,532,0512FE6BE9CCA0ED133152E64010B2FBA141EB10,B55B11A739C43396B10CC621D9C9F9D7F3A8CDE4,2BFEFB4839F6F796AB9A0287FDFD51F7280EEA2D,69ECFB731C2B0AA7B4D8746EF3504ADCB1F0A556,2020-08-28 15:38:47.800000,2020-08-28 15:38:49.323000
ir2lg7irk7proak6,failed,not_found,729,0512FE6BE9CCA0ED133152E64010B2FBA141EB10,7A3E534C033E3836BD5AF223B642853C502AB33A,BA856D21B1A22CAE677A712DA4C9F0852D799DF8,69F41C1A051A6DDD659F19D9A01920ECB1E6C202,2020-08-28 15:38:49.324000,2020-08-28 15:38:51.175000
dtlpbrterir3koku,failed,not_found,183,0512FE6BE9CCA0ED133152E64010B2FBA141EB10,8C00FA7369A7A308F6A137600F0FA07990D9D451,AE3C3B7165B912E1AA5EC4F177CA8E4DA7C8EC18,7E317CFA44E7B6013DE4BC5F837C376A77179C72,2020-08-28 15:38:43.239000,2020-08-28 15:38:44.832000
dtlpbrterir3koku,failed,not_found,276,0512FE6BE9CCA0ED133152E64010B2FBA141EB10,288DA2F27E30BC73FC8A84367696C9DF6B4C1B90,103336165A0D2EFCAD3605339843A0A7710B8B92,7E281CD2C315C4F7A84BC7C8721C3BC974DDBFA3,2020-08-28 15:38:44.833000,2020-08-28 15:38:45.764000
dtlpbrterir3koku,failed,not_found,339,0512FE6BE9CCA0ED133152E64010B2FBA141EB10,AE31E0FBF0D3E1B39F1DD8F55BC070D11AF524B0,5F58E9417DF94A66529864FA1134635614958A44,7E44E0D39CE8666A98EA5DEBCBB8E12B3906410F,2020-08-28 15:38:45.765000,2020-08-28 15:38:47.685000
dtlpbrterir3koku,failed,not_found,521,0512FE6BE9CCA0ED133152E64010B2FBA141EB10,6CFC47B46E42A9D76D47B911FB719E65308014EE,438F3EA4C9FB0DB63F5377A3271AB5435FAD7E04,8992338A03DF92C5318B992439E7BF959C96D6F6,2020-08-28 15:38:47.686000,2020-08-28 15:38:48.932000
dtlpbrterir3koku,failed,not_found,676,0512FE6BE9CCA0ED133152E64010B2FBA141EB10,A6C983C2F7EEADD55CE9169E540EBD95423FC260,0B19BBFDC498CCEA23027B1D7BD8E20121B95E60,896364B7996F5DFBA0E15D1A2E06D0B98B555DD6,2020-08-28 15:38:48.933000,2020-08-28 15:38:50.504000
dtlpbrterir3koku,failed,not_found,990,0512FE6BE9CCA0ED133152E64010B2FBA141EB10,98138DFD3E2C8C89D8F5AB11EF9B6BFF272D83B4,999BF716515BFF5FABE7A73AA81153F0AD6F41B2,898AA9A17ECBB05FEA4FE7418BD1C64F45D9A614,2020-08-28 15:38:50.504000,2020-08-28 15:38:54.273000
7fv6yuwu7zwnrolh,failed,not_found,185,0512FE6BE9CCA0ED133152E64010B2FBA141EB10,21014C8A0D9806B853203EF1137BD2E20E69D5D7,6DFEB41C04CCE846871338E85DD5ACF5CFB6C1DD,790EB3E544E70809FA760DC793469FC5ABAF1E28,2020-08-28 15:38:43.241000,2020-08-28 15:38:46.087000
7fv6yuwu7zwnrolh,failed,not_found,529,0512FE6BE9CCA0ED133152E64010B2FBA141EB10,D52A160303C638D9FB03463F8A6B7934D5787F4C,2EB3C230180694A1E848001E20F36F76A2287039,0FF7D03AC5F31F93E3AE11ABF74313D071E11ED3,2020-08-28 15:38:46.088000,2020-08-28 15:38:49.035000
7fv6yuwu7zwnrolh,failed,not_found,688,0512FE6BE9CCA0ED133152E64010B2FBA141EB10,5CF2BC575B3537AEE1E531021E2DB682B591C5A4,8BB171D82DDEC2CC751C5B63BA5439FB448A24B2,0FF233C8D78A17B8DB7C8257D2E05CD5AA7C6B88,2020-08-28 15:38:49.036000,2020-08-28 15:38:50.683000
7fv6yuwu7zwnrolh,failed,not_found,1011,0512FE6BE9CCA0ED133152E64010B2FBA141EB10,E6C04728E9339DF22F331B7017D4A7AA3F252F0B,645BE639E8D490A992B41F04B78B6104F8A1EE86,100195E079A761751587E31A091D2E2206F35C3A,2020-08-28 15:38:50.683000,2020-08-28 15:38:52.976000
7fv6yuwu7zwnrolh,failed,not_found,1322,0512FE6BE9CCA0ED133152E64010B2FBA141EB10,8E4A12024FE3A23467C5A63E3D6B431547D7C1E1,461D6EA15966C7F99B43D37ADC116B5B8E47D130,79509683AB4C8DDAF90A120C69A4179C6CD5A387,2020-08-28 15:38:52.977000,2020-08-28 15:38:55.190000
7fv6yuwu7zwnrolh,failed,not_found,1581,0512FE6BE9CCA0ED133152E64010B2FBA141EB10,198F12E2DEFBE6BEEBC38B2FEDD615AECB38DA7A,B849824F8FCD7AEB130DF356F592BA40C686CA08,795790C25BDE834B836EA54DD96DB2610829573B,2020-08-28 15:38:55.190000,2020-08-28 15:38:57.237000
4vf25yaux542m35w,failed,not_found,237,0512FE6BE9CCA0ED133152E64010B2FBA141EB10,F9E32D4058F7F35E9BC4F1D8C3B2DAA0C4466660,9DA7A978928C48B4DD50E397FE2F3C4110EA3576,A1915DFA36B3EF33DCC9021ACF1A955C51BF0979,2020-08-28 15:38:44.179000,2020-08-28 15:38:45.502000
4vf25yaux542m35w,failed,not_found,326,0512FE6BE9CCA0ED133152E64010B2FBA141EB10,B33B994C8B9902B6F73957B2E61F71C932130C5D,ABC426893B642BDA2F78D7CAE99B251126F89F74,45DFAB9E1BD65DEF326CE0CB300E6C6F410A67F8,2020-08-28 15:38:45.502000,2020-08-28 15:38:46.346000
4vf25yaux542m35w,failed,not_found,359,0512FE6BE9CCA0ED133152E64010B2FBA141EB10,638D91FC9EF661348A6994D04C3499BC03F50BBE,E97D754577161C2BEF19042F6E1931D8F3E57DFE,45D8C1EEFF044043AA6806C4B9130F8F189EF316,2020-08-28 15:38:46.346000,2020-08-28 15:38:46.843000
4vf25yaux542m35w,failed,not_found,435,0512FE6BE9CCA0ED133152E64010B2FBA141EB10,04D9CEA8D778ABA130B014F758C2BCADD31DA05E,21E9162916687FDC3CD966D11F34766F51902B45,A191F6309396DAD373FE7E4D1EF64B40F38A3637,2020-08-28 15:38:46.844000,2020-08-28 15:38:49.775000
4vf25yaux542m35w,failed,not_found,822,0512FE6BE9CCA0ED133152E64010B2FBA141EB10,6BA54D7805A44F63A75D70AFEC8D2DF6BA7BCAE0,B74DABBE248B935CDC1038CD5C9280878C8C94E7,A18BF818557BD6C8A3546B157B7800B5F24A79A7,2020-08-28 15:38:49.775000,2020-08-28 15:38:52.666000
4vf25yaux542m35w,failed,not_found,1279,0512FE6BE9CCA0ED133152E64010B2FBA141EB10,C414F28FD2BEC1553024299B31D4E726BEB8E788,8358BDDA9C9A680B4E3A2809E5C24F5B3624D5C2,45D67EDBFE0A61F9784F34A88DA6D5E13C397786,2020-08-28 15:38:52.666000,2020-08-28 15:38:54.931000
wprsj3tcojpl3vos,failed,not_found,239,0512FE6BE9CCA0ED133152E64010B2FBA141EB10,40A60D1F1E8AFBED22FCB30B3FBE2E275A14CF99,C5BF27560E4B007365FBA96D32F9E74614218C8E,7B7C7F31205D7AEB5DFFEDA08E00282A78CD76E0,2020-08-28 15:38:44.194000,2020-08-28 15:38:45.080000
wprsj3tcojpl3vos,failed,not_found,297,0512FE6BE9CCA0ED133152E64010B2FBA141EB10,B15C0071EAF508AAEE29DB9D07607C84AA2DDEB3,53E73B74B930BCF51621E6F06E65A3E3BC78E83A,DEF35CE8FCC5B5ED35DEC379A9EDF420FF419677,2020-08-28 15:38:45.081000,2020-08-28 15:38:46.115000
wprsj3tcojpl3vos,,,,,,,DEF8C760A79FEF2358E03AE5A1950086ABEB953E,2020-08-28 15:38:46.116000,
7acbp73vwqgvvl57,failed,not_found,241,0512FE6BE9CCA0ED133152E64010B2FBA141EB10,AECF1E78CB116AD7105C88B1F08DBFD783E584B2,19DEA2B8BBD3613C50CA24C96C4DE0C3ADAF4A3E,6B5A63BFEEA8EF58DA812F4F05BE98C869809DFB,2020-08-28 15:38:44.196000,2020-08-28 15:38:46.384000
7acbp73vwqgvvl57,failed,not_found,407,0512FE6BE9CCA0ED133152E64010B2FBA141EB10,D111CA928084A907D8BE9B3F1E1D05227A5FBBE0,37C1D66559D0C7884E3D21F7DEB58C75D79B98A8,6B2E1FF5B2ADA3B1950A0EFE6D22FB09E846EEE2,2020-08-28 15:38:46.385000,2020-08-28 15:38:48.099000
7acbp73vwqgvvl57,failed,not_found,573,0512FE6BE9CCA0ED133152E64010B2FBA141EB10,40B9F180ECA8B49D7AB1CE3FFB544999D0759B74,891FB8477529A6B2894B7A3129402E0FD5DD281F,6B263B45B33B8E2C73AB80F9B0D73538B44BD75D,2020-08-28 15:38:48.099000,2020-08-28 15:38:49.738000
7acbp73vwqgvvl57,failed,not_found,815,0512FE6BE9CCA0ED133152E64010B2FBA141EB10,0E2EEC125A6AC8D5EBF5DB36B776A3DA5510E7A0,03910F285A33F365838EC66EF2C2EF754D046760,5A224EFAC453F7EF2D0435E336890DECDC5CEBFD,2020-08-28 15:38:49.739000,2020-08-28 15:38:51.606000
7acbp73vwqgvvl57,failed,not_found,1112,0512FE6BE9CCA0ED133152E64010B2FBA141EB10,25B694EA95F825F156C5DAE5607B3375E86C0C4E,22775B953E662151549C114CB8EE5FBDBCBDAD02,5A2C2BF25864F185AA91D2915943525609AC7F13,2020-08-28 15:38:51.607000,2020-08-28 15:38:54.251000
7acbp73vwqgvvl57,failed,not_found,1546,0512FE6BE9CCA0ED133152E64010B2FBA141EB10,F8DE8132E599A194E20DDB738AF64A7200CD5949,49791A9C1CD16463868F407C3968A3DCF1E9DC49,5A14FBBBAF842124A0AF3C650F4302C5B549AB17,2020-08-28 15:38:54.252000,2020-08-28 15:38:56.838000
gbapzefuz47rbo22,failed,not_found,243,0512FE6BE9CCA0ED133152E64010B2FBA141EB10,131FBC8A3D4B44DE9B258ADC58674082B1E06D2C,CC35A0069EAD4DB32C21AA6BFE2F872FE30742FD,84CB0782C8CA81A7263EE86F321EDFECC611369A,2020-08-28 15:38:44.228000,2020-08-28 15:38:45.206000
gbapzefuz47rbo22,failed,not_found,307,0512FE6BE9CCA0ED133152E64010B2FBA141EB10,81F59E8936D0B2105182E4B8200AC07D9274961F,8A2CCF9A354EF89C08CB0AE2DD7F7E8418ADF713,84AFAE19244541A404F763BA0E2F0CAD8A3FACF0,2020-08-28 15:38:45.207000,2020-08-28 15:38:48.706000
gbapzefuz47rbo22,failed,not_found,569,0512FE6BE9CCA0ED133152E64010B2FBA141EB10,EAA823552F959DFD038E9AC8FA89345A738B6C00,B581401A839EBD1F812DC78297FD09D60BFFA635,84BA49ACE1271C15C495ED34530F90C0E20ADDFE,2020-08-28 15:38:48.706000,2020-08-28 15:38:49.879000
gbapzefuz47rbo22,failed,not_found,842,0512FE6BE9CCA0ED133152E64010B2FBA141EB10,A066E7983758C7CC0097E16ACF4F7B71BAFA44E9,91C6AE74A3520AE890F051E992F5C7F6D391E61F,E34C28D652520D7C8D386EA3958EA924910E647B,2020-08-28 15:38:49.880000,2020-08-28 15:38:51.647000
gbapzefuz47rbo22,failed,not_found,1120,0512FE6BE9CCA0ED133152E64010B2FBA141EB10,0F6E56C326DC9719942E8BBA58C22F71332DA891,CA4E9DFE87DE87E502F3B503D07EC8EFCAEE2549,E3500E2C9F6B87085056893C4279AEA0B3F37782,2020-08-28 15:38:51.647000,2020-08-28 15:38:53.473000
gbapzefuz47rbo22,failed,not_found,1295,0512FE6BE9CCA0ED133152E64010B2FBA141EB10,216D8778B43123805F3FE3D7157223F34EF74A40,0E2EEC125A6AC8D5EBF5DB36B776A3DA5510E7A0,E330A88754840629644527394FD43001D5B89C7A,2020-08-28 15:38:53.473000,2020-08-28 15:38:55.219000
6znqfpyxal2rdt2o,failed,not_found,244,0512FE6BE9CCA0ED133152E64010B2FBA141EB10,6530C1F5E453CC08EBB1A1D4B5836C921060473B,CCAA620D5CAB34CE95FE3C863D9E6520C07451D8,54A403A1B015F6E5A641AD121530966BD873136E,2020-08-28 15:38:44.229000,2020-08-28 15:38:45.392000
6znqfpyxal2rdt2o,failed,not_found,323,0512FE6BE9CCA0ED133152E64010B2FBA141EB10,46A91ECF7C4F36F830E015EF484BE3B5A53B74DD,769A297017BB5E92A9A5A3D76725CA12D694AA30,8118F4C0E60C84A453ACCD1641F3A7328CBE6280,2020-08-28 15:38:45.392000,2020-08-28 15:38:46.241000
6znqfpyxal2rdt2o,failed,not_found,385,0512FE6BE9CCA0ED133152E64010B2FBA141EB10,879B036468D30AB1A2195F96D2C91F3CAA8D1DC2,065E6B20BF87AE6F0E27063BB8AE002ECC3736E9,5492E760648AABB7BEC08BC87E8F72F55FBBA90D,2020-08-28 15:38:46.242000,2020-08-28 15:38:48.710000
6znqfpyxal2rdt2o,failed,not_found,1293,0512FE6BE9CCA0ED133152E64010B2FBA141EB10,D9B91878B46BB80E6D752E876BF9D481EFEAC5BF,1B112696C3B42410E7F141B49B5C6259EF867EF2,54A35E582F9E178542ECCFA48DBE14F401729969,2020-08-28 15:38:48.710000,2020-08-28 15:38:56.204000
6znqfpyxal2rdt2o,failed,not_found,2191,0512FE6BE9CCA0ED133152E64010B2FBA141EB10,F740DDDB1A6B536B5CC47111BFE4E2F7CF9B4C28,6C282D35C674A036B79B5F30E90D19B363D3DAB2,812D17F974F2CCD7AAE585A879783C2EF96687DE,2020-08-28 15:38:56.205000,2020-08-28 15:39:03.278000
6znqfpyxal2rdt2o,failed,not_found,3114,0512FE6BE9CCA0ED133152E64010B2FBA141EB10,40B9F180ECA8B49D7AB1CE3FFB544999D0759B74,B6352D774A912764B0B0FE6297666CF09DFE3007,814B549F6397288BDF6A1FA3DB6299066714AFF6,2020-08-28 15:39:03.279000,2020-08-28 15:39:13.842000
a5k6ofofl7dbrf44,failed,not_found,691,0512FE6BE9CCA0ED133152E64010B2FBA141EB10,1B91B86B67317A63636FE38ABE6C4E701A2B1A99,0FD48DB21166F094AB06E3E422F6E435B4D50B05,83381B9F72D753F3F57A5380F6C6D2EB07A4837F,2020-08-28 15:38:45.240000,2020-08-28 15:38:52.817000
a5k6ofofl7dbrf44,failed,not_found,1148,0512FE6BE9CCA0ED133152E64010B2FBA141EB10,844AE9CAD04325E955E2BE1521563B79FE7094B7,221546DAE86B003139B13BD6F6AE1B4B42B59DF8,8DAA8003876C89F2E4C2AAF770B772E09B1D9F36,2020-08-28 15:38:52.818000,2020-08-28 15:38:53.830000
a5k6ofofl7dbrf44,failed,not_found,1501,0512FE6BE9CCA0ED133152E64010B2FBA141EB10,F9674F45A25CAA977E7B872807E0A070C121F5FA,E432C6B90254DD0675F86D3E4D5F3A2CA100DE8B,8D9FCB3088031C52198E7D2344B9542E3D1B0810,2020-08-28 15:38:53.831000,2020-08-28 15:38:56.766000
a5k6ofofl7dbrf44,failed,not_found,2043,0512FE6BE9CCA0ED133152E64010B2FBA141EB10,3FE1AA163445DC0E0677B5227F507907C4872A30,D60C2D85EAD93D23F1C00874D334BBF8A96CD529,8310506FEB8DA98EAE0C30F65413B4E20B6BE3E0,2020-08-28 15:38:56.766000,2020-08-28 15:39:00.999000
a5k6ofofl7dbrf44,failed,not_found,2874,0512FE6BE9CCA0ED133152E64010B2FBA141EB10,56784608242CB15B70ED6CBB8F40EEA3B62AF69E,C86C538EF0A24E010342F30DBCACC2A7EB7CA833,834C91DEEB2FE4FEFCE55A99C378968FB659115C,2020-08-28 15:39:01.001000,2020-08-28 15:39:09.657000
a5k6ofofl7dbrf44,failed,not_found,4094,0512FE6BE9CCA0ED133152E64010B2FBA141EB10,9AB93B5422149E5DFF4BE6A3814E2F6D9648DB6A,163303F0583A1917326214379BD1AB2D286046EA,8D9A9C216936DE16FE6CA7A33D7B520D73B7CC0B,2020-08-28 15:39:09.658000,2020-08-28 15:39:32.950000
gjc3754ucufaru2u,failed,not_found,311,0512FE6BE9CCA0ED133152E64010B2FBA141EB10,55A92BE2A76C64A5A0DB0D4F61D5DCA37B55EE52,4B483F57D9660EBF33FA3CCA670FFD1BBB0F315A,2935E0F03B71BE44F6F265FEF976E810BAAD6F4E,2020-08-28 15:38:45.241000,2020-08-28 15:38:46.343000
gjc3754ucufaru2u,failed,not_found,395,0512FE6BE9CCA0ED133152E64010B2FBA141EB10,0C93559D6D7E95B41561424345B0B176FBE66F00,BE9B12FAAB7429842D643E2308390ECD8961E0A1,28F4F392F8F19E3FBDE09616D9DB8143A1E2DDD3,2020-08-28 15:38:46.344000,2020-08-28 15:38:47.329000
gjc3754ucufaru2u,,,,,,,489606DA64FD4B68A76C49386298695E6C30B5E2,2020-08-28 15:38:47.329000,
3rc7gpdmvfeysl3o,failed,not_found,313,0512FE6BE9CCA0ED133152E64010B2FBA141EB10,5665A3904C89E22E971305EE8C1997BCA4123C69,24F97F98C45E4754655BE66799049763DAEE99CE,BBAD321D682C6ADA699CD083269CFB5FB71CDEE0,2020-08-28 15:38:45.273000,2020-08-28 15:38:46.309000
3rc7gpdmvfeysl3o,failed,not_found,392,0512FE6BE9CCA0ED133152E64010B2FBA141EB10,3BBF9D98C7D058D7C2E60F6BA5BD574CB4F3FE26,64A0B5722613DDFC2EB84897C550FBF4A096DE0D,BBD1B1A22695396C75DFF338A8FF7A12804A607A,2020-08-28 15:38:46.310000,2020-08-28 15:38:47.230000
3rc7gpdmvfeysl3o,failed,not_found,486,0512FE6BE9CCA0ED133152E64010B2FBA141EB10,58A9921DD0A1389356634625C5B14ACC1194A95C,FAA935B0BC3B4348CCBD3EBA95681AB51730977D,2C6C970E027A99EFF3E6977CD1BCDD9586E0BFB3,2020-08-28 15:38:47.231000,2020-08-28 15:38:48.062000
3rc7gpdmvfeysl3o,failed,not_found,564,0512FE6BE9CCA0ED133152E64010B2FBA141EB10,3F65766ADE067D9D08920E3B74DAB9040EDD26B2,5E58901BA30AFCCD8C107FAFAD9EF25DF50FF936,2C752C180089DDC89BC3FFCCB17FACFEEAFD79AA,2020-08-28 15:38:48.063000,2020-08-28 15:38:49.882000
3rc7gpdmvfeysl3o,failed,not_found,849,0512FE6BE9CCA0ED133152E64010B2FBA141EB10,EA3616A0B9BBBDC74121D8D6F01EABDDCF6BE35D,02758CD398E3F842EF82478078AAAE0273770DB2,2C6E2587287437FA10BFB145CD2691FD605C8709,2020-08-28 15:38:49.882000,2020-08-28 15:38:51.748000
3rc7gpdmvfeysl3o,failed,not_found,1027,0512FE6BE9CCA0ED133152E64010B2FBA141EB10,E8BAE7393740A700D50B010DED9D9EC9A66B390D,E7EF73B4722CFAF0E8AA2151D3AA78701DE5F19B,BBBBBAD453263D786EC34AB68A06214288910345,2020-08-28 15:38:51.748000,2020-08-28 15:38:52.923000
rtt27u6iwka7msy7,failed,not_found,315,0512FE6BE9CCA0ED133152E64010B2FBA141EB10,F9556BE14BBD91ED21A8039E7AC91B64DD8FD983,335F838785BB9618EA382AA9033301F55330A8F6,12B3C5C30C92E649B9CE0D313071D9429A8710A2,2020-08-28 15:38:45.274000,2020-08-28 15:38:47.827000
rtt27u6iwka7msy7,failed,not_found,536,0512FE6BE9CCA0ED133152E64010B2FBA141EB10,75784DD2BCB70CE13CEC93CFE24CD69C66E2C67B,BA856D21B1A22CAE677A712DA4C9F0852D799DF8,03E9F7E669C8F911C5EEC3EC094533151F857420,2020-08-28 15:38:47.828000,2020-08-28 15:38:49.659000
rtt27u6iwka7msy7,,,,,,,128FC6D8FBF753121C5662FEE309CCD47B64BA6B,2020-08-28 15:38:49.659000,
wkuk736psza77bwc,failed,not_found,317,0512FE6BE9CCA0ED133152E64010B2FBA141EB10,F08A525ACA965CF6A55F0587BF4B7373D98B954E,08A2C608A7161011EB028FB33874149955920584,DF86098968BBCD963E38E03FC3FC1837EF667C13,2020-08-28 15:38:45.291000,2020-08-28 15:38:46.269000
wkuk736psza77bwc,failed,not_found,389,0512FE6BE9CCA0ED133152E64010B2FBA141EB10,78E584CEC6BDD9D38D573A7701936F2F4AED93BA,0F89912E6A4C4A8ACE43C58FF8B83CA299BFF74F,DFA40306BEA6EAF28CEF4AFED473A2877A90F9B5,2020-08-28 15:38:46.269000,2020-08-28 15:38:48.430000
wkuk736psza77bwc,failed,not_found,620,0512FE6BE9CCA0ED133152E64010B2FBA141EB10,75FCFA1225B5B4B35E25DA53C8BA7545463B679E,3A9443710224E5182895C342D1D36C1D460A1206,DF81D831D4FF686F52C9ACAA9EB5711F95BF4DD4,2020-08-28 15:38:48.430000,2020-08-28 15:38:50.343000
wkuk736psza77bwc,failed,not_found,1580,0512FE6BE9CCA0ED133152E64010B2FBA141EB10,37A8BA9E3F05417EFE93DF626641EFF271E0A3C2,B74DABBE248B935CDC1038CD5C9280878C8C94E7,A5866E3505E93D2D0BF391D1FA28931527989827,2020-08-28 15:38:50.344000,2020-08-28 15:38:58.278000
wkuk736psza77bwc,failed,not_found,2223,0512FE6BE9CCA0ED133152E64010B2FBA141EB10,708A968F3644F8A547156368FEA3DB664110E631,FB016E16B8CD7A0E53DEEF31ED8754E4F6B8E837,A59BF4AED23D5A114CC5648826D58C5147B62D1E,2020-08-28 15:38:58.278000,2020-08-28 15:39:02.389000
wkuk736psza77bwc,failed,not_found,2983,0512FE6BE9CCA0ED133152E64010B2FBA141EB10,C0F3C0EF81D84182379AA4CA5AD5A5289D011145,1AAD015F4D885413A2BCE0E58159116901236C49,A597AC866E40CAB5A67759ADE4942192E99DE684,2020-08-28 15:39:02.390000,2020-08-28 15:39:10.657000
csety4dewrpgdirq,failed,not_found,377,0512FE6BE9CCA0ED133152E64010B2FBA141EB10,E087F6FBA148F8BB6A520CEF08FA5BF324828B22,D971A4E181162BD99FEE4C2AD605D604A4FD5D4B,9A1B4E6D96C9321657FA31036A54C4216EE978A2,2020-08-28 15:38:46.235000,2020-08-28 15:38:47.321000
csety4dewrpgdirq,failed,not_found,501,0512FE6BE9CCA0ED133152E64010B2FBA141EB10,DA84D41783BBB6058CB9DF8C90697E8D5EA647C3,1079E628FC6B0025656AC024F2D9975C441498CD,5047962E97AFDC89C9B9EE98322F3E4CB7BEB639,2020-08-28 15:38:47.322000,2020-08-28 15:38:48.596000
csety4dewrpgdirq,failed,not_found,1147,0512FE6BE9CCA0ED133152E64010B2FBA141EB10,8BE58BA7A28DC6B4F211CE8EE86783B85133488D,DD823AFB415380A802DCAEB9461AE637604107FB,5043E5D2E9CE99066DF1FBF0B18E065B08131863,2020-08-28 15:38:48.597000,2020-08-28 15:38:53.778000
csety4dewrpgdirq,failed,not_found,2676,0512FE6BE9CCA0ED133152E64010B2FBA141EB10,81F59E8936D0B2105182E4B8200AC07D9274961F,CCF520E282B27180EF056A0F389D0846FBB45D7C,9A0AAF2E43BE3744CD1D6CD532C861F5A568F7A9,2020-08-28 15:38:53.778000,2020-08-28 15:39:07.614000
csety4dewrpgdirq,failed,not_found,3816,0512FE6BE9CCA0ED133152E64010B2FBA141EB10,FE1B74C7CEE0493613929A92F9A1D890E58DC649,CCFEE64FBA43BA51F499877172B2D8E4588E4D81,9A08E378EA3FA18183CB0522D7665550E1B42BB4,2020-08-28 15:39:07.614000,2020-08-28 15:39:23.562000
csety4dewrpgdirq,,,,,,,503431F94FF8FB69F10AD59DE31F3B2C3449D990,2020-08-28 15:39:23.563000,
s3kyx7baburjilrp,failed,not_found,378,0512FE6BE9CCA0ED133152E64010B2FBA141EB10,6245DC873D6F613C795D48663D65BD8A2266CAF6,D2F4DAC5918BB082A5CFAC5275B29FAC9B399B2B,91ADCDFCA830A1BBAD3A10377B25D695A92BF251,2020-08-28 15:38:46.236000,2020-08-28 15:38:46.902000
s3kyx7baburjilrp,failed,not_found,440,0512FE6BE9CCA0ED133152E64010B2FBA141EB10,9413E5D74EFDCA7C36FCA9664B98C48C93FE33C7,4623A9EC53BFD83155929E56D6F7B55B5E718C24,919680B79198AE4D80A06999A93EBC909AD4DDDC,2020-08-28 15:38:46.903000,2020-08-28 15:38:48.359000
s3kyx7baburjilrp,failed,not_found,604,0512FE6BE9CCA0ED133152E64010B2FBA141EB10,F3DF2415A5ECFB57835CF7E629C3AD0E1DA6732B,40A60D1F1E8AFBED22FCB30B3FBE2E275A14CF99,853E2DF3997D6215ACBB86D53E5630669961A39A,2020-08-28 15:38:48.359000,2020-08-28 15:38:50.190000
s3kyx7baburjilrp,failed,not_found,921,0512FE6BE9CCA0ED133152E64010B2FBA141EB10,F3F3F4900B87CF4A6B4A7F9402502FC457B7B1FC,4D2FCB3C654AD6AFCA4AF87E87AE72735F643D8B,85300B26A8ED4D145BD2DF5AC19978F803ED0380,2020-08-28 15:38:50.190000,2020-08-28 15:38:52.196000
s3kyx7baburjilrp,failed,not_found,1220,0512FE6BE9CCA0ED133152E64010B2FBA141EB10,BD3FBEC1D67C48A2583DB378B92A59C5E9AB4DA2,349CE32254818DD5D2C59B5CAE727F25EE7233E3,91BA193FB362FB7B6679A7A83A3050F3C44A5468,2020-08-28 15:38:52.196000,2020-08-28 15:38:54.633000
s3kyx7baburjilrp,failed,not_found,1643,0512FE6BE9CCA0ED133152E64010B2FBA141EB10,38F0B34A86E19A2C65B20F95BFB0CBE40E3165C9,E90F52D29788BD86B5C057EE23383467920FC175,8554E174D5CDB3E5E194E4A8F8378509255E8243,2020-08-28 15:38:54.634000,2020-08-28 15:38:58.077000
j4yycc4lcoky6c5g,failed,not_found,381,0512FE6BE9CCA0ED133152E64010B2FBA141EB10,844AE9CAD04325E955E2BE1521563B79FE7094B7,0F89912E6A4C4A8ACE43C58FF8B83CA299BFF74F,33AA6CFE161A698169B548C9D973DAE6DED6BF0E,2020-08-28 15:38:46.238000,2020-08-28 15:38:47.204000
j4yycc4lcoky6c5g,failed,not_found,479,0512FE6BE9CCA0ED133152E64010B2FBA141EB10,3CD5F7766CF8E96FE315678B0CAC6A5B999FC47D,F9A3542D5863CD665B7FF758E73DAD40832D0064,656347EBA74F6320B85192EE22F805CF50098711,2020-08-28 15:38:47.205000,2020-08-28 15:38:48.430000
j4yycc4lcoky6c5g,failed,not_found,621,0512FE6BE9CCA0ED133152E64010B2FBA141EB10,7D8EBB86CF2EB560F938BEF018E1D8FD6B36B327,C239952D0C8E4EABC3E6B0A8E0B623689174E3C6,6565F31D9EC0C7DFFEA1920BE3BA4C73EF35B5C4,2020-08-28 15:38:48.431000,2020-08-28 15:38:50.005000
j4yycc4lcoky6c5g,failed,not_found,864,0512FE6BE9CCA0ED133152E64010B2FBA141EB10,303509AB910EF207B7438C27435C4A2FD579F1B1,1AED1571D5FA7385AC3C25FB3E86F49E706ABD99,657339F813C63A826623414B31961471BAE6D790,2020-08-28 15:38:50.006000,2020-08-28 15:38:52.195000
j4yycc4lcoky6c5g,failed,not_found,1212,0512FE6BE9CCA0ED133152E64010B2FBA141EB10,383CFCF03B225B3EDCA519197BAA310A58CEAABC,CEECFBB82FC484051E89719C49DC803F65AABC72,33B07D509C6D67006C9AE29ECD4F8EAD1B1112CB,2020-08-28 15:38:52.196000,2020-08-28 15:38:55.801000
j4yycc4lcoky6c5g,failed,not_found,1724,0512FE6BE9CCA0ED133152E64010B2FBA141EB10,D228AE265C966CA4E9A8C4B746A30A9737060A32,CD39C258265B25EAA4ABA4FDCB2DF98104CAA362,33DBA330433E2915BD0EE66787A48863C818C0BB,2020-08-28 15:38:55.802000,2020-08-28 15:38:58.345000
ym6kq4zna2xjz65k,failed,not_found,382,0512FE6BE9CCA0ED133152E64010B2FBA141EB10,B86137AE9681701901C6720E55C16805B46BD8E3,C0F3C0EF81D84182379AA4CA5AD5A5289D011145,0F89912E6A4C4A8ACE43C58FF8B83CA299BFF74F,2020-08-28 15:38:46.239000,2020-08-28 15:38:47.207000
ym6kq4zna2xjz65k,failed,not_found,483,0512FE6BE9CCA0ED133152E64010B2FBA141EB10,A4F11D693FAB6E949B2B7C18153C3F7989896007,D60C2D85EAD93D23F1C00874D334BBF8A96CD529,0FADA801B150261109DD1F492BB10CE39C83A782,2020-08-28 15:38:47.207000,2020-08-28 15:38:48.599000
ym6kq4zna2xjz65k,,,,,,,ACA0B8702A6A0B890217A3D26B7220EB6E1CFFD1,2020-08-28 15:38:48.599000,
klom4jgmmghfzqad,failed,not_found,386,0512FE6BE9CCA0ED133152E64010B2FBA141EB10,1F4105C688E835A56AF3D66C787677B57240FFA2,34DF8443F6ACD1A543AAA10A7621A389E31A4422,7DC52AE6667A30536BA2383CD102CFC24F20AD71,2020-08-28 15:38:46.267000,2020-08-28 15:38:47.107000
klom4jgmmghfzqad,failed,not_found,471,0512FE6BE9CCA0ED133152E64010B2FBA141EB10,158581827034DEF1BAB1FC248D180165452E53D3,1685E8A79D1D01E4FBC135CD91341C4A4ED802E6,296B2178FD742AB35AB20C9ADF04D5DFD3D407EB,2020-08-28 15:38:47.108000,2020-08-28 15:38:48.606000
klom4jgmmghfzqad,failed,not_found,653,0512FE6BE9CCA0ED133152E64010B2FBA141EB10,461D6EA15966C7F99B43D37ADC116B5B8E47D130,46A91ECF7C4F36F830E015EF484BE3B5A53B74DD,7DC099E84AD8ACC12DE92EEF2B1A9052B15D0AF1,2020-08-28 15:38:48.607000,2020-08-28 15:38:50.180000
klom4jgmmghfzqad,failed,not_found,913,0512FE6BE9CCA0ED133152E64010B2FBA141EB10,7FF1A673A5E1F7E9D2495A36C185B890DBD96553,98F788200CC64060695B07555F09A8FE47679AC8,296DD68C9017BF7FC7CEC9ACB43A6FAA942408FF,2020-08-28 15:38:50.181000,2020-08-28 15:38:51.846000
klom4jgmmghfzqad,failed,not_found,1180,0512FE6BE9CCA0ED133152E64010B2FBA141EB10,F1A7CE1B1D558DC24E39B6B30FF217ECCEECF141,E90F52D29788BD86B5C057EE23383467920FC175,7DB8443AE29FBC450D34E55FA914F42BF929EE49,2020-08-28 15:38:51.847000,2020-08-28 15:38:55.504000
klom4jgmmghfzqad,failed,not_found,1805,0512FE6BE9CCA0ED133152E64010B2FBA141EB10,924B24AFA7F075D059E8EEB284CC400B33D3D036,7C5C0E83CA290FFF6D5E30D9E0E3FFC9BAE0D0C5,2998955C80A5C5575A960202AFCE0D7DF633F6EF,2020-08-28 15:38:55.505000,2020-08-28 15:38:59.406000
ozfnahyvll3fggo2,failed,not_found,492,0512FE6BE9CCA0ED133152E64010B2FBA141EB10,5CFC486780CBD4446B764E51608D6574003B350D,E6C04728E9339DF22F331B7017D4A7AA3F252F0B,0059D92942DB3B84E52EB4D87E9F7B195CF4D005,2020-08-28 15:38:47.292000,2020-08-28 15:38:48.200000
ozfnahyvll3fggo2,failed,not_found,588,0512FE6BE9CCA0ED133152E64010B2FBA141EB10,BD4C647508162F59CB44E4DFC1C2B2B8A9387CCA,C1BB67D3FBED68D4BAD400D1A49C5B79ECE3965E,4837A6DFFC8E3681D70AD9E8D057C029093DA2F7,2020-08-28 15:38:48.201000,2020-08-28 15:38:49.883000
ozfnahyvll3fggo2,failed,not_found,850,0512FE6BE9CCA0ED133152E64010B2FBA141EB10,66BD39FE805AED414ADE400CAAD862C9CC3AC34E,A0DFB31231C718829FA18EAB4D0CD51DEDBAE08C,00786179DB0E6514142F44DB4166638712F34DAE,2020-08-28 15:38:49.883000,2020-08-28 15:38:51.761000
ozfnahyvll3fggo2,failed,not_found,1164,0512FE6BE9CCA0ED133152E64010B2FBA141EB10,3CC2F6162A3E278F77FE4B413A2B67A7F07F28D1,6A365870758A1E3E7A9EE0E82BCC0D6226A9EAAA,484A10BA2B8D48A5F0216674C8DD50EF27BC32F3,2020-08-28 15:38:51.761000,2020-08-28 15:38:54.014000
ozfnahyvll3fggo2,failed,not_found,1528,0512FE6BE9CCA0ED133152E64010B2FBA141EB10,FFB605C86D606991ADED7842269FA25A03B4A4D0,FB016E16B8CD7A0E53DEEF31ED8754E4F6B8E837,483CE40BAD189F840EB2222A558F96C11C2B79B0,2020-08-28 15:38:54.014000,2020-08-28 15:38:56.912000
ozfnahyvll3fggo2,failed,not_found,2063,0512FE6BE9CCA0ED133152E64010B2FBA141EB10,027DCCAAA0AAC0B3F79238E60DBCBE7B5B2E4BAC,55804F9D37F7B27BD0426B3CB06C64B4D0F95546,005ED97213F725867E422B8DC0443361BBB24E3C,2020-08-28 15:38:56.913000,2020-08-28 15:39:01.217000
4mcidjecblfhxwmq,failed,not_found,495,0512FE6BE9CCA0ED133152E64010B2FBA141EB10,2FFE5FAF70D20E76B0474AE9E40C2A0B53F8D9F0,96070698714DC07AE2B377864625B7EF64E33BF5,A123F404BD9A15D96CC7930C2BE28103341AC68B,2020-08-28 15:38:47.319000,2020-08-28 15:38:48.645000
4mcidjecblfhxwmq,,,,,,,00E1649E69FF91D7F01E74A5E62EF14F7D9915E4,2020-08-28 15:38:48.646000,
jkcsysytuz45prgm,failed,not_found,498,0512FE6BE9CCA0ED133152E64010B2FBA141EB10,837D5EA513DF7FDDA36BE569C646151CDA4B9935,CACD9D63B759B35555D8C965A3E01071E9DFB44C,12CF6DB4DAE106206D6C6B09988E865C0509843B,2020-08-28 15:38:47.321000,2020-08-28 15:38:48.540000
jkcsysytuz45prgm,failed,not_found,640,0512FE6BE9CCA0ED133152E64010B2FBA141EB10,20386D9A32BECBE602375E015FC70117955653F1,0ED0EA324C931CF41CB5272BFB1D015B3D5772A9,12B3C5C30C92E649B9CE0D313071D9429A8710A2,2020-08-28 15:38:48.541000,2020-08-28 15:38:49.778000
jkcsysytuz45prgm,failed,not_found,829,0512FE6BE9CCA0ED133152E64010B2FBA141EB10,F8957D61E29A626400029A03A6348400E7502604,0745857B06337B7F343635608975972A9EC14901,0CF8F3E6590F45D50B70F2F7DA6605ECA6CD408F,2020-08-28 15:38:49.779000,2020-08-28 15:38:52.186000
jkcsysytuz45prgm,failed,not_found,1204,0512FE6BE9CCA0ED133152E64010B2FBA141EB10,B5558CFA70A5308582B25767C9698E6DBE6A90B2,617EB1F3994E13EFE20D4D6A4273B724776D05D2,0CFC3C013E3C49587843796106C5E3AD093F55FE,2020-08-28 15:38:52.187000,2020-08-28 15:38:55.006000
jkcsysytuz45prgm,failed,not_found,1679,0512FE6BE9CCA0ED133152E64010B2FBA141EB10,25067168980EDB972244C49572FDAC1DC7AE5F1F,24D0491A2ADAAB52C17625FBC926D84477AEA322,12AD30E5D25AA67F519780E2111E611A455FDC89,2020-08-28 15:38:55.006000,2020-08-28 15:38:58.209000
jkcsysytuz45prgm,failed,not_found,2642,0512FE6BE9CCA0ED133152E64010B2FBA141EB10,65E40F7EDD28E2CF28684E30E0BAB7706819CFC3,A0B05E1D852D874EFAF3603C83246E00AD65AF20,0D12D8E72DED99EE31BB0C57789352BED0CEEEFF,2020-08-28 15:38:58.210000,2020-08-28 15:39:07.294000
r3wikpwka5anqgbj,failed,not_found,916,0512FE6BE9CCA0ED133152E64010B2FBA141EB10,18EA6AFA3609A0B24752FBF411A2DAADE27DE129,05C621B44EF6833889AE7B7E2A0B476569C47E37,53412DCC555335B400DB72750ED0BE08D034D779,2020-08-28 15:38:47.326000,2020-08-28 15:38:51.760000
r3wikpwka5anqgbj,failed,not_found,1156,0512FE6BE9CCA0ED133152E64010B2FBA141EB10,1804C06A266F0DA26DF58CD559E01C2F7C3FC42A,A9406A006D6E7B5DA30F2C6D4E42A338B5E340B2,65F86FD8B92C3AC01887D86B2171E657D5C19F79,2020-08-28 15:38:51.761000,2020-08-28 15:38:54.269000
r3wikpwka5anqgbj,,,,,,,531BE6C3195A757C116B9566B944DD0B2B6A23B0,2020-08-28 15:38:54.271000,
iaq6323nmmj3p6ri,failed,not_found,464,0512FE6BE9CCA0ED133152E64010B2FBA141EB10,C8BEF3DF07AF38B68DD0DA91B23B19EBD2C7667F,BA0A023DF7D0A03E2CB5A180E1DD54B0950AA5C1,8CE9E4EBF94CC79D89F4383BC916F846CAE999A7,2020-08-28 15:38:47.327000,2020-08-28 15:38:48.232000
iaq6323nmmj3p6ri,failed,not_found,596,0512FE6BE9CCA0ED133152E64010B2FBA141EB10,4CA64E677ECFF23B138CFE70A6A02E94BDF3A805,0F89912E6A4C4A8ACE43C58FF8B83CA299BFF74F,8CDF2F3A8ABD834CF9F3E8FC202DF64625BFB443,2020-08-28 15:38:48.233000,2020-08-28 15:38:50.126000
iaq6323nmmj3p6ri,failed,not_found,1455,0512FE6BE9CCA0ED133152E64010B2FBA141EB10,930106E732385FD01810AB243E7022C42639BC06,6E4B0D429CD87AB6C25D72E298294C583FF8BA4A,EE94030D02AF5A788C62EA56D483540C38460E10,2020-08-28 15:38:50.126000,2020-08-28 15:38:56.442000
iaq6323nmmj3p6ri,failed,not_found,1907,0512FE6BE9CCA0ED133152E64010B2FBA141EB10,A69221A7EC7498D2F88A0FB795261013FA36CAAE,79D9E66BB2FDBF25E846B635D8248FE1194CFD26,EEA500A216DAA83E7815F2C46786652935FD7351,2020-08-28 15:38:56.442000,2020-08-28 15:39:00.601000
iaq6323nmmj3p6ri,failed,not_found,2946,0512FE6BE9CCA0ED133152E64010B2FBA141EB10,462C4C97170DE94F251A46F4C741032864AD1BFB,7D69BF760639FBD1D90F9CCA80860D6883745B64,EE9D3B42647A151A482C7C1D40AAF00D06F0804D,2020-08-28 15:39:00.601000,2020-08-28 15:39:09.853000
iaq6323nmmj3p6ri,failed,not_found,4106,0512FE6BE9CCA0ED133152E64010B2FBA141EB10,E459E02374D0385D2E2515CBBE707EA208966BCF,8FD3BAF5E14EBE1124D6253D59882AFE1C2B9B8E,8CF987FF43FB7F3D9AA4C4F3D96FFDF247A9A6C2,2020-08-28 15:39:09.853000,2020-08-28 15:39:32.186000
4r7kworae4x5xnu5,failed,not_found,611,0512FE6BE9CCA0ED133152E64010B2FBA141EB10,BF7168623AD4FF542A9E940C4CCF575D9BE16323,A751D8BEE222564B7BA657F74B6658836FF1AEEA,DC7BABFF3C5E49C922D239DE1A5C5252F51D2F81,2020-08-28 15:38:48.361000,2020-08-28 15:38:51.174000
4r7kworae4x5xnu5,failed,not_found,1034,0512FE6BE9CCA0ED133152E64010B2FBA141EB10,070229A4CC2CFFB24EB667298A7DB5E8D11EB701,00C22D3BC1822EB8EA380AF04245337399E796E2,225A8EA367DF3073433E0A845DDDA26D2357E4C6,2020-08-28 15:38:51.174000,2020-08-28 15:38:53.368000
4r7kworae4x5xnu5,failed,not_found,1439,0512FE6BE9CCA0ED133152E64010B2FBA141EB10,AA98AE4BDB6E03BAA48011CAE828ECEC50B029C8,05B451C0562FDE23307AFA84FD6A37652E615233,DC40A59D4D744F2C3C7A655EC6BF3A59AFA1C66C,2020-08-28 15:38:53.369000,2020-08-28 15:38:56.943000
4r7kworae4x5xnu5,failed,not_found,2306,0512FE6BE9CCA0ED133152E64010B2FBA141EB10,64A0B5722613DDFC2EB84897C550FBF4A096DE0D,CC2179A97D4EC55BFA56B27F2300C53162CEBB6E,DC3A65CF4E1BB0A0B98B438297E0C4171516122D,2020-08-28 15:38:56.944000,2020-08-28 15:39:03.380000
4r7kworae4x5xnu5,failed,not_found,3126,0512FE6BE9CCA0ED133152E64010B2FBA141EB10,EBE718E1A49EE229071702964F8DB1F318075FF8,67B4A50A1FB660386677BF9CA525D7F04D83A91B,22658368E5AA075AEAACC19075ADC19670A77165,2020-08-28 15:39:03.381000,2020-08-28 15:39:13.199000
4r7kworae4x5xnu5,failed,not_found,4274,0512FE6BE9CCA0ED133152E64010B2FBA141EB10,A597AC866E40CAB5A67759ADE4942192E99DE684,6118DDB580EEDD6FE5F8D3CC0DF1EE17D8A2A4C6,22775B953E662151549C114CB8EE5FBDBCBDAD02,2020-08-28 15:39:13.200000,2020-08-28 15:39:36.836000
yugbeye4pfoueayq,failed,not_found,618,0512FE6BE9CCA0ED133152E64010B2FBA141EB10,6FF440DFB1D0697B942357D747900CC308DD57CC,9FE91768320057956068D6B75E194DC21CFC3C66,ED0BBC5BDDEB3EEF837B7F13BD8BB6AC64D084BB,2020-08-28 15:38:48.429000,2020-08-28 15:38:50.491000
yugbeye4pfoueayq,failed,not_found,976,0512FE6BE9CCA0ED133152E64010B2FBA141EB10,F8DE8132E599A194E20DDB738AF64A7200CD5949,7158836DCC91AAA4FAA293FFF0F645DCD0D4EFF9,A8BFE1E65C6DC3C7A50F8DFA0BF57F0A118144A5,2020-08-28 15:38:50.491000,2020-08-28 15:38:52.923000
yugbeye4pfoueayq,failed,not_found,1313,0512FE6BE9CCA0ED133152E64010B2FBA141EB10,E3E75603998661EA67C6767493FC606830DDC345,B96B5141004995295FE87DCCE1A54519BD0BB48A,A88F50AE50658FF97538003174740E7D7C79D9D8,2020-08-28 15:38:52.923000,2020-08-28 15:38:55.488000
yugbeye4pfoueayq,failed,not_found,1795,0512FE6BE9CCA0ED133152E64010B2FBA141EB10,D7EB93B50A4D1EEDBC5354C312428680F3AA9025,58E89A05564E6844FACC5D78A73EF593222561A2,ED325E5B2BBB2785D8DF5FC98BED9CB207A15B45,2020-08-28 15:38:55.489000,2020-08-28 15:38:58.663000
yugbeye4pfoueayq,failed,not_found,2266,0512FE6BE9CCA0ED133152E64010B2FBA141EB10,437296E9A530803DF10C74FB353794077D1C75CB,71A05B576836F54050348AA0D63185B12DBA51E3,A87D19DD1A89327B8DB878DC2793426752799B5C,2020-08-28 15:38:58.664000,2020-08-28 15:39:03.041000
yugbeye4pfoueayq,failed,not_found,3837,0512FE6BE9CCA0ED133152E64010B2FBA141EB10,F50CF02A0E6A9D9B25F7EB220FC26F7BD1B74999,945FC4C24461379C93C5119C0DCDD735DDD943A3,ED2BF11CB3C0205CADC94596DC688A5153FCAB35,2020-08-28 15:39:03.042000,2020-08-28 15:39:25.246000
x22jcpxa3442y2oa,failed,not_found,619,0512FE6BE9CCA0ED133152E64010B2FBA141EB10,3D3A99DF54D6AEC5190CFB4C0B8D26172A8A2E59,3BB035514F8246AC367B5370F4FE120BB11D8C6D,A78E86015376B3F2507E2E6602FDFD278F2871B3,2020-08-28 15:38:48.430000,2020-08-28 15:38:50.543000
x22jcpxa3442y2oa,failed,not_found,997,0512FE6BE9CCA0ED133152E64010B2FBA141EB10,C3E0E9EA1FF3FCFC27E856BFE61533020DD7F090,717FB5BF020D0204A5EEB2D271A3123C64F7008A,AAC6AE4A8ED164C3657D64E3EF980EEBB4BBC8A1,2020-08-28 15:38:50.544000,2020-08-28 15:38:53.001000
x22jcpxa3442y2oa,failed,not_found,1340,0512FE6BE9CCA0ED133152E64010B2FBA141EB10,F1855E09E867ECD00A4CB7D36D58170A7574C0FF,5FB17DE2E897625CDCAE99A9FA7689ADE2F4A699,AAEB6A603C1058B9D041884E42941944B915F500,2020-08-28 15:38:53.002000,2020-08-28 15:38:55.505000
x22jcpxa3442y2oa,failed,not_found,1814,0512FE6BE9CCA0ED133152E64010B2FBA141EB10,4A853E6CA9AACB0C17E576B8BF70C02564E01E10,40C773D9F2B16143CDB2ADB661DDC6BB12EF3E2C,AAAEFD0CB5443776F98971C3E0A854C989E2DA37,2020-08-28 15:38:55.506000,2020-08-28 15:38:58.982000
x22jcpxa3442y2oa,failed,not_found,2667,0512FE6BE9CCA0ED133152E64010B2FBA141EB10,B55B11A739C43396B10CC621D9C9F9D7F3A8CDE4,1FC89C159EA0F96D52D8A7092BF938C509DB6984,A75453E8E5D10D04CBDCC267CF637376F5D6A0FB,2020-08-28 15:38:58.983000,2020-08-28 15:39:07.232000
x22jcpxa3442y2oa,failed,not_found,3644,0512FE6BE9CCA0ED133152E64010B2FBA141EB10,E5AA85FA69CDC31900C86E6427C7E5DE11DE9E2D,BDD1B4801294D81C1F89C9AB488BA993DDF1B520,A751D8BEE222564B7BA657F74B6658836FF1AEEA,2020-08-28 15:39:07.233000,2020-08-28 15:39:19.926000
4axuxwcvummssjrq,failed,not_found,632,0512FE6BE9CCA0ED133152E64010B2FBA141EB10,66BD39FE805AED414ADE400CAAD862C9CC3AC34E,0356BEF9BBE0E14AF1C97112175F5E20FB80E6CF,D89267FB10BF625D31FF7687AF7D12B03BBF757C,2020-08-28 15:38:48.516000,2020-08-28 15:38:50.496000
4axuxwcvummssjrq,failed,not_found,983,0512FE6BE9CCA0ED133152E64010B2FBA141EB10,3BB035514F8246AC367B5370F4FE120BB11D8C6D,A1B7C1F83E5DA4376FD2E1DBA7AC28A71AB332AD,D86BAD5ED54EBA055E796C87BE99BBC4B5A87E14,2020-08-28 15:38:50.497000,2020-08-28 15:38:53.050000
4axuxwcvummssjrq,failed,not_found,1804,0512FE6BE9CCA0ED133152E64010B2FBA141EB10,8FA37B93397015B2BC5A525C908485260BE9F422,9B3E7A0AD9A054984CC87E7CA9D5C117202D45D4,D82943434B24204FBF1B4B818CFEA64F205DEAC3,2020-08-28 15:38:53.050000,2020-08-28 15:38:58.763000
4axuxwcvummssjrq,,,,,,,9E1E4F5B5F94812D02C4D18CB4086CE71CA5C614,2020-08-28 15:38:58.764000,
2bobzmjoyemyv3jw,failed,not_found,633,0512FE6BE9CCA0ED133152E64010B2FBA141EB10,D56A98D38FC3C75E0347EEF3DD9C12749AF7C7C5,05C621B44EF6833889AE7B7E2A0B476569C47E37,42B40A38F79F049129FA2F95532C5A64361A0D21,2020-08-28 15:38:48.517000,2020-08-28 15:38:50.180000
2bobzmjoyemyv3jw,failed,not_found,906,0512FE6BE9CCA0ED133152E64010B2FBA141EB10,B71E68A80C5156745DDE7741F6DE5E3202ABD092,BD3FBEC1D67C48A2583DB378B92A59C5E9AB4DA2,42D47C736518BFA495CA31AEE40AE468F0BDA2A6,2020-08-28 15:38:50.180000,2020-08-28 15:38:51.656000
2bobzmjoyemyv3jw,failed,not_found,2296,0512FE6BE9CCA0ED133152E64010B2FBA141EB10,41A1FE36CA87B16D6DF5D7E6C5B407B1165BAAE0,91BA193FB362FB7B6679A7A83A3050F3C44A5468,405F35A10556611FB81CA3E5C01BF1A54F11BD4C,2020-08-28 15:38:51.657000,2020-08-28 15:39:03.733000
2bobzmjoyemyv3jw,failed,not_found,3199,0512FE6BE9CCA0ED133152E64010B2FBA141EB10,856B7EFB7E09D02A29DD2FF024B7E1EFE21FE9EB,8DC832ABDC9C97B8B71F74AB041D3CB3FA9578AA,4055CDDFF7B3F9E6A50447609A3014753A82EB26,2020-08-28 15:39:03.734000,2020-08-28 15:39:13.300000
2bobzmjoyemyv3jw,,,,,,,42B4F52C5B11E4D39855F654955425B0D5A0598B,2020-08-28 15:39:13.300000,
5zjfqxrttj73kspt,failed,not_found,1847,0512FE6BE9CCA0ED133152E64010B2FBA141EB10,CBB5AE37E2927A915D70FA71572D2EA203F03E83,67216AFBC0CE043F2D19B6BA6BE9E448D2A91F6D,ACCE33C8952304D12A113A161DEE7C8E8D330440,2020-08-28 15:38:49.382000,2020-08-28 15:39:00.598000
5zjfqxrttj73kspt,,,,,,,C596D85AB2641BEC96106AE62E5F72C751B7BE22,2020-08-28 15:39:00.599000,
jlqhzxbq2q5o3rxx,failed,not_found,752,0512FE6BE9CCA0ED133152E64010B2FBA141EB10,AAFFA68AB61238F9044B6ECBA62E25264113EB88,07B8FC5B66719C355FABF84B4F5E0131E127DF01,4B05F4D62E83662D0AAB6C2B35338130326B71A2,2020-08-28 15:38:49.490000,2020-08-28 15:38:51.605000
jlqhzxbq2q5o3rxx,failed,not_found,1104,0512FE6BE9CCA0ED133152E64010B2FBA141EB10,38E48C9509E18F405749859EEF299EBC1B829602,C2F653A5CEE30C8D5713FA4AE7F75E992A479196,1B54FC6897A77F5BD006D0DB06971735E6527D1E,2020-08-28 15:38:51.605000,2020-08-28 15:38:53.686000
jlqhzxbq2q5o3rxx,failed,not_found,1465,0512FE6BE9CCA0ED133152E64010B2FBA141EB10,FBD20387F64D67ED53AC5BD2E0302D44B2DA360C,2096BCFEBB95A1134F39FCF8CEB076FF41A2B48B,4B16758168D4F334BE11872F7B6BAE2E44664E5B,2020-08-28 15:38:53.687000,2020-08-28 15:38:56.909000
jlqhzxbq2q5o3rxx,failed,not_found,2053,0512FE6BE9CCA0ED133152E64010B2FBA141EB10,2AA5F598F9A1812F01CD99E3B59BB87362ED7438,5C221379E5782E7697377E7DB48F72B2F649E9E4,1B6D2FA8D4B87B5CD8E2AE8DD5A4A9DC6A69B45B,2020-08-28 15:38:56.910000,2020-08-28 15:39:01.109000
jlqhzxbq2q5o3rxx,failed,not_found,2898,0512FE6BE9CCA0ED133152E64010B2FBA141EB10,9A7417BA401B8C7EFDE24945E18145A1EDA730E7,EE32ED9AB02A81208F55EB9340D1125CF022697D,1B605B2751279B152CA098ED76B1EBCC9ADCA239,2020-08-28 15:39:01.110000,2020-08-28 15:39:10.493000
jlqhzxbq2q5o3rxx,failed,not_found,3998,0512FE6BE9CCA0ED133152E64010B2FBA141EB10,BF735F669481EE1CCC348F0731551C933D1E2278,E00DFD54DC165D5452FBD3530D30186DAD016A0C,4B170476D09459328438F3E68ED19516C9F75A80,2020-08-28 15:39:10.494000,2020-08-28 15:39:31.061000
co63onznj7xcx4jq,failed,not_found,763,0512FE6BE9CCA0ED133152E64010B2FBA141EB10,DA4B488C2826DFBBD04D635DA1E71A2BA5B20747,29FA511E67A31A1A874AABFB2B624AD122AE4ED4,CC605FEC74F20D49995D8FAAFF7365954233B85D,2020-08-28 15:38:49.494000,2020-08-28 15:38:50.978000
co63onznj7xcx4jq,failed,not_found,1026,0512FE6BE9CCA0ED133152E64010B2FBA141EB10,1E1A7C9134637383BE653C41973995A229D81595,AA26B97B6CA757BF63328EE96705120609CF4AAD,6111C6005AB56498BE5E35666B2522CEBE17D14E,2020-08-28 15:38:50.978000,2020-08-28 15:38:53.099000
co63onznj7xcx4jq,failed,not_found,1367,0512FE6BE9CCA0ED133152E64010B2FBA141EB10,5CCC3569C67B7F1BB733664D43DF4645F2A4B04D,79E3B585803DE805CCBC00C1EF36B1E74372861D,6118DDB580EEDD6FE5F8D3CC0DF1EE17D8A2A4C6,2020-08-28 15:38:53.099000,2020-08-28 15:38:55.555000
co63onznj7xcx4jq,failed,not_found,2565,0512FE6BE9CCA0ED133152E64010B2FBA141EB10,4CD4DFFEF3971C902A22100D911CAC639BE2EF5C,DCB5A6BF7EC2D8277459E288115706286C4B9C86,CC651A7620A8129209BF865CA6ECC1F09023DD28,2020-08-28 15:38:55.556000,2020-08-28 15:39:06.763000
co63onznj7xcx4jq,failed,not_found,3032,0512FE6BE9CCA0ED133152E64010B2FBA141EB10,B33B994C8B9902B6F73957B2E61F71C932130C5D,E605E70E86A7777A22DF2259DFA9C5360B54346A,6117337636B8CB979F09B67530477DFFCA61BF88,2020-08-28 15:39:06.763000,2020-08-28 15:39:17.126000
co63onznj7xcx4jq,,,,,,,CC91DDE18C160EC137E04EC1E74508187BAE7707,2020-08-28 15:39:17.127000,
qz2mrpv5ogupcso2,failed,not_found,774,0512FE6BE9CCA0ED133152E64010B2FBA141EB10,357754D6E70A2FDB53161F674D36FF3AD094F4F8,3CCF9573F59137E52787D9C322AC19D2BD090B70,9803B536ED203C9AAAFC3E53CD4935BA85FF402F,2020-08-28 15:38:49.583000,2020-08-28 15:38:51.383000
qz2mrpv5ogupcso2,failed,not_found,1072,0512FE6BE9CCA0ED133152E64010B2FBA141EB10,F9DFB0B36C494C368E98B9C9D896A510C2229D1F,D6670FB54B21818CE7C13524AA003258B8E35D38,97EB8C7A9454092FBB1A968B4E84E38E14394D84,2020-08-28 15:38:51.384000,2020-08-28 15:38:53.892000
qz2mrpv5ogupcso2,failed,not_found,1510,0512FE6BE9CCA0ED133152E64010B2FBA141EB10,C7FF606D59C7F6BECA8A341D3CF11B423F382D5D,6FB20BB05A841CDDB308E85A4D117FCFC911F5EA,846B3EAAF0C07FF72FC79AEBB11FA3ADC58F240F,2020-08-28 15:38:53.892000,2020-08-28 15:38:56.694000
qz2mrpv5ogupcso2,failed,not_found,2023,0512FE6BE9CCA0ED133152E64010B2FBA141EB10,157CED138D3DE9CBFB5AE0232A319C2980F6C409,1C7215BC0123DDA23BDED0F9D2849D3AD80183CB,97D2A26EA5C9972E66D23F4698E94DBDBA8F6C18,2020-08-28 15:38:56.695000,2020-08-28 15:39:00.910000
qz2mrpv5ogupcso2,failed,not_found,4010,0512FE6BE9CCA0ED133152E64010B2FBA141EB10,573051CAA3EEEE2B75EBD096BB1F70D3FDAC5F3A,CCAA620D5CAB34CE95FE3C863D9E6520C07451D8,84ABF6381FD0F96B882764F176B85980EBC31FE1,2020-08-28 15:39:00.911000,2020-08-28 15:39:10.400000
qz2mrpv5ogupcso2,failed,not_found,4214,0512FE6BE9CCA0ED133152E64010B2FBA141EB10,AB2DDDA35F3F2D6B9EF654053E192F04850A569A,02D7A3058F5DBC0A02AA48BB1F0412C52DF86B92,84AFAE19244541A404F763BA0E2F0CAD8A3FACF0,2020-08-28 15:39:10.401000,2020-08-28 15:39:36.737000
kb7d224bys57igwz,failed,not_found,780,0512FE6BE9CCA0ED133152E64010B2FBA141EB10,A8FEC75C75C24997467B15603DBDE43D108DEE75,9772EFB535397C942C3AB8804FB35CFFAD012438,ADB98B27D7A3FB5732068FD23602A1BCB3BE9F38,2020-08-28 15:38:49.600000,2020-08-28 15:38:51.433000
kb7d224bys57igwz,failed,not_found,1088,0512FE6BE9CCA0ED133152E64010B2FBA141EB10,9063C7EC4A3273446DC05E9310A5C5B2F4235696,706A7674A217BA905FE677E82236B7B968A23DB7,ADB398B7F5AC2D936A8080758607F5CCB4B78F3E,2020-08-28 15:38:51.433000,2020-08-28 15:38:53.965000
kb7d224bys57igwz,failed,not_found,1519,0512FE6BE9CCA0ED133152E64010B2FBA141EB10,403193660D0B53E0F505B160DF58D94D5BC53EAA,AE17FAAF8F302A506AF2167666EC62882804403F,AD9F6804869ADD53A55F20DA4A1FC107F38D079E,2020-08-28 15:38:53.966000,2020-08-28 15:38:57.814000
kb7d224bys57igwz,failed,not_found,2004,0512FE6BE9CCA0ED133152E64010B2FBA141EB10,6E4B0D429CD87AB6C25D72E298294C583FF8BA4A,1C3C4AEF036D1202EEC623228EBA5FB71931E2A3,DF390860B5610B8E99C5A78B4099A3705CD36B17,2020-08-28 15:38:57.815000,2020-08-28 15:39:01.446000
kb7d224bys57igwz,failed,not_found,2970,0512FE6BE9CCA0ED133152E64010B2FBA141EB10,D69660417D1BEEC6E9ED2CDCEABC4872BC111ADE,D1E706B9021A0BF8E9663DB207D9D9EC03A70DAC,DF2A241897F04A7D0C2A195D81E0CB1271AD5B6F,2020-08-28 15:39:01.447000,2020-08-28 15:39:10.312000
kb7d224bys57igwz,failed,not_found,4202,0512FE6BE9CCA0ED133152E64010B2FBA141EB10,02758CD398E3F842EF82478078AAAE0273770DB2,DEA98B7F9BA8B7F8A098D3939A6FE446084B48E7,DF445006932A7BA942F3EBB4457D7ABF2E4006E0,2020-08-28 15:39:10.313000,2020-08-28 15:39:34.407000
rnu2b3xlmll3tkcn,failed,not_found,928,0512FE6BE9CCA0ED133152E64010B2FBA141EB10,35DBE43445BB44D817084200BA05E8A0573EDFD4,F94E2D48F2E0F83920C893E4F19F852511350AF5,8A136F5D0DACBBB6D8537DA4A806C44EF7E9037B,2020-08-28 15:38:50.204000,2020-08-28 15:38:51.990000
rnu2b3xlmll3tkcn,failed,not_found,1196,0512FE6BE9CCA0ED133152E64010B2FBA141EB10,1A2B77AD0A742CD804B9DD747E2DD8E38D06C915,D74F619C74C2E601A39EBE58C8E34DFEB3BADE99,DA53984DBA28420169F34F4F44CB24E3A0946747,2020-08-28 15:38:51.990000,2020-08-28 15:38:54.477000
rnu2b3xlmll3tkcn,failed,not_found,1625,0512FE6BE9CCA0ED133152E64010B2FBA141EB10,0FF9E71478E9B35216D92F73A54969853EB5D4E9,B02F0126ABB2BA22371DD96BCBAFA91AD3EB4DDF,8A2CCF9A354EF89C08CB0AE2DD7F7E8418ADF713,2020-08-28 15:38:54.477000,2020-08-28 15:38:58.565000
rnu2b3xlmll3tkcn,failed,not_found,2331,0512FE6BE9CCA0ED133152E64010B2FBA141EB10,6D4D5193A0E290C027FE6B66731133F70946A155,FE1B74C7CEE0493613929A92F9A1D890E58DC649,8A167971BAE692DB1CCABB92635169AE79C99753,2020-08-28 15:38:58.566000,2020-08-28 15:39:03.782000
rnu2b3xlmll3tkcn,failed,not_found,3235,0512FE6BE9CCA0ED133152E64010B2FBA141EB10,FD79B7F9230858B48E75F389661840C702511078,5DE37A3371AAE7638748EB43C9F1CE66E09D4470,DA60C85D526374C1DC8A8796E93F12F7CA3019F2,2020-08-28 15:39:03.783000,2020-08-28 15:39:13.792000
rnu2b3xlmll3tkcn,,,,,,,DA4B488C2826DFBBD04D635DA1E71A2BA5B20747,2020-08-28 15:39:13.793000,
wxt74na4hsl26s6e,failed,not_found,935,0512FE6BE9CCA0ED133152E64010B2FBA141EB10,AB7E26C3AF536A87E5099335A4CBE832E2194311,113BEEBA400E58874EE0EB94849DEEF9564290C2,AF51116B72FFF27806184BAC7DF61564AB7E5C9F,2020-08-28 15:38:50.204000,2020-08-28 15:38:52.459000
wxt74na4hsl26s6e,failed,not_found,1261,0512FE6BE9CCA0ED133152E64010B2FBA141EB10,61991104B5D0F460BFA5E1C0E5E8769B11C0F8A4,A400CF836DA351ADDAD9BA350C1ABA350264A4E0,AF2E60DEEA9971F6956A46CE0B6BC94EF558240E,2020-08-28 15:38:52.459000,2020-08-28 15:38:55.069000
wxt74na4hsl26s6e,failed,not_found,1897,0512FE6BE9CCA0ED133152E64010B2FBA141EB10,D3B72ADA2F3EEDA2BA98F645D620CA1C4060AAF4,05E5161EE9E4A64977A2FEFE8AC166941F0646C6,6D4D5193A0E290C027FE6B66731133F70946A155,2020-08-28 15:38:55.069000,2020-08-28 15:39:01.001000
wxt74na4hsl26s6e,failed,not_found,3834,0512FE6BE9CCA0ED133152E64010B2FBA141EB10,74312EF576DE1E7710D5420791E6BDB41808439E,09A70E396DE93F54D4541BBB0EC8E2B23761F34F,6D8B86FA188E2207B4DBDC9A9E40219B2BC825D3,2020-08-28 15:39:01.001000,2020-08-28 15:39:25.175000
wxt74na4hsl26s6e,,,,,,,AF1F15819AC766D6508A2B05DA989E99AB511F9F,2020-08-28 15:39:25.175000,
qf42e2uk5acmuoh7,failed,not_found,885,0512FE6BE9CCA0ED133152E64010B2FBA141EB10,CD39C258265B25EAA4ABA4FDCB2DF98104CAA362,B74DABBE248B935CDC1038CD5C9280878C8C94E7,F5C2EB578B9842069DE560F00F808B6BD3554E2A,2020-08-28 15:38:50.206000,2020-08-28 15:38:51.737000
qf42e2uk5acmuoh7,failed,not_found,1136,0512FE6BE9CCA0ED133152E64010B2FBA141EB10,8EB722FA1AE9DDE1914BC21FEA22819D4DE99DB4,7A67C013DB534B0ADDF1661E5A8368010F325114,F81F63FDF6B566D63D3A1112FC9D3EA1D3A285D1,2020-08-28 15:38:51.739000,2020-08-28 15:38:54.732000
qf42e2uk5acmuoh7,failed,not_found,1869,0512FE6BE9CCA0ED133152E64010B2FBA141EB10,CA6A1295456D14F8C78CE623EB779EF2C1CCC7F0,3A9443710224E5182895C342D1D36C1D460A1206,F7F9A2B28AC47F328DFECAA66C592719FCCE1E8E,2020-08-28 15:38:54.733000,2020-08-28 15:38:59.692000
qf42e2uk5acmuoh7,failed,not_found,2518,0512FE6BE9CCA0ED133152E64010B2FBA141EB10,D5C6F62A5D1B3C711CA5E6F9D3772A432E96F6C2,8ABC4D5F6182C7E79B087D1ED9E5CF652C83E52C,F80FDE27EFCB3F6A7B4E2CC517133DBFFA78BA2D,2020-08-28 15:38:59.693000,2020-08-28 15:39:09.574000
qf42e2uk5acmuoh7,failed,not_found,4022,0512FE6BE9CCA0ED133152E64010B2FBA141EB10,208F39CCF602D9549E57D6A386259C1129B8D244,617EB1F3994E13EFE20D4D6A4273B724776D05D2,F5BF2C835E86DF291DC7D86DD1E1542F4887E3A7,2020-08-28 15:39:09.575000,2020-08-28 15:39:30.852000
qf42e2uk5acmuoh7,,,,,,,F5C3DA7642BB037E0D279359AE88CD7FC03A98A0,2020-08-28 15:39:30.852000,
da437qsg6ez33f4u,failed,not_found,948,0512FE6BE9CCA0ED133152E64010B2FBA141EB10,35DA04A92634AF2392CBA6AF158E00B5589A1CFA,44BD70C13DAA7513D6F47773804178B009F21ED5,49BC7301250F6D87BCD676DFC9AF22048F96F599,2020-08-28 15:38:50.212000,2020-08-28 15:38:52.646000
da437qsg6ez33f4u,failed,not_found,1270,0512FE6BE9CCA0ED133152E64010B2FBA141EB10,FB016E16B8CD7A0E53DEEF31ED8754E4F6B8E837,431702B3A68A6015F9955DD4FD0129175B43EA0F,49CA9262801E9DC9B414A143A58A68255149367A,2020-08-28 15:38:52.647000,2020-08-28 15:38:54.750000
da437qsg6ez33f4u,failed,not_found,1661,0512FE6BE9CCA0ED133152E64010B2FBA141EB10,BBD8F4DF8FF5C69A6A989DB8C1EE2CA7ADFE0755,39CF2F22E5018C01FD57DEB1AB8FDFA4592633FB,49877399DD0E82FE123148361038823368F77193,2020-08-28 15:38:54.751000,2020-08-28 15:38:58.768000
da437qsg6ez33f4u,failed,not_found,2681,0512FE6BE9CCA0ED133152E64010B2FBA141EB10,21239CC313A28B3E6CEE48D949BF7787471B1519,B149064611DC466405E1825956F36B202DCE6E4A,BCA35F70CB0E7A583FC6ECB83F755B083E9E2DFB,2020-08-28 15:38:58.769000,2020-08-28 15:39:08.155000
da437qsg6ez33f4u,failed,not_found,3925,0512FE6BE9CCA0ED133152E64010B2FBA141EB10,9B2BC7EFD661072AFADC533BE8DCF1C19D8C2DCC,DC9564AE8BC7BF5F722E3677C897ED1B578C8D81,BCD2F039FC8B8F1D33742E72E15D710F777F664E,2020-08-28 15:39:08.155000,2020-08-28 15:39:27.220000
da437qsg6ez33f4u,,,,,,,BC7ACFAC04854C77167C7D66B7E471314ED8C410,2020-08-28 15:39:27.220000,
bdvisbddsekl52qt,failed,not_found,955,0512FE6BE9CCA0ED133152E64010B2FBA141EB10,AE9B4F3B133CF4FC75BD0685F047EA4253C49B09,8A00CE9638BDB4686B91F1F0B229DB3F8C9B8415,9FD640851514532C1CFCFF6B0240FA453B930FF7,2020-08-28 15:38:50.219000,2020-08-28 15:38:52.991000
bdvisbddsekl52qt,failed,not_found,1331,0512FE6BE9CCA0ED133152E64010B2FBA141EB10,A25E49E879B23EDA09882ED99AFB93FBE6B5F605,FF8F56B5E1A36341F84FF72927CEB3F0AC6BC6A9,A016192D0A87FC9354A7523A211BBD9CF859708B,2020-08-28 15:38:52.991000,2020-08-28 15:38:55.407000
bdvisbddsekl52qt,failed,not_found,2639,0512FE6BE9CCA0ED133152E64010B2FBA141EB10,061E0496931D23A81A2B685C9339D36857DD0FA1,8701E70AC4C0C9E1FE47EA853FC997D29BE5D65C,9FF43973692ABA9F600E9B17880201D09DEED19C,2020-08-28 15:38:55.407000,2020-08-28 15:39:07.479000
bdvisbddsekl52qt,failed,not_found,3764,0512FE6BE9CCA0ED133152E64010B2FBA141EB10,B9E7A637B00BBB77853A639CC33245A2FEB8F033,D1640589B1C0CC8BC657E07F9F739C267C08A768,EFC2A2A0C6EF7E594E26ABCE47D9D17E75C5AFE2,2020-08-28 15:39:07.480000,2020-08-28 15:39:20.923000
bdvisbddsekl52qt,,,,,,,EFAE44728264982224445E96214C15F9075DEE1D,2020-08-28 15:39:20.924000,
ker6earbwu5mmkjv,failed,not_found,1041,0512FE6BE9CCA0ED133152E64010B2FBA141EB10,CD5316A75554C2DADB87EF3624E95D848C309CE8,672A56A583C658372E63ACEB43E7F791C2819548,60685893A57D66562A0754BEE3B6A6E68082C8BE,2020-08-28 15:38:51.228000,2020-08-28 15:38:53.060000
ker6earbwu5mmkjv,failed,not_found,1358,0512FE6BE9CCA0ED133152E64010B2FBA141EB10,CEF2FD0E1973EA04D1444DDAEFF1B0BC3C0C39B1,163303F0583A1917326214379BD1AB2D286046EA,62A669CF65412F36D5E815DB35FDF2A8C8C673F9,2020-08-28 15:38:53.061000,2020-08-28 15:38:56.518000
ker6earbwu5mmkjv,failed,not_found,1945,0512FE6BE9CCA0ED133152E64010B2FBA141EB10,2FD03FFE27AF20DD6B1CBE5ABEFEF7B06693D557,D907BCD0B9510C462EEB0688FD5421CD2E172B77,629DE11D15B760521E1391B2D0722698FDC103DF,2020-08-28 15:38:56.518000,2020-08-28 15:39:00.239000
ker6earbwu5mmkjv,failed,not_found,3832,0512FE6BE9CCA0ED133152E64010B2FBA141EB10,CB1EC403A7331FE26F218D178DF8908014CC4F65,DA4B488C2826DFBBD04D635DA1E71A2BA5B20747,6290A2D08E5EB89C809223C5C7BF52597690751D,2020-08-28 15:39:00.239000,2020-08-28 15:39:25.245000
ker6earbwu5mmkjv,,,,,,,60769652C04712912E6E21CED1F08DC797789A75,2020-08-28 15:39:25.246000,
34kx26uisrzl323a,failed,not_found,1048,0512FE6BE9CCA0ED133152E64010B2FBA141EB10,98A1D0BCCC5D45C7E096D7634C8ED3FFBF1908C6,88249F18737379DAC87185E5EC75626EB1F414EB,88AE3BC088396F1D3FCC4F2F588C0DC837599D20,2020-08-28 15:38:51.275000,2020-08-28 15:38:53.757000
34kx26uisrzl323a,failed,not_found,1483,0512FE6BE9CCA0ED133152E64010B2FBA141EB10,169535CC4C75FF79C6D548D41720064EE4FE61D2,D8A2D0080B0C73E1DC0EC9F33B497F64E5FB3F52,88A18960AF7735FD4489374AC411FBBFE9743A20,2020-08-28 15:38:53.757000,2020-08-28 15:38:56.644000
34kx26uisrzl323a,failed,not_found,1975,0512FE6BE9CCA0ED133152E64010B2FBA141EB10,4CE6D83FFA8AD24767007E8C972F371F2468F09A,67B4A50A1FB660386677BF9CA525D7F04D83A91B,2F26D43258285FEB39E4320888DFAFA8A0D20E11,2020-08-28 15:38:56.644000,2020-08-28 15:39:00.505000
34kx26uisrzl323a,failed,not_found,2778,0512FE6BE9CCA0ED133152E64010B2FBA141EB10,8FA37B93397015B2BC5A525C908485260BE9F422,A60697FF383EEEE2E88505DD4E305C07BF326B11,88D5F0BD87F9BC1A96FCBFDCEDB1C0E6BAB1D14E,2020-08-28 15:39:00.505000,2020-08-28 15:39:09.908000
34kx26uisrzl323a,failed,not_found,4118,0512FE6BE9CCA0ED133152E64010B2FBA141EB10,154D82D7EA5783913F107C2C0E98E217B9E04E88,56784608242CB15B70ED6CBB8F40EEA3B62AF69E,2F09BD6D9A2D5A7D6D26C17651CE8ECF0B7BA257,2020-08-28 15:39:09.909000,2020-08-28 15:39:32.729000
34kx26uisrzl323a,,,,,,,2F2710152A2344B1DE3EF619E85CB1B298643D27,2020-08-28 15:39:32.730000,
wcl5cxdi6bxdyvdl,,,,,,,4EBE3B18F7D38D0A2FDD67B47A55CB9069368723,2020-08-28 15:38:51.288000,
pnys5yex2skniebk,failed,not_found,1056,0512FE6BE9CCA0ED133152E64010B2FBA141EB10,216D8778B43123805F3FE3D7157223F34EF74A40,58F3E2956EABB81F673E2FB90E16E001DB4AC3AE,E23931923121DA64C12CB6AA20B6F2C3E55627FF,2020-08-28 15:38:51.289000,2020-08-28 15:38:53.226000
pnys5yex2skniebk,failed,not_found,1376,0512FE6BE9CCA0ED133152E64010B2FBA141EB10,8C5B316ED73018484765C3E0944E4508DCAE0944,AEF0EADA8C92A4DF1500FAE303ECD8E1EBD56670,CA29603FE2143C9BF06AFE76AB5D7940194271C1,2020-08-28 15:38:53.226000,2020-08-28 15:38:55.800000
pnys5yex2skniebk,failed,not_found,1841,0512FE6BE9CCA0ED133152E64010B2FBA141EB10,D5C01B85FB3A48D55698CA660A2DE8935388816E,E2AB420FC7D9513C79D034BEF9A977635E4E7851,C9FAA93525ACE580BDB03ABC662ED2045262BD89,2020-08-28 15:38:55.801000,2020-08-28 15:39:00.259000
pnys5yex2skniebk,failed,not_found,2506,0512FE6BE9CCA0ED133152E64010B2FBA141EB10,1AAC19D892F84910AB94C45092241ABA3CFC4C89,8CDF2F3A8ABD834CF9F3E8FC202DF64625BFB443,E26635F9ED41CDA8467C2AA992D81074337602EF,2020-08-28 15:39:00.260000,2020-08-28 15:39:07.026000
pnys5yex2skniebk,failed,not_found,3789,0512FE6BE9CCA0ED133152E64010B2FBA141EB10,229A21B9912BD92D696841F77BDEC95A23B67594,D8A2D0080B0C73E1DC0EC9F33B497F64E5FB3F52,E292406B3FC86AF94DFBCDC2C4CC594AE89F5BB6,2020-08-28 15:39:07.027000,2020-08-28 15:39:24.009000
pnys5yex2skniebk,,,,,,,CA37CD46799449D83B6B98B8C22C649906307888,2020-08-28 15:39:24.009000,
njgp5x2tg7rkjttx,failed,not_found,1064,0512FE6BE9CCA0ED133152E64010B2FBA141EB10,51800AF38B30ED1454DD74CB412BADCED5F60593,C7B6A1B76B6476DB3DA8C960E262CC7425B5C5F8,D12032F45328C06F053921479CF770A208378B9F,2020-08-28 15:38:51.298000,2020-08-28 15:38:55.068000
njgp5x2tg7rkjttx,failed,not_found,1688,0512FE6BE9CCA0ED133152E64010B2FBA141EB10,795790C25BDE834B836EA54DD96DB2610829573B,113BEEBA400E58874EE0EB94849DEEF9564290C2,46A4E56C9CA59A3B07FD1DFE9891194E0C8FD6F0,2020-08-28 15:38:55.069000,2020-08-28 15:38:58.589000
njgp5x2tg7rkjttx,failed,not_found,2541,0512FE6BE9CCA0ED133152E64010B2FBA141EB10,58A7199712C0E52B3C5F2F8E8B27B5A62BE58BC8,361D33C96D0F161275EE67E2C91EE10B276E778B,D14EC16949648CEE84EA1664445029EA4B597074,2020-08-28 15:38:58.589000,2020-08-28 15:39:06.585000
njgp5x2tg7rkjttx,failed,not_found,3308,0512FE6BE9CCA0ED133152E64010B2FBA141EB10,B872BA6804C8C6E140AE1897B44CF32B42FD2397,3A9443710224E5182895C342D1D36C1D460A1206,46736616C5A895D636C93EF9F8A289C3BC93EE53,2020-08-28 15:39:06.586000,2020-08-28 15:39:15.214000
njgp5x2tg7rkjttx,,,,,,,469305AE56D9F446468E8BE8780219EED54EEF25,2020-08-28 15:39:15.215000,
jisuqrejztvpmpjp,failed,not_found,1850,0512FE6BE9CCA0ED133152E64010B2FBA141EB10,754CB99117E6ED570DFCFB7D9F12674B97A4E28E,BAE70B5A61B12A3D31DEE94E697AF1FDA9A9B82D,948DAB87359621CB8DF7D368A4C46C7F905AC84B,2020-08-28 15:38:52.205000,2020-08-28 15:39:00.578000
jisuqrejztvpmpjp,failed,not_found,2790,0512FE6BE9CCA0ED133152E64010B2FBA141EB10,5127A719E495710CEBB0A446CD69207BA6E0D6D6,13EFAEAAD888005CA4EB4164C23529F25EEB8975,383CFCF03B225B3EDCA519197BAA310A58CEAABC,2020-08-28 15:39:00.579000,2020-08-28 15:39:10.112000
jisuqrejztvpmpjp,failed,not_found,4154,0512FE6BE9CCA0ED133152E64010B2FBA141EB10,5DBAFEE3BF786896947F805EE3B3BD5C986506B0,19DEA2B8BBD3613C50CA24C96C4DE0C3ADAF4A3E,38471394F06B2B86404768193C929313962FDC2F,2020-08-28 15:39:10.112000,2020-08-28 15:39:33.852000
jisuqrejztvpmpjp,,,,,,,383882E740FC9214A21A60E8D4B10A220272113B,2020-08-28 15:39:33.852000,
r7chttmzf3bc6qjp,failed,not_found,1236,0512FE6BE9CCA0ED133152E64010B2FBA141EB10,9B1BE5D20FB9069523EF4889027325CE89B42460,5DB9AE27A44EB7B476CC04A66C67A71C97A001E6,8A2CCF9A354EF89C08CB0AE2DD7F7E8418ADF713,2020-08-28 15:38:52.205000,2020-08-28 15:38:54.631000
r7chttmzf3bc6qjp,failed,not_found,1634,0512FE6BE9CCA0ED133152E64010B2FBA141EB10,9A75CC005CA0D92FFD3F96003B2524C20B053E28,A9F5135AE18C7E25C7C79117CD8C7619BFEB85ED,8A57DA2FFB5BA49C041EDE1A095E33E86EA756CC,2020-08-28 15:38:54.631000,2020-08-28 15:38:57.693000
r7chttmzf3bc6qjp,failed,not_found,2641,0512FE6BE9CCA0ED133152E64010B2FBA141EB10,01384A5D9C6D34352701BF86D04E5F406CB256AE,B5735B4B17F2942FC529A758749E6AB244CDED06,8A2D71CBCA33F13A3EA9614DE28AE3F669D84987,2020-08-28 15:38:57.695000,2020-08-28 15:39:13.532000
r7chttmzf3bc6qjp,,,,,,,C51701910DEA998F4F51287A71B7E94449A3E9BC,2020-08-28 15:39:13.532000,
unnna5temmaiitze,failed,not_found,1244,0512FE6BE9CCA0ED133152E64010B2FBA141EB10,0DD04EF0B081BBFDE3082D4ECC8A63FD0022FCAF,BF7BFCB3096FC81FBD0B7ADA66164431EC7FD117,223F4E3F6557A83850C80F0C601732632C64CD00,2020-08-28 15:38:52.214000,2020-08-28 15:38:55.126000
unnna5temmaiitze,failed,not_found,1706,0512FE6BE9CCA0ED133152E64010B2FBA141EB10,B401E30710C7623EAC3F1AF34684335E911EBD2B,FE1B74C7CEE0493613929A92F9A1D890E58DC649,795790C25BDE834B836EA54DD96DB2610829573B,2020-08-28 15:38:55.126000,2020-08-28 15:38:58.126000
unnna5temmaiitze,failed,not_found,2202,0512FE6BE9CCA0ED133152E64010B2FBA141EB10,118496882F58E787DC24F5C219B93F22BA5820D8,93F97B76A7D0F0947C4C75AC62017E45BBFE6C08,222D1EBED7ED0344A66F544F5CA0C496FE608D6C,2020-08-28 15:38:58.127000,2020-08-28 15:39:02.567000
unnna5temmaiitze,failed,not_found,2995,0512FE6BE9CCA0ED133152E64010B2FBA141EB10,CDAF0B74C45FD5B1955198A8D92C8A518A53D07B,C86C538EF0A24E010342F30DBCACC2A7EB7CA833,79621D3F36A0B377670B4647C3370635CD2521AD,2020-08-28 15:39:02.568000,2020-08-28 15:39:10.738000
unnna5temmaiitze,,,,,,,7961C9991F022C8A363FD440CA395D47DB5D44D5,2020-08-28 15:39:10.739000,
5mhpfwmee7qpdwgy,failed,not_found,1851,0512FE6BE9CCA0ED133152E64010B2FBA141EB10,BE9B12FAAB7429842D643E2308390ECD8961E0A1,BC238DA10F427C21685F766317F7E0946954B88F,8BE58BA7A28DC6B4F211CE8EE86783B85133488D,2020-08-28 15:38:52.215000,2020-08-28 15:38:59.538000
5mhpfwmee7qpdwgy,failed,not_found,2655,0512FE6BE9CCA0ED133152E64010B2FBA141EB10,BB5630967607D8A8B6CA854AF954FE8372D1662A,70F09E981D6D4A34A35F248F0C873CBA356A0612,C9B34ABF2C30DA56BD006B7B42610098072BEF4C,2020-08-28 15:38:59.538000,2020-08-28 15:39:07.680000
5mhpfwmee7qpdwgy,,,,,,,8B9B72D9613E1B674A17DAA6A11FE336C3427191,2020-08-28 15:39:07.680000,
x5jcjvlkqt3bjfnw,,,,,,,08F06A0DDAFABF9A26FCB2E392A1435F9E048216,2020-08-28 15:38:52.215000,
n546xzcslzsjsagn,failed,not_found,1385,0512FE6BE9CCA0ED133152E64010B2FBA141EB10,6E4B0D429CD87AB6C25D72E298294C583FF8BA4A,14D57DEDF0A4554A2D21AD53CCCC43E31158C733,1D3174338A1131A53E098443E76E1103CDED00DC,2020-08-28 15:38:53.286000,2020-08-28 15:38:55.681000
n546xzcslzsjsagn,failed,not_found,1832,0512FE6BE9CCA0ED133152E64010B2FBA141EB10,E9CE81CC21B63FD316F642E6AF867D6FE0C3A847,25990FC54D7268C914170A118EE4EE75025451DA,1D25C7B2DD3C0BD55526DCF95B175EA3E95D9286,2020-08-28 15:38:55.682000,2020-08-28 15:38:58.982000
n546xzcslzsjsagn,failed,not_found,2707,0512FE6BE9CCA0ED133152E64010B2FBA141EB10,B840C7DE596E77A22187E638C5116DC5B3BBDDD1,9288B75B5FF8861EFF32A6BE8825CC38A4F9F8C2,2A1AE1CD12AAFCAFE4D06A979F3DC93511D4EF62,2020-08-28 15:38:58.982000,2020-08-28 15:39:07.385000
n546xzcslzsjsagn,failed,not_found,3704,0512FE6BE9CCA0ED133152E64010B2FBA141EB10,62ABC3D1B0D5DE48DE4B8AF5E76D5AA8F535CCDF,22775B953E662151549C114CB8EE5FBDBCBDAD02,29FA511E67A31A1A874AABFB2B624AD122AE4ED4,2020-08-28 15:39:07.385000,2020-08-28 15:39:20.227000
n546xzcslzsjsagn,,,,,,,2A0FAD3CA7A190C43D8ED7896727BD426E8C2EFA,2020-08-28 15:39:20.227000,
ctyb4v4lds7g25aa,failed,not_found,1394,0512FE6BE9CCA0ED133152E64010B2FBA141EB10,890480E14E634C8B4467C475E355A6FBF3D99CD5,BEBA52AC89045D6EAD68E977DF3F98BCF8330AAF,6E66D978514FF86CDEF01FE30C23A1002925AA02,2020-08-28 15:38:53.287000,2020-08-28 15:38:55.906000
ctyb4v4lds7g25aa,failed,not_found,1870,0512FE6BE9CCA0ED133152E64010B2FBA141EB10,FB016E16B8CD7A0E53DEEF31ED8754E4F6B8E837,35DBE43445BB44D817084200BA05E8A0573EDFD4,6B0962E99C62CFDFCAD6D91384B11D499FCE6D46,2020-08-28 15:38:55.907000,2020-08-28 15:39:00.260000
ctyb4v4lds7g25aa,failed,not_found,2643,0512FE6BE9CCA0ED133152E64010B2FBA141EB10,E39A758BD81DD27E8AA27998688E816D0A13DC82,D2C076A898337AA2FD3B8AB00A190312F3405F1C,6E30461718F9838BB1785C6863024308148E5344,2020-08-28 15:39:00.261000,2020-08-28 15:39:07.295000
ctyb4v4lds7g25aa,failed,not_found,3853,0512FE6BE9CCA0ED133152E64010B2FBA141EB10,69534B8B5FCCD0BF1124945B1D0F5A35FB0A3542,1FC89C159EA0F96D52D8A7092BF938C509DB6984,6AD2D73B1A0A931AD792117D58A6C65EF411EBC2,2020-08-28 15:39:07.295000,2020-08-28 15:39:26.428000
ctyb4v4lds7g25aa,,,,,,,6AE6C0AF05A3F2688CD6241FAAF5F2027E8032B0,2020-08-28 15:39:26.429000,
xwbnxfao54rpdf3u,failed,not_found,1403,0512FE6BE9CCA0ED133152E64010B2FBA141EB10,9EFF16EA25FF27BC438A3FBF23C5315E576467AF,03910F285A33F365838EC66EF2C2EF754D046760,0647C3F8352BBFA0D57A1C3E0DCF67FC3E073D2C,2020-08-28 15:38:53.302000,2020-08-28 15:38:56.712000
xwbnxfao54rpdf3u,failed,not_found,2033,0512FE6BE9CCA0ED133152E64010B2FBA141EB10,38471394F06B2B86404768193C929313962FDC2F,3FE1AA163445DC0E0677B5227F507907C4872A30,474648D2DFC1C060A5CA74C8A5976807B7FB5FE0,2020-08-28 15:38:56.713000,2020-08-28 15:39:00.872000
xwbnxfao54rpdf3u,failed,not_found,2719,0512FE6BE9CCA0ED133152E64010B2FBA141EB10,25990FC54D7268C914170A118EE4EE75025451DA,D7829A21726220AF77401BE5B2B132963A0BE82B,06432D1B5A7C132071626D186D7F1A429C5BBED9,2020-08-28 15:39:00.872000,2020-08-28 15:39:07.748000
xwbnxfao54rpdf3u,failed,not_found,3901,0512FE6BE9CCA0ED133152E64010B2FBA141EB10,EEFFC0D532AB63BB3E9CAEADA822971F6D3AE8D6,0B85617241252517E8ECF2CFC7F4C1A32DCD153F,470BC5C6A8BD1D9FDBB55689FB3030310181EAE2,2020-08-28 15:39:07.748000,2020-08-28 15:39:27.218000
xwbnxfao54rpdf3u,,,,,,,47175EA5C1B830AD72F2ED14C089B443758376E1,2020-08-28 15:39:27.218000,
dkct224svisk3uub,failed,not_found,1412,0512FE6BE9CCA0ED133152E64010B2FBA141EB10,070229A4CC2CFFB24EB667298A7DB5E8D11EB701,8D79F73DCD91FC4F5017422FAC70074D6DB8DD81,427DEDAA28D39672F3D9B7714170C724634671F3,2020-08-28 15:38:53.302000,2020-08-28 15:38:56.310000
dkct224svisk3uub,failed,not_found,1888,0512FE6BE9CCA0ED133152E64010B2FBA141EB10,40CDE936B04B4573A47223396006443CA5EAC845,837D5EA513DF7FDDA36BE569C646151CDA4B9935,85A885433E50B1874F11CEC9BE98451E24660976,2020-08-28 15:38:56.310000,2020-08-28 15:39:00.238000
dkct224svisk3uub,failed,not_found,2581,0512FE6BE9CCA0ED133152E64010B2FBA141EB10,92E807AC5E23CCD9FE623EA4DC020B1627A0D09B,52D5FB2004C67127C73B71478238FA66122BD443,85C8DBFB5574A338CAC8603CAF330EBF93219079,2020-08-28 15:39:00.239000,2020-08-28 15:39:06.524000
dkct224svisk3uub,failed,not_found,3511,0512FE6BE9CCA0ED133152E64010B2FBA141EB10,13F7EAE731CA4600951986921E08ECAB9B1D2AF6,071ACB713A9558A4B5750520B0A738C66033E0B1,85A3AC041E3FCD796AF5D653953D5E27A56E3719,2020-08-28 15:39:06.525000,2020-08-28 15:39:17.780000
dkct224svisk3uub,,,,,,,425E358E94FB53E7F11AF2D9AB60DE25F534BA1A,2020-08-28 15:39:17.780000,
j36u2f3w6oklxf6r,failed,not_found,1430,0512FE6BE9CCA0ED133152E64010B2FBA141EB10,383CFCF03B225B3EDCA519197BAA310A58CEAABC,02928855BFAD787F8B363F21860D1E7D156E0655,1F4105C688E835A56AF3D66C787677B57240FFA2,2020-08-28 15:38:53.313000,2020-08-28 15:38:56.442000
j36u2f3w6oklxf6r,failed,not_found,1916,0512FE6BE9CCA0ED133152E64010B2FBA141EB10,2CE96A8A1DA032664C90F574AFFBECE18A6E8DFC,5582BBEC12380E34D7DFB8C237939A0B317B205E,48077B31BC5DA51425D227BAA1E594AC06B29EA2,2020-08-28 15:38:56.443000,2020-08-28 15:39:00.214000
j36u2f3w6oklxf6r,failed,not_found,2569,0512FE6BE9CCA0ED133152E64010B2FBA141EB10,2E414CD28823B5AEB51FD172AA0EE3E9EB9BCA90,4CE6D83FFA8AD24767007E8C972F371F2468F09A,1F41A5EFA69442AD49635074833945523A7D2145,2020-08-28 15:39:00.215000,2020-08-28 15:39:07.786000
j36u2f3w6oklxf6r,failed,not_found,3913,0512FE6BE9CCA0ED133152E64010B2FBA141EB10,B6D4916A98D99027DA25D42D70D686F0B3663F35,24B1DF80768332990BA8F1230BA41D95D82D52BD,1F4F4C5B57A15433D44D8DB0DA1F66988377B977,2020-08-28 15:39:07.786000,2020-08-28 15:39:27.295000
j36u2f3w6oklxf6r,,,,,,,482A687F14182974926CE0B3ACFFC8D6247ED7DF,2020-08-28 15:39:27.296000,
33z7544vui4x6ymg,failed,not_found,1573,0512FE6BE9CCA0ED133152E64010B2FBA141EB10,AE95BDA37A5BB4685FEBB7F06649D6CE949B5316,BD4C647508162F59CB44E4DFC1C2B2B8A9387CCA,C63110BDD8736D2C2A733FF962F58D58FDE63A2D,2020-08-28 15:38:54.286000,2020-08-28 15:38:56.981000
33z7544vui4x6ymg,failed,not_found,2329,0512FE6BE9CCA0ED133152E64010B2FBA141EB10,24D0491A2ADAAB52C17625FBC926D84477AEA322,DEA84F08432800346BADB35F1EAC1B2A4D5B165D,C5F214F7F9CCBF09324C9AA032760150243A196C,2020-08-28 15:38:56.981000,2020-08-28 15:39:04.095000
33z7544vui4x6ymg,failed,not_found,3284,0512FE6BE9CCA0ED133152E64010B2FBA141EB10,79C674E6C1AC90687CCCF644D24C17AC1E535A3C,1A43588BBE1239EA896DD06C22DAB20C0C5E68EF,C5F713E503B9F251642C49A998B0498DDD802B72,2020-08-28 15:39:04.096000,2020-08-28 15:39:13.936000
33z7544vui4x6ymg,,,,,,,49F9A350864D030C1C9E325FD4208C155F5046E6,2020-08-28 15:39:13.937000,
aqqssznpjzjd365j,failed,not_found,1456,0512FE6BE9CCA0ED133152E64010B2FBA141EB10,38F21DEE29E40DCDF9460A80662B7723562CA008,211310CD09EC290505C1F24018AE5330076412A0,9C66AB3B7D9DDA2EA81AAF51BABA6D4331DF9592,2020-08-28 15:38:54.310000,2020-08-28 15:38:56.369000
aqqssznpjzjd365j,failed,not_found,2552,0512FE6BE9CCA0ED133152E64010B2FBA141EB10,FB691D6E3FEE35C6979EE72AF03A53DD861B4CBB,3FE1AA163445DC0E0677B5227F507907C4872A30,9E41448CE0DDE186CE05D2DED5F34428C99A8D70,2020-08-28 15:38:56.370000,2020-08-28 15:39:07.191000
aqqssznpjzjd365j,failed,not_found,3802,0512FE6BE9CCA0ED133152E64010B2FBA141EB10,8A00CE9638BDB4686B91F1F0B229DB3F8C9B8415,450AB46ADFD541B3905A5C6140BC53EB8C68C9A5,9C900A7F6F5DD034CFFD192DAEC9CCAA813DB022,2020-08-28 15:39:07.191000,2020-08-28 15:39:24.151000
aqqssznpjzjd365j,,,,,,,9CA4AB2B042C173AC56479C69F5F436E9F1E0F94,2020-08-28 15:39:24.152000,
pbkk6ttatox7skvx,failed,not_found,1598,0512FE6BE9CCA0ED133152E64010B2FBA141EB10,296DD68C9017BF7FC7CEC9ACB43A6FAA942408FF,0B555940D37DC849728841C0B290074E1A1BDCA8,6E9642DDB353D044931029C036D1CAD832F3DFD7,2020-08-28 15:38:54.311000,2020-08-28 15:38:58.008000
pbkk6ttatox7skvx,failed,not_found,2182,0512FE6BE9CCA0ED133152E64010B2FBA141EB10,D002C061F56CB6FE6FF7A27747EC2A7369ABBA9A,506763994792208999529D03C016774C814386A8,D43EF31799FDCE5A235D1E76F4324C00F6804B05,2020-08-28 15:38:58.009000,2020-08-28 15:39:03.205000
pbkk6ttatox7skvx,failed,not_found,2971,0512FE6BE9CCA0ED133152E64010B2FBA141EB10,F740DDDB1A6B536B5CC47111BFE4E2F7CF9B4C28,43C83536DACCD110FF11E049A890064F6F87BEB2,6E94866ED8CA098BACDFD36D4E8E2B459B8A734E,2020-08-28 15:39:03.206000,2020-08-28 15:39:10.614000
pbkk6ttatox7skvx,,,,,,,D48DC22A810BF47E66C678A63AA54715DD3E9879,2020-08-28 15:39:10.615000,
7ipc26nr4o5wlkvx,failed,not_found,2350,0512FE6BE9CCA0ED133152E64010B2FBA141EB10,C22BA9ED6DEE071D2B37B9718DCCFB6A53EAD5E6,B01B34325F53E344AC2D5D1EB78AA1AC73FC8683,AECF23413E12738380C7B61E0AF5126D47DF30E3,2020-08-28 15:38:54.312000,2020-08-28 15:39:04.374000
7ipc26nr4o5wlkvx,failed,not_found,3020,0512FE6BE9CCA0ED133152E64010B2FBA141EB10,03910F285A33F365838EC66EF2C2EF754D046760,F0F5074A6DADD3DC22E1FAA18FD6D89CBC52771A,AECF1E78CB116AD7105C88B1F08DBFD783E584B2,2020-08-28 15:39:04.375000,2020-08-28 15:39:15.164000
7ipc26nr4o5wlkvx,,,,,,,AEC8A42DE8F9CB115E2479D78AE1CA4BCCF54F4A,2020-08-28 15:39:15.164000,
nsv44b3gd7zbevuk,failed,not_found,1616,0512FE6BE9CCA0ED133152E64010B2FBA141EB10,4CE6D83FFA8AD24767007E8C972F371F2468F09A,D7EB93B50A4D1EEDBC5354C312428680F3AA9025,5ADA85FC78D694F57ADBDCDF3EA7CC39CA552A85,2020-08-28 15:38:54.377000,2020-08-28 15:38:58.275000
nsv44b3gd7zbevuk,,,,,,,2FA4B3D4608765A35AD4EF61C02DC88973BFFF47,2020-08-28 15:38:58.275000,
vyvep2kxb26gv7bl,failed,not_found,1741,0512FE6BE9CCA0ED133152E64010B2FBA141EB10,E91E77CBD13217F9429309474FA33D98B943E246,7A3E534C033E3836BD5AF223B642853C502AB33A,CB19AC6FFAC13B4C1A143B423884EDEA4381ED2F,2020-08-28 15:38:55.325000,2020-08-28 15:38:58.420000
vyvep2kxb26gv7bl,failed,not_found,2319,0512FE6BE9CCA0ED133152E64010B2FBA141EB10,8F99DCF27BC33D235D20B945AF647AA3DBFCEC59,7600899E54FA28AABB1764548ED28CDEC96673B1,CB040846C647F338EE1950C6CC03267102088C50,2020-08-28 15:38:58.420000,2020-08-28 15:39:03.781000
vyvep2kxb26gv7bl,failed,not_found,3223,0512FE6BE9CCA0ED133152E64010B2FBA141EB10,63B32F7E5389E8DBC5E1BCEFE48312DA7CCEF5D6,2AA5F598F9A1812F01CD99E3B59BB87362ED7438,049C1168996B33B2240DF6D83C35B85452CF70A6,2020-08-28 15:39:03.781000,2020-08-28 15:39:13.349000
vyvep2kxb26gv7bl,,,,,,,0485027A0A349D454D978F6C1CECDD29EA17769A,2020-08-28 15:39:13.350000,
m5ibkyfh7p3ai33e,failed,not_found,1750,0512FE6BE9CCA0ED133152E64010B2FBA141EB10,AEF0EADA8C92A4DF1500FAE303ECD8E1EBD56670,EEDC92C8E4F14EFB6200FB4C92D4F957B98652B4,B34836F2027C14E4040478768986BFEA827B4628,2020-08-28 15:38:55.405000,2020-08-28 15:38:58.420000
m5ibkyfh7p3ai33e,failed,not_found,2308,0512FE6BE9CCA0ED133152E64010B2FBA141EB10,2BA2C8E96B2590E1072AECE2BDB5C48921BF8510,E9A90B9FF0574410695BA5F5C8354368221A7114,B34A34E1B206DBB9B6213FF70644B9306C9E7A12,2020-08-28 15:38:58.420000,2020-08-28 15:39:04.069000
m5ibkyfh7p3ai33e,failed,not_found,3272,0512FE6BE9CCA0ED133152E64010B2FBA141EB10,B0537CD220A60ECF8045439658A53254C0D63DCB,F641F043D50CEFA07EE41EB284466458788808ED,0E5522CB4F79E36C0BB263BABC861CFC686929AE,2020-08-28 15:39:04.070000,2020-08-28 15:39:13.747000
m5ibkyfh7p3ai33e,,,,,,,B340E3BA587E36462D8DE44DAE0F7CAB6748F064,2020-08-28 15:39:13.748000,
jesudisagwooj2qg,failed,not_found,1759,0512FE6BE9CCA0ED133152E64010B2FBA141EB10,BFA905EA10DFD54A38A0C119FAE00182DE4C173B,8C9DF7FE2C6C8E253048D07EB1F3986841CF2407,4076A35D83DFF84E75639378FDF68FEF3302D8EB,2020-08-28 15:38:55.406000,2020-08-28 15:38:58.771000
jesudisagwooj2qg,failed,not_found,2412,0512FE6BE9CCA0ED133152E64010B2FBA141EB10,0C3D5E19E3C75B505C8ACD26F89DCA2DF970553E,4CE6D83FFA8AD24767007E8C972F371F2468F09A,B3C6B4D26A20151F568D39ACFA63E15DBC01CD5D,2020-08-28 15:38:58.771000,2020-08-28 15:39:05.079000
jesudisagwooj2qg,failed,not_found,3414,0512FE6BE9CCA0ED133152E64010B2FBA141EB10,FD127D1014ED3D36AFE50558A88BD5E8DB34A645,C1335B1DB938644FCD54EE744D91354F94EDD1BC,B3D56C1E0AD84BA93AF6DC533A8569C3D0E8A58B,2020-08-28 15:39:05.080000,2020-08-28 15:39:17.237000
jesudisagwooj2qg,,,,,,,4071417389E4D1CE127F155CF8BE7E85088E37D0,2020-08-28 15:39:17.238000,
shhmxk5mxgirj7zb,failed,not_found,2265,0512FE6BE9CCA0ED133152E64010B2FBA141EB10,49877399DD0E82FE123148361038823368F77193,C5A1D5B7CB0D12A7B7334F2915134E6DA8F5C46D,478B0E18930CA4117369679AF329FC49D9110966,2020-08-28 15:38:55.407000,2020-08-28 15:38:58.872000
shhmxk5mxgirj7zb,failed,not_found,2695,0512FE6BE9CCA0ED133152E64010B2FBA141EB10,23AD6B165137D957C09AA0F7A3EE7B05CEC4A8F2,25BDF0D38172072C5D2EA39CE6BFFB6C7E378404,DFA40306BEA6EAF28CEF4AFED473A2877A90F9B5,2020-08-28 15:38:58.872000,2020-08-28 15:39:07.615000
shhmxk5mxgirj7zb,failed,not_found,3865,0512FE6BE9CCA0ED133152E64010B2FBA141EB10,62A60158A2C302E3DA792D7A4F5339F41321E5D9,E81993EA52B73285CFFD02FEC003569D21483001,DFAA86AD46BEA875D5018CC1CECD77C9F979FB0E,2020-08-28 15:39:07.615000,2020-08-28 15:39:26.903000
shhmxk5mxgirj7zb,,,,,,,4790BABE24FA29BC4022888C8EB09696C7F7AFD4,2020-08-28 15:39:26.904000,
bxiar2vqhhqso6cf,failed,not_found,1768,0512FE6BE9CCA0ED133152E64010B2FBA141EB10,E75F2ACA1A18291AFE52E6BE0BAC1F805ABC1439,1733D57AA16D2E9E5A448DA607FCA5FA989E4F4D,478B0E18930CA4117369679AF329FC49D9110966,2020-08-28 15:38:55.469000,2020-08-28 15:39:03.113000
bxiar2vqhhqso6cf,failed,not_found,3091,0512FE6BE9CCA0ED133152E64010B2FBA141EB10,46A91ECF7C4F36F830E015EF484BE3B5A53B74DD,C1B79C4CD9B713BBB6B0522155B46A7BFE3BFAAE,4780749994B23557F74586BA128B4DC01A546676,2020-08-28 15:39:03.114000,2020-08-28 15:39:13.048000
bxiar2vqhhqso6cf,,,,,,,EFE48A6A2A02B68D1767C13B9646FA62EA8310B2,2020-08-28 15:39:13.049000,
gqusogdvpplubet6,failed,not_found,2366,0512FE6BE9CCA0ED133152E64010B2FBA141EB10,6E4B0D429CD87AB6C25D72E298294C583FF8BA4A,66BD39FE805AED414ADE400CAAD862C9CC3AC34E,AEC8A42DE8F9CB115E2479D78AE1CA4BCCF54F4A,2020-08-28 15:38:56.443000,2020-08-28 15:39:04.098000
gqusogdvpplubet6,failed,not_found,3331,0512FE6BE9CCA0ED133152E64010B2FBA141EB10,3F65766ADE067D9D08920E3B74DAB9040EDD26B2,3C9DFAB14D02F792B81782C2BB5B3C43E38E6254,AECF1E78CB116AD7105C88B1F08DBFD783E584B2,2020-08-28 15:39:04.099000,2020-08-28 15:39:11.943000
gqusogdvpplubet6,,,,,,,AECF23413E12738380C7B61E0AF5126D47DF30E3,2020-08-28 15:39:11.944000,
zlbeddsirz7ss2eu,,,,,,,24A17A4C1FA8C2108ACDE3BE681B0731384BF3A5,2020-08-28 15:38:56.444000,
kenmiks4jtuvp3hc,failed,not_found,1935,0512FE6BE9CCA0ED133152E64010B2FBA141EB10,CDD296D8C38EAA6A94242FCF03293E0D6EC4A0D0,8C5B316ED73018484765C3E0944E4508DCAE0944,3910C5CA0CC5AFE22C709DF471A2B5B6B4AEDC98,2020-08-28 15:38:56.444000,2020-08-28 15:39:00.259000
kenmiks4jtuvp3hc,failed,not_found,2630,0512FE6BE9CCA0ED133152E64010B2FBA141EB10,767E444E1FA1DA75F3B77479DB5AE2FA3FFF75CC,6D4D5193A0E290C027FE6B66731133F70946A155,394629DFE5305F4207B4BB080782C13304B9F545,2020-08-28 15:39:00.259000,2020-08-28 15:39:07.107000
kenmiks4jtuvp3hc,failed,not_found,3790,0512FE6BE9CCA0ED133152E64010B2FBA141EB10,B74DABBE248B935CDC1038CD5C9280878C8C94E7,9B2BC7EFD661072AFADC533BE8DCF1C19D8C2DCC,39379E4177FFFB0ED90C2013D97668BD284A1798,2020-08-28 15:39:07.108000,2020-08-28 15:39:23.936000
kenmiks4jtuvp3hc,,,,,,,529D9C84E0D6A6141D409C1B02DB81B2B8E8E973,2020-08-28 15:39:23.936000,
zus3l3lwdtxo4tlx,failed,not_found,1955,0512FE6BE9CCA0ED133152E64010B2FBA141EB10,AAA03044B42AD37D5C5592D6604A6D1B72F4B3BE,DD823AFB415380A802DCAEB9461AE637604107FB,D2C076A898337AA2FD3B8AB00A190312F3405F1C,2020-08-28 15:38:56.521000,2020-08-28 15:39:00.180000
zus3l3lwdtxo4tlx,failed,not_found,2556,0512FE6BE9CCA0ED133152E64010B2FBA141EB10,9BA1289CDCFD907B8D40A8AB12F36BE620DD4085,53134D9637D9FBE565FA1E3AF82B23CC964C56D6,D2A609578BBE69A4CD7C1DEC104B3CD704023534,2020-08-28 15:39:00.181000,2020-08-28 15:39:06.109000
zus3l3lwdtxo4tlx,failed,not_found,3487,0512FE6BE9CCA0ED133152E64010B2FBA141EB10,BA38C5688E103AE11F50D7188C8E5FDB4B0E5553,6DE7E3CC79ED6AA0F3F5E61D4D12D3EE018C18F8,D2AAF933A392EF9A6BA33A9C3327C9E7322E6440,2020-08-28 15:39:06.110000,2020-08-28 15:39:17.903000
zus3l3lwdtxo4tlx,,,,,,,7C0AA4E3B73E407E9F5FEB1912F8BE26D8AA124D,2020-08-28 15:39:17.904000,
2wdmwimw3lu44buq,failed,not_found,1965,0512FE6BE9CCA0ED133152E64010B2FBA141EB10,994FB6A842C0CEE1F1C4CBA9A7604C5FF6014CFC,C7F47D16D262CFE1BFF707E8798B3CA014552423,74A55E12F6A9FD17165A356C00407F4D206E8368,2020-08-28 15:38:56.521000,2020-08-28 15:39:00.912000
2wdmwimw3lu44buq,failed,not_found,2862,0512FE6BE9CCA0ED133152E64010B2FBA141EB10,63B32F7E5389E8DBC5E1BCEFE48312DA7CCEF5D6,CA4E9DFE87DE87E502F3B503D07EC8EFCAEE2549,749EF4A434DFD00DAB31E93DE86233FB916D31E3,2020-08-28 15:39:00.912000,2020-08-28 15:39:10.029000
2wdmwimw3lu44buq,failed,not_found,4130,0512FE6BE9CCA0ED133152E64010B2FBA141EB10,8B64F593CAC2ED05C0FA703AEF50FF71925B569C,4E98AA295B7171996D18DD1F6A19F64AB4036B4A,74A19D86DDF63F1133B414B81F36E1F44640811F,2020-08-28 15:39:10.029000,2020-08-28 15:39:32.275000
2wdmwimw3lu44buq,,,,,,,3C9DFAB14D02F792B81782C2BB5B3C43E38E6254,2020-08-28 15:39:32.275000,
pvrp2qsjnu7jlnvm,failed,not_found,2352,0512FE6BE9CCA0ED133152E64010B2FBA141EB10,891FB8477529A6B2894B7A3129402E0FD5DD281F,6ED3BE22B2261258017B3F0584706265985D7AE9,E7D905C35C9663AB4D2D69E7DAAB76C57E03CBF3,2020-08-28 15:38:57.415000,2020-08-28 15:39:04.405000
pvrp2qsjnu7jlnvm,failed,not_found,3839,0512FE6BE9CCA0ED133152E64010B2FBA141EB10,73791109F595BA4A78167F6350EEC0057F7A50D9,D8A2D0080B0C73E1DC0EC9F33B497F64E5FB3F52,E7C1FAFB7525149A0E911512F511D942BA5EEAAF,2020-08-28 15:39:04.405000,2020-08-28 15:39:26.556000
pvrp2qsjnu7jlnvm,,,,,,,E7EF73B4722CFAF0E8AA2151D3AA78701DE5F19B,2020-08-28 15:39:26.556000,
oeiqdqdj5s6m5g7i,failed,not_found,2678,0512FE6BE9CCA0ED133152E64010B2FBA141EB10,58245CD810DE4B7BFB419E2B694E9844B77B1FF7,0F6E56C326DC9719942E8BBA58C22F71332DA891,51800AF38B30ED1454DD74CB412BADCED5F60593,2020-08-28 15:38:57.416000,2020-08-28 15:39:07.579000
oeiqdqdj5s6m5g7i,failed,not_found,3804,0512FE6BE9CCA0ED133152E64010B2FBA141EB10,CD9BFE309010778D64ED5E55D5EEAA92B2020DE8,9288B75B5FF8861EFF32A6BE8825CC38A4F9F8C2,EEA500A216DAA83E7815F2C46786652935FD7351,2020-08-28 15:39:07.580000,2020-08-28 15:39:23.628000
oeiqdqdj5s6m5g7i,,,,,,,EEB8F7554A54A96B51245AB47EB7B7DD99A98493,2020-08-28 15:39:23.628000,
t36u2z5vhsif6vrc,failed,not_found,2341,0512FE6BE9CCA0ED133152E64010B2FBA141EB10,93C1E14CD600CF51B117DE736741E7400A069AFC,D60C2D85EAD93D23F1C00874D334BBF8A96CD529,8C4ECFC848AF887DA98641FD649087D865161195,2020-08-28 15:38:57.502000,2020-08-28 15:39:03.780000
t36u2z5vhsif6vrc,failed,not_found,3950,0512FE6BE9CCA0ED133152E64010B2FBA141EB10,FD709DBF3AF5DDE2812BCE5A5CA2FBB733DEF520,C2C2B839F4CFFA5F7B7A40CB0BE84F7D948CB510,8C3AD2C2AAF7F7B7E92B81F13C1A9267B39416DA,2020-08-28 15:39:03.781000,2020-08-28 15:39:13.840000
t36u2z5vhsif6vrc,,,,,,,8C35B15C1F138BDE4D50A975129E4773B44A503D,2020-08-28 15:39:13.841000,
6tpn7svvcuuhw2dp,failed,not_found,2353,0512FE6BE9CCA0ED133152E64010B2FBA141EB10,AE4FAE2EB5DC5D078458F0FCBF2B37F5D73F0868,AE9B4F3B133CF4FC75BD0685F047EA4253C49B09,7ED3D8AFAC750F8CC0BDF8C87FE3BCBA2BBE2209,2020-08-28 15:38:57.506000,2020-08-28 15:39:04.464000
6tpn7svvcuuhw2dp,failed,not_found,3402,0512FE6BE9CCA0ED133152E64010B2FBA141EB10,C63F4EC7437193BD6070D5CBD0EABBB610DD02AA,72A33E374DE5AD1E617394896F0FD8B092D3E7C4,987D0706D42070F1E2142A9FCCB56B3887808D34,2020-08-28 15:39:04.465000,2020-08-28 15:39:17.343000
6tpn7svvcuuhw2dp,,,,,,,7ECF294C43DB959BDC0E7EFC913C3AC231DE7442,2020-08-28 15:39:17.343000,
wudr6sk24ijrbnyg,failed,not_found,2354,0512FE6BE9CCA0ED133152E64010B2FBA141EB10,86CDD0D92AB972538416A382D99666736CDDF141,12B3C5C30C92E649B9CE0D313071D9429A8710A2,F7B024DB02C601185C202E26DFFD2AD525C16A36,2020-08-28 15:38:57.520000,2020-08-28 15:39:04.318000
wudr6sk24ijrbnyg,failed,not_found,3307,0512FE6BE9CCA0ED133152E64010B2FBA141EB10,77A56CB237740E24AEA2D61C8C8936232AFC1BD8,6D93503E150496BB32A4912F904C4E2DB205278D,CF8CC4763298F77FF64DAF340D26D1BBF3362C5B,2020-08-28 15:39:04.318000,2020-08-28 15:39:15.112000
wudr6sk24ijrbnyg,,,,,,,F7C32D7982E63424C20373E6B41B3C1881B894D8,2020-08-28 15:39:15.113000,
5l4oft5qaw2ln2jy,,,,,,,530756463FC7C1C012C47C87347397CAEFE3F9CB,2020-08-28 15:38:58.365000,
yknvmohzk53uhbkw,failed,not_found,2245,0512FE6BE9CCA0ED133152E64010B2FBA141EB10,31D270A38505D4BFBBCABF717E9FB4BCA6DDF2FF,8111FEB45EF2950EB8F84BFD8FF070AB07AEE9DD,7614EF326635DA810638E2F5D449D10AE2BB7158,2020-08-28 15:38:58.402000,2020-08-28 15:39:03.040000
yknvmohzk53uhbkw,failed,not_found,3836,0512FE6BE9CCA0ED133152E64010B2FBA141EB10,9413E5D74EFDCA7C36FCA9664B98C48C93FE33C7,FC1E441E097BA36930AA2F615EFB325AF76D2595,762A03C056C10D8EDEEF52AC2949800EEC65E6C8,2020-08-28 15:39:03.041000,2020-08-28 15:39:25.460000
yknvmohzk53uhbkw,,,,,,,761A60D0364D9AA03114F72550483287ED060B2D,2020-08-28 15:39:25.460000,
q63mb323354ikrqx,failed,not_found,2256,0512FE6BE9CCA0ED133152E64010B2FBA141EB10,4E98AA295B7171996D18DD1F6A19F64AB4036B4A,DB639EC18FD29A9BA765F38E089A36CAC44E5FCD,F237DAC181708BEEFF180632CD7AB42ECA0ACF91,2020-08-28 15:38:58.403000,2020-08-28 15:39:03.953000
q63mb323354ikrqx,failed,not_found,3838,0512FE6BE9CCA0ED133152E64010B2FBA141EB10,D1F2C5C820B3F96BE6144CBFB84FDDF9D0EC0810,7158836DCC91AAA4FAA293FFF0F645DCD0D4EFF9,F26168CE0373C48D7E35BBEE7FEF0D2BA5B577A1,2020-08-28 15:39:03.954000,2020-08-28 15:39:26.233000
q63mb323354ikrqx,,,,,,,1228111A6D4AFC619ED3A70079A3A0B678476A43,2020-08-28 15:39:26.234000,
nlbhgs653lf4afsl,failed,not_found,2277,0512FE6BE9CCA0ED133152E64010B2FBA141EB10,9BA1289CDCFD907B8D40A8AB12F36BE620DD4085,61FA7E7C766577D76EBABF19330993DEFA8AF3C3,18BB2DB12A0BCC19EA8E4F4D835A2B31F9966A1C,2020-08-28 15:38:58.403000,2020-08-28 15:39:03.929000
nlbhgs653lf4afsl,failed,not_found,3247,0512FE6BE9CCA0ED133152E64010B2FBA141EB10,C2938CA380E12D3C71F3814396F12D495A97C5D8,C7FF606D59C7F6BECA8A341D3CF11B423F382D5D,18B160CD5E22BFC345AEE7BA84B7EA45BF457FCA,2020-08-28 15:39:03.930000,2020-08-28 15:39:13.663000
nlbhgs653lf4afsl,,,,,,,77C7500CC573643E4B3E7F602D0137F8C89CE0B8,2020-08-28 15:39:13.663000,
a47ckmsq5qseleaj,failed,not_found,3829,0512FE6BE9CCA0ED133152E64010B2FBA141EB10,FD5ECDE6BE8CA947E7C7E3257A51CF1F27F90B75,A4F11D693FAB6E949B2B7C18153C3F7989896007,089318D2FA3DA0306BF2C19F15ACC24FE2E926D1,2020-08-28 15:38:58.419000,2020-08-28 15:39:25.034000
a47ckmsq5qseleaj,,,,,,,3A7528436E0DD9675FB12750F3EDE23CF74F4ACB,2020-08-28 15:39:25.034000,
obxpniansrdxsleg,failed,not_found,2682,0512FE6BE9CCA0ED133152E64010B2FBA141EB10,E6C04728E9339DF22F331B7017D4A7AA3F252F0B,504F23DC734459DBBA58B2F11A4799EB945188A3,A9A4213EA3D707857368C683F2208C83B8755D8A,2020-08-28 15:38:59.617000,2020-08-28 15:39:07.482000
obxpniansrdxsleg,failed,not_found,3777,0512FE6BE9CCA0ED133152E64010B2FBA141EB10,52AB8767E130C3519920C77072E72F347979AAE9,CA4DF2B63A43080C57CF9A561D4A155F97EC5A4F,A98ADD972045D3CCAEE65C788C3F175BAEA3E324,2020-08-28 15:39:07.482000,2020-08-28 15:39:23.357000
obxpniansrdxsleg,,,,,,,0C475BA4D3AA3C289B716F95954CAD616E50C4E5,2020-08-28 15:39:23.357000,
pqtkdc5y3366idsy,failed,not_found,3831,0512FE6BE9CCA0ED133152E64010B2FBA141EB10,ECB0A13C33B9C0BB101104E08738C19048222393,071ACB713A9558A4B5750520B0A738C66033E0B1,BF6F8415A57259BFB7C878C4956C689FB7ECB24A,2020-08-28 15:38:59.690000,2020-08-28 15:39:25.248000
pqtkdc5y3366idsy,,,,,,,BF5C0C5D3A1C6654FEBA5FF66B00734DF073DB50,2020-08-28 15:39:25.249000,
inulxvdtr6ljirkp,failed,not_found,2683,0512FE6BE9CCA0ED133152E64010B2FBA141EB10,CDA2C336AD87E22DF02983887A3F74B21070D02D,46E0487EEEFD694CE625CC6E12D032395C01DB82,059208418A85DAEA537027F54AF9DB8A01AFF381,2020-08-28 15:38:59.691000,2020-08-28 15:39:07.546000
inulxvdtr6ljirkp,,,,,,,BDC1174C794B556C47B7CCE61FFE65FB16727B6C,2020-08-28 15:39:07.547000,
b4tvxp4yds35c4jo,failed,not_found,2530,0512FE6BE9CCA0ED133152E64010B2FBA141EB10,3E04505D362AA324E6E4E1C8516CCD9EF4D41B9C,FC1E441E097BA36930AA2F615EFB325AF76D2595,E64625ED5B01A1F0E97BCF0B5D431A432A24F408,2020-08-28 15:38:59.777000,2020-08-28 15:39:06.281000
b4tvxp4yds35c4jo,failed,not_found,3499,0512FE6BE9CCA0ED133152E64010B2FBA141EB10,0EB07340EF2D1608FC16F6268E1DA0C532EB3D11,B9324F1BEDB1DF62AEE219B0CC41507CE710BA3C,E65BA17239C454A82082B0B4F3DDD8D83E4FD893,2020-08-28 15:39:06.281000,2020-08-28 15:39:17.625000
b4tvxp4yds35c4jo,,,,,,,E663E4851EC31BE460BC2DA3164E9BE114E73F3A,2020-08-28 15:39:17.625000,
5yefesq5jf7xdktl,failed,not_found,2543,0512FE6BE9CCA0ED133152E64010B2FBA141EB10,F43188DAE9A3F22C643CD7B8B3C8FEDB93AA8E12,BA39D0333CF0F2026F58D8A493168F92A016CAA1,BB60F5BA113A0B8B44B7B37DE3567FE561E92F78,2020-08-28 15:38:59.777000,2020-08-28 15:39:07.681000
5yefesq5jf7xdktl,failed,not_found,3889,0512FE6BE9CCA0ED133152E64010B2FBA141EB10,30C0B4DE58CFBB350485B326A0D67352E0138CCF,B576A394DFC12B7E900D643C900484765D58C30F,BB7B02C3ED7D575A9EEA44A10A65B4AA289C104A,2020-08-28 15:39:07.681000,2020-08-28 15:39:27.134000
5yefesq5jf7xdktl,,,,,,,BB5630967607D8A8B6CA854AF954FE8372D1662A,2020-08-28 15:39:27.135000,
4dzmcbt4jxm5bjxs,failed,not_found,2606,0512FE6BE9CCA0ED133152E64010B2FBA141EB10,B143D439B72D239A419F8DCE07B8A8EB1B486FA7,C0DAAAE5EE461BBE13945FE4B52F32ABDC6BC376,8DC832ABDC9C97B8B71F74AB041D3CB3FA9578AA,2020-08-28 15:39:00.241000,2020-08-28 15:39:07.354000
4dzmcbt4jxm5bjxs,failed,not_found,3680,0512FE6BE9CCA0ED133152E64010B2FBA141EB10,CACD9D63B759B35555D8C965A3E01071E9DFB44C,945FC4C24461379C93C5119C0DCDD735DDD943A3,023EBBC57BEB7F45473B3DC2AA811FB3AABA4466,2020-08-28 15:39:07.354000,2020-08-28 15:39:20.559000
4dzmcbt4jxm5bjxs,,,,,,,8DCB526722FBE2B3F4C0CE9D020B0589170F8BDA,2020-08-28 15:39:20.559000,
4bdxrxapwuc2ecm7,failed,not_found,2618,0512FE6BE9CCA0ED133152E64010B2FBA141EB10,B22C4BF9747DBBC843F1BBBA272FDB7B6045EB01,AECF1E78CB116AD7105C88B1F08DBFD783E584B2,5D5498F76347A2451839667C0913BDDFF302C8F2,2020-08-28 15:39:00.259000,2020-08-28 15:39:07.386000
4bdxrxapwuc2ecm7,failed,not_found,3729,0512FE6BE9CCA0ED133152E64010B2FBA141EB10,A0BD104E35D36F5630B01EB5370597EB09204C99,B940AAC942E9929E673C3533F510C5261B50790C,5D69A77423FE3D2A3CF09A015CED9F0A7B9E38D1,2020-08-28 15:39:07.387000,2020-08-28 15:39:21.308000
4bdxrxapwuc2ecm7,,,,,,,5D544F4055C6FD2F2F692D519CFA7A627D8D3903,2020-08-28 15:39:21.308000,
e5dsmnv6wo5h4frx,failed,not_found,2742,0512FE6BE9CCA0ED133152E64010B2FBA141EB10,AFF320BA96E4338B61A008D2CA250FFE0E23B09C,6FBD65C22C2996B2038A090BF5E55AA7AEDEE120,C9B16B5D37F531C8C6C0281E4EC4F056E84541D0,2020-08-28 15:39:00.365000,2020-08-28 15:39:08.921000
e5dsmnv6wo5h4frx,failed,not_found,3973,0512FE6BE9CCA0ED133152E64010B2FBA141EB10,C63110BDD8736D2C2A733FF962F58D58FDE63A2D,FB016E16B8CD7A0E53DEEF31ED8754E4F6B8E837,7260949459C2D4D4A5ABC3AC10C1AD6939E6525C,2020-08-28 15:39:08.922000,2020-08-28 15:39:29.432000
e5dsmnv6wo5h4frx,,,,,,,C990165973E3A1F27E76B1A429DE15E00F53812C,2020-08-28 15:39:29.433000,
7hfffa3g45yzk6hn,failed,not_found,2754,0512FE6BE9CCA0ED133152E64010B2FBA141EB10,CE68E04E721157C4FEB99FFAA9037F3B0B7E1CCD,7EC4C310D1FB2A7C0943B810946EA354D64A2165,77375E4B8A1B4838D5A65C0E9638C4856D5137B3,2020-08-28 15:39:00.365000,2020-08-28 15:39:09.346000
7hfffa3g45yzk6hn,failed,not_found,2850,0512FE6BE9CCA0ED133152E64010B2FBA141EB10,1C7D71A2581DE79C5CFC4ED1FF75D5BE30F01BB7,71A05B576836F54050348AA0D63185B12DBA51E3,84ABF6381FD0F96B882764F176B85980EBC31FE1,2020-08-28 15:39:09.347000,2020-08-28 15:39:31.208000
7hfffa3g45yzk6hn,,,,,,,84AFAE19244541A404F763BA0E2F0CAD8A3FACF0,2020-08-28 15:39:31.209000,
gpzwn5ljoz43fedv,failed,not_found,2766,0512FE6BE9CCA0ED133152E64010B2FBA141EB10,BA27D43AC00F014945DC32D036056F13FE1D5243,A0C59410B9030AC1385C4CA44C8DBFE13AF4BC9B,94EC34B871936504BE70671B44760BC99242E1F3,2020-08-28 15:39:00.504000,2020-08-28 15:39:10.070000
gpzwn5ljoz43fedv,failed,not_found,4142,0512FE6BE9CCA0ED133152E64010B2FBA141EB10,0B555940D37DC849728841C0B290074E1A1BDCA8,938C272F40B57B70CBBD79A559588CCBD70F3C3B,94F16DA2BDDBA092954FF8EC29F9234A69949403,2020-08-28 15:39:10.070000,2020-08-28 15:39:33.583000
gpzwn5ljoz43fedv,,,,,,,0B5E5E70FFEA9C7F9FFD13B8E16916A608F3E9EB,2020-08-28 15:39:33.583000,
nbgkh4fl5u6q4l32,failed,not_found,2910,0512FE6BE9CCA0ED133152E64010B2FBA141EB10,B86137AE9681701901C6720E55C16805B46BD8E3,B204DE75B37064EF6A4C6BAF955C5724578D0B32,119E566B3D747658908EA00F336F4E158AE97AAD,2020-08-28 15:39:01.213000,2020-08-28 15:39:10.229000
nbgkh4fl5u6q4l32,failed,not_found,4190,0512FE6BE9CCA0ED133152E64010B2FBA141EB10,B71DE54802E73B86F0798FB2ED2AFB0BB6B1F7C9,96DCD1D17C1F0FA4DED207C148E54C0A55553076,0EB07340EF2D1608FC16F6268E1DA0C532EB3D11,2020-08-28 15:39:10.229000,2020-08-28 15:39:34.225000
nbgkh4fl5u6q4l32,,,,,,,11C3D14A1166AEDED6D247A32DE6451F6C95223A,2020-08-28 15:39:34.225000,
fxb3w6bhwoxnw5cb,failed,not_found,2922,0512FE6BE9CCA0ED133152E64010B2FBA141EB10,887461A33FF2B02B76ED12905FD95BF0D8616638,2BB85DC5BD3C6F0D81A4F2B5882176C6BF7ECF5A,54F0D1BA3FA0A117F54394355D4F8B45DF9A076A,2020-08-28 15:39:01.236000,2020-08-28 15:39:10.450000
fxb3w6bhwoxnw5cb,failed,not_found,4262,0512FE6BE9CCA0ED133152E64010B2FBA141EB10,CBB5AE37E2927A915D70FA71572D2EA203F03E83,C239952D0C8E4EABC3E6B0A8E0B623689174E3C6,54F5D800DD9783FCF2200E80EF3D1A867A3F6D6B,2020-08-28 15:39:10.450000,2020-08-28 15:39:34.930000
fxb3w6bhwoxnw5cb,,,,,,,54FF87E18CF4B351BB078A640A4DC5265969485E,2020-08-28 15:39:34.930000,
urkkrjd4cgu2mthk,failed,not_found,2934,0512FE6BE9CCA0ED133152E64010B2FBA141EB10,4CE6D83FFA8AD24767007E8C972F371F2468F09A,BDEFE9280529DF52007A6660BE658F09488464B8,73A5A81688BD536BFBABE18630F5BD6306C9AC8E,2020-08-28 15:39:01.260000,2020-08-28 15:39:10.154000
urkkrjd4cgu2mthk,failed,not_found,4177,0512FE6BE9CCA0ED133152E64010B2FBA141EB10,2E74F4A6EB5ED3C0182A54900E3A671C5C8DB2D8,92E807AC5E23CCD9FE623EA4DC020B1627A0D09B,DF81D831D4FF686F52C9ACAA9EB5711F95BF4DD4,2020-08-28 15:39:10.154000,2020-08-28 15:39:34.029000
urkkrjd4cgu2mthk,,,,,,,73B1D3EDF0BD6BA63820CEFC4FD7D9FEFAD513D7,2020-08-28 15:39:34.030000,
b47wuak47kbsrllf,failed,not_found,2814,0512FE6BE9CCA0ED133152E64010B2FBA141EB10,99339F3E68BCCC1391BF14C821D80766FE0C5956,BAE58EF7F58C11DAFD81C9EDD10EB74150AF3CFE,EE9D3B42647A151A482C7C1D40AAF00D06F0804D,2020-08-28 15:39:01.261000,2020-08-28 15:39:11.046000
b47wuak47kbsrllf,,,,,,,EEA500A216DAA83E7815F2C46786652935FD7351,2020-08-28 15:39:11.047000,
g65tbtchxfpa26os,failed,not_found,2958,0512FE6BE9CCA0ED133152E64010B2FBA141EB10,0FADA801B150261109DD1F492BB10CE39C83A782,61FA7E7C766577D76EBABF19330993DEFA8AF3C3,5368AB8D9033A357729D3578617A6493AB5DA3A8,2020-08-28 15:39:01.262000,2020-08-28 15:39:10.656000
g65tbtchxfpa26os,,,,,,,B135DDBA0C309640D8311575A334157EA28E3FAF,2020-08-28 15:39:10.656000,
u7awlpmxkzuis7j7,failed,not_found,3007,0512FE6BE9CCA0ED133152E64010B2FBA141EB10,BD2A34ADE4E603A272FAAD23AEF389801BB223BB,A1B2E32E426F700D37DFF14228E1B957A22CF0A4,99AC77667D8D606251B749DFDA473B2C781F78D0,2020-08-28 15:39:02.700000,2020-08-28 15:39:10.742000
u7awlpmxkzuis7j7,failed,not_found,4178,0512FE6BE9CCA0ED133152E64010B2FBA141EB10,F08A525ACA965CF6A55F0587BF4B7373D98B954E,24AF1603CDF4D118E1F7AEBF680C18BDA5E8F793,609E598FB6A00BCF7872906B602B705B64541C50,2020-08-28 15:39:10.742000,2020-08-28 15:39:33.760000
u7awlpmxkzuis7j7,,,,,,,60769652C04712912E6E21CED1F08DC797789A75,2020-08-28 15:39:33.761000,
ykh5v6mg6vpeob4n,failed,not_found,3835,0512FE6BE9CCA0ED133152E64010B2FBA141EB10,1388AB40396F57ED95BB6036E6504CE8E0F622B8,9C900A7F6F5DD034CFFD192DAEC9CCAA813DB022,F47B13BFCE4EF48CDEF6C4D7C7A99208EBB972B5,2020-08-28 15:39:02.825000,2020-08-28 15:39:24.152000
ykh5v6mg6vpeob4n,,,,,,,EC469289B6E8B0AAD8A60785551028EC4BB36237,2020-08-28 15:39:24.153000,
4e6triodnmtimhv2,failed,not_found,3415,0512FE6BE9CCA0ED133152E64010B2FBA141EB10,CEC0E348E90D60EBC562F338499E1C74298F9DDA,42D47C736518BFA495CA31AEE40AE468F0BDA2A6,6117337636B8CB979F09B67530477DFFCA61BF88,2020-08-28 15:39:02.830000,2020-08-28 15:39:12.273000
4e6triodnmtimhv2,,,,,,,6118DDB580EEDD6FE5F8D3CC0DF1EE17D8A2A4C6,2020-08-28 15:39:12.273000,
mxs6djj5ix3gzehe,failed,not_found,2838,0512FE6BE9CCA0ED133152E64010B2FBA141EB10,1841CB960128806151B61FC6D87AFBE9A98B99D7,174D93DF6242BD4ABE2C09E6607892C3A3905675,FC627D21D5AFB33C146F77474ACC33CF119A60FB,2020-08-28 15:39:02.940000,2020-08-28 15:39:10.696000
mxs6djj5ix3gzehe,,,,,,,FC4D03403ECD90463198B9F2F81E0B37ED7AFE1D,2020-08-28 15:39:10.697000,
76regcmfopfaij5w,failed,not_found,3055,0512FE6BE9CCA0ED133152E64010B2FBA141EB10,ACBF3D504CFF3D74D1991AFDF6AC070606232B10,7600899E54FA28AABB1764548ED28CDEC96673B1,B2741D35F0FDACE03350DBECD8BE8A84FEFB33DC,2020-08-28 15:39:02.941000,2020-08-28 15:39:12.681000
76regcmfopfaij5w,,,,,,,B27115A20B05D40730A4020145EFA63381D9D51B,2020-08-28 15:39:12.682000,
ajik7v3t6mee545t,failed,not_found,3138,0512FE6BE9CCA0ED133152E64010B2FBA141EB10,05B451C0562FDE23307AFA84FD6A37652E615233,D1B1A550FEE3A05E71CA9080D14CCA3B746C0C17,25526E61B8BC22B662E3D4A50504021CC3D9873D,2020-08-28 15:39:03.481000,2020-08-28 15:39:13.350000
ajik7v3t6mee545t,,,,,,,254FF480BF5642929460532FF59BCE15DF1070EB,2020-08-28 15:39:13.350000,
spniowsxtxtjruqv,failed,not_found,3150,0512FE6BE9CCA0ED133152E64010B2FBA141EB10,065E6B20BF87AE6F0E27063BB8AE002ECC3736E9,DA96AC308288FBFD4641F25F1FA44DDD62FFE42B,ECD596275BBD4B19157001E84C5726DB44783DA5,2020-08-28 15:39:03.700000,2020-08-28 15:39:16.170000
spniowsxtxtjruqv,,,,,,,926955277C7BDB6CD1E1561A91847CBCD5B079E5,2020-08-28 15:39:16.170000,
dfdlhyr2e2k34epc,failed,not_found,3163,0512FE6BE9CCA0ED133152E64010B2FBA141EB10,9AB93B5422149E5DFF4BE6A3814E2F6D9648DB6A,C0F3C0EF81D84182379AA4CA5AD5A5289D011145,3092A9B4B9356F9D84D7521A59DBFC5CB3B5332C,2020-08-28 15:39:03.710000,2020-08-28 15:39:14.085000
dfdlhyr2e2k34epc,,,,,,,3098CC656BB3F519FEBF93AF6E0CBBDE4D84002A,2020-08-28 15:39:14.086000,
lgbgw6vgxvapcbzx,failed,not_found,3175,0512FE6BE9CCA0ED133152E64010B2FBA141EB10,F5B58FEE44573C3BFD7D176D918BA5B4057519D7,836460C721577873AD1FF8AB000112A9360EB3A0,4280688117CB33E2D1A07CD84DDAD3B3FC9685AF,2020-08-28 15:39:03.732000,2020-08-28 15:39:12.413000
lgbgw6vgxvapcbzx,,,,,,,427DEDAA28D39672F3D9B7714170C724634671F3,2020-08-28 15:39:12.414000,
wknmbetjdljsvmef,failed,not_found,3187,0512FE6BE9CCA0ED133152E64010B2FBA141EB10,FF53774EE4F999BC3623172D44BC086290E1FAD5,005079A42356183CEA5A3ADD239303F44F12E7EA,EF9C4611FAA7C21155A8BA2A721DDC3D27816035,2020-08-28 15:39:03.733000,2020-08-28 15:39:13.888000
wknmbetjdljsvmef,,,,,,,EFAE44728264982224445E96214C15F9075DEE1D,2020-08-28 15:39:13.889000,
iuztljvlwhr2565c,failed,not_found,3151,0512FE6BE9CCA0ED133152E64010B2FBA141EB10,F878E3AD594F013195A051CD1072BF33D543A235,02758CD398E3F842EF82478078AAAE0273770DB2,6FDA24CFDD2512EEE2333D586DE3EA3CAB0ADB7F,2020-08-28 15:39:04.351000,2020-08-28 15:39:13.659000
iuztljvlwhr2565c,,,,,,,546E52A979FB0FBBDF1DDF360FB20AA03D22AACE,2020-08-28 15:39:13.660000,
ja4rgssi7ud2dicl,failed,not_found,3343,0512FE6BE9CCA0ED133152E64010B2FBA141EB10,D777D31F95081D0F7223AAD5F8A74977D524145D,FB016E16B8CD7A0E53DEEF31ED8754E4F6B8E837,CB040846C647F338EE1950C6CC03267102088C50,2020-08-28 15:39:04.376000,2020-08-28 15:39:16.959000
ja4rgssi7ud2dicl,,,,,,,CAF57EB30FD17389954C9F2B43026734F80E39C0,2020-08-28 15:39:16.959000,
ej4q6zthvcwy52u4,failed,not_found,3355,0512FE6BE9CCA0ED133152E64010B2FBA141EB10,103336165A0D2EFCAD3605339843A0A7710B8B92,D2F4DAC5918BB082A5CFAC5275B29FAC9B399B2B,54A403A1B015F6E5A641AD121530966BD873136E,2020-08-28 15:39:04.377000,2020-08-28 15:39:15.510000
ej4q6zthvcwy52u4,,,,,,,62CD9D19F8DD8F058131F90EFA99C55DB6F1BDB8,2020-08-28 15:39:15.511000,
qxh3liio4vxd2mjq,failed,not_found,3248,0512FE6BE9CCA0ED133152E64010B2FBA141EB10,924B24AFA7F075D059E8EEB284CC400B33D3D036,92A125B9AB491AFC084E4257B552D0FB56090CB3,7961C9991F022C8A363FD440CA395D47DB5D44D5,2020-08-28 15:39:04.404000,2020-08-28 15:39:13.983000
qxh3liio4vxd2mjq,,,,,,,DE74E8C4F3CF0FBBCB7E761BB3072050D1D4DD88,2020-08-28 15:39:13.984000,
fkmdgxkhp6x7zqu6,failed,not_found,3390,0512FE6BE9CCA0ED133152E64010B2FBA141EB10,DA4B488C2826DFBBD04D635DA1E71A2BA5B20747,4280688117CB33E2D1A07CD84DDAD3B3FC9685AF,180E99C5BA4523D8F448C106191F605D8CB40ADC,2020-08-28 15:39:04.433000,2020-08-28 15:39:16.909000
fkmdgxkhp6x7zqu6,,,,,,,0E5D730466E5BB675BC9704C374DBE7E19F06165,2020-08-28 15:39:16.909000,
5wl4gxje3lng25nf,failed,not_found,3427,0512FE6BE9CCA0ED133152E64010B2FBA141EB10,42D47C736518BFA495CA31AEE40AE468F0BDA2A6,11C3D14A1166AEDED6D247A32DE6451F6C95223A,3EEEB7021D974D38B6D97BEFB55E5E48551A8FEA,2020-08-28 15:39:05.658000,2020-08-28 15:39:16.362000
5wl4gxje3lng25nf,,,,,,,026E53D9AA2FF22217B215B57E4C4B4EF196FCD5,2020-08-28 15:39:16.362000,
atfeep6lplmtp6wg,failed,not_found,3439,0512FE6BE9CCA0ED133152E64010B2FBA141EB10,42D47C736518BFA495CA31AEE40AE468F0BDA2A6,63C6AB74A5C288C2159DDC783BB00F88AB44427C,322C6E3A973BC10FC36DE3037AD27BC89F14723B,2020-08-28 15:39:05.659000,2020-08-28 15:39:17.013000
atfeep6lplmtp6wg,,,,,,,322BB33F4887230B0767F54BA08A450B68D777F2,2020-08-28 15:39:17.013000,
lvznrtpn4za56yzu,failed,not_found,3451,0512FE6BE9CCA0ED133152E64010B2FBA141EB10,74B8B22AF950B0BE11D8A228FB09D2F5279FB757,098B3457ABA31AD65A3AF47F61B623E35B3FAB2D,5AE12CAAA489A0739F56E79CC287526FAB55A6FB,2020-08-28 15:39:05.979000,2020-08-28 15:39:17.016000
lvznrtpn4za56yzu,,,,,,,E3C80B91620F9B4352C403B2D692C09403DA2599,2020-08-28 15:39:17.016000,
gxq7jvjj7tlvvkgh,failed,not_found,3463,0512FE6BE9CCA0ED133152E64010B2FBA141EB10,6B9EA8927AB6E94E216067E65372182343A5AFA2,7F918927F64475DCB7C6588AD819F53F4A6452CD,F7B024DB02C601185C202E26DFFD2AD525C16A36,2020-08-28 15:39:05.979000,2020-08-28 15:39:17.236000
gxq7jvjj7tlvvkgh,,,,,,,DCB5A6BF7EC2D8277459E288115706286C4B9C86,2020-08-28 15:39:17.237000,
ykzlbzcybia2jx5d,failed,not_found,3840,0512FE6BE9CCA0ED133152E64010B2FBA141EB10,CC09DFB016081AD50686DAC96440BB2D6F343251,0CD9E401F1ACE013988F25E4E4B1BEE3FC1DB7E8,CAF57EB30FD17389954C9F2B43026734F80E39C0,2020-08-28 15:39:06.096000,2020-08-28 15:39:25.317000
ykzlbzcybia2jx5d,,,,,,,3B3F451BD58F96DC0E8EB7D01F209FC8803C33DF,2020-08-28 15:39:25.317000,
fafyxeaiqulgg3vo,failed,not_found,3524,0512FE6BE9CCA0ED133152E64010B2FBA141EB10,8D912126FA40BD67EE7D5759BD19459450AEBEA1,D079D6818926684C5979C18171FB18862A4A5792,7C86C73DB17CE20CD26537C9E3EC0FD7A55E5C6D,2020-08-28 15:39:06.584000,2020-08-28 15:39:17.454000
fafyxeaiqulgg3vo,,,,,,,3A4D13F52A4C9A13AD60D94615D4C0B2F5F69E3C,2020-08-28 15:39:17.454000,
vietz6ff2f7gyj3h,failed,not_found,3536,0512FE6BE9CCA0ED133152E64010B2FBA141EB10,529CA3EB08AD6EC1791B5110AA3540A4CFA1197F,138ED47EE2156E6492FDE0B61338D973C9717F32,C59E079437340E3AD14E6785C0A91A5B6F328566,2020-08-28 15:39:06.585000,2020-08-28 15:39:18.726000
vietz6ff2f7gyj3h,,,,,,,4FCF975D71A8663E8066BD1431D8E9459DBE2EAB,2020-08-28 15:39:18.727000,
vj73rpefixofuw2z,,,,,,,838749E0065B79086D12B5C1D7869B99EEFE1DB0,2020-08-28 15:39:06.762000,
bamtwsfzeqqqi5gm,failed,not_found,3572,0512FE6BE9CCA0ED133152E64010B2FBA141EB10,76C0C613B63D83E84EC870A7F49FD5E0CBB9C8E0,A0F39D32028CEC7F35419E9570401DE15B1B4564,AB10D5040BCBBA912FA448B8CF2A653DC8ACDC2C,2020-08-28 15:39:06.763000,2020-08-28 15:39:18.959000
bamtwsfzeqqqi5gm,,,,,,,9E836A0C79C4FFDC2DC364916FD290177FF7F185,2020-08-28 15:39:18.959000,
cyq3akmczqdsngu6,failed,not_found,3595,0512FE6BE9CCA0ED133152E64010B2FBA141EB10,438DC9B6B5C5375D332BB338D7E5C1B9EF448960,43E187B8C7361F47EA968ED5389435865D7F4FE7,0F6A04276CB95D042AEE8D28B745878F827D210D,2020-08-28 15:39:06.879000,2020-08-28 15:39:18.891000
cyq3akmczqdsngu6,,,,,,,3098CC656BB3F519FEBF93AF6E0CBBDE4D84002A,2020-08-28 15:39:18.891000,
skvro75pfbjsvhfg,failed,not_found,3668,0512FE6BE9CCA0ED133152E64010B2FBA141EB10,ED36124515F71E2E2401D70D9EFC3CAEB08D611B,B32B93C90DCAF0012328A8D55D621D26B186E11A,4340B1D4E9118619F97DB0E54D38ED919E11C7B9,2020-08-28 15:39:07.354000,2020-08-28 15:39:20.671000
skvro75pfbjsvhfg,,,,,,,B83DC1558F0D34353BB992EF93AFEAFDB226A73E,2020-08-28 15:39:20.672000,
b63zwtwzzttdmlpw,failed,not_found,3692,0512FE6BE9CCA0ED133152E64010B2FBA141EB10,63540827C4832D214984EA47B7A68C593F9F862F,8C730EAF14903803BA1055202BE65C54105E5C4F,1F6ABD086F40B890A33C93CC4606EE68B31C9556,2020-08-28 15:39:07.355000,2020-08-28 15:39:20.366000
b63zwtwzzttdmlpw,,,,,,,9DA5284A51021A711ECAA677C81E5408222B9F2A,2020-08-28 15:39:20.366000,
qn25g4h6qw6verkz,failed,not_found,3717,0512FE6BE9CCA0ED133152E64010B2FBA141EB10,9EA4649400C7D35E20C734FA737CF615E925F1E4,ADD35A22BF77D56AFC18CF58E5D8E2604B8985CF,2659ACAA140B6845E38F189B4080817B9819EB9A,2020-08-28 15:39:07.386000,2020-08-28 15:39:20.732000
qn25g4h6qw6verkz,,,,,,,26B2BBE67149973AA6F631FD09E2A34E73253AB4,2020-08-28 15:39:20.732000,
f6w7rrw46caycvmr,failed,not_found,3741,0512FE6BE9CCA0ED133152E64010B2FBA141EB10,2CE9BE1FC88B9D0FA03F387C9E4F000B5D4B2AE9,0EFEAA8E74F9D9024A019702D31380C7B5CBDEEA,C793A33F28826D1F184504312C668EA8157AEF28,2020-08-28 15:39:07.448000,2020-08-28 15:39:20.795000
f6w7rrw46caycvmr,,,,,,,C780D918C83A63C8AE5D378E32C94BFCE0DE9550,2020-08-28 15:39:20.795000,
6nyoigcj4bpi4pig,failed,not_found,3548,0512FE6BE9CCA0ED133152E64010B2FBA141EB10,44BD70C13DAA7513D6F47773804178B009F21ED5,00C22D3BC1822EB8EA380AF04245337399E796E2,1FBAE723F8186847E30EA1C03CCA3D4081D4E2F9,2020-08-28 15:39:07.449000,2020-08-28 15:39:18.436000
6nyoigcj4bpi4pig,,,,,,,1FC55B6E54789CB4AEF1F5A9D35C4420789AB5DE,2020-08-28 15:39:18.437000,
xlprdc6geiyc6b63,failed,not_found,3937,0512FE6BE9CCA0ED133152E64010B2FBA141EB10,754CB99117E6ED570DFCFB7D9F12674B97A4E28E,C5BF27560E4B007365FBA96D32F9E74614218C8E,583F17298E905D1D1BCF8EB49DAEE5939B51FD70,2020-08-28 15:39:08.671000,2020-08-28 15:39:27.603000
xlprdc6geiyc6b63,,,,,,,5835654384EA7DB06B2581A3999730F15E51922F,2020-08-28 15:39:27.603000,
itjtjbh64z5uimej,failed,not_found,3949,0512FE6BE9CCA0ED133152E64010B2FBA141EB10,5DB9AE27A44EB7B476CC04A66C67A71C97A001E6,AA8B7237B4D2C76ED4AF24B3B47B375812AACC83,93F4DAF4F0DE5E6867CE20A0F9C7C059834DACAE,2020-08-28 15:39:08.672000,2020-08-28 15:39:27.601000
itjtjbh64z5uimej,,,,,,,93C4C20DD1A6797200A60FBE714523FD9D41B5B3,2020-08-28 15:39:27.602000,
o2jsbpymflgrxsud,failed,not_found,3841,0512FE6BE9CCA0ED133152E64010B2FBA141EB10,7737A40305131AD8B5E60CFB9126E4BBE1ED7F76,34979DBD475FFED9CF6556E349DDEDEE69104345,B2DC8CC5579A3F85121C1AB4A6C3AA38B5B0DC3E,2020-08-28 15:39:08.723000,2020-08-28 15:39:25.600000
o2jsbpymflgrxsud,,,,,,,24AF1603CDF4D118E1F7AEBF680C18BDA5E8F793,2020-08-28 15:39:25.601000,
heatyldhz23krwyt,failed,not_found,3985,0512FE6BE9CCA0ED133152E64010B2FBA141EB10,ED9A731373456FA071C12A3E63E2C8BEF0A6E721,A9F7185499C5784E35B5C25744ED4AB75437CE5D,9E4CC64C4F94C359D43C5BA09094323FDBEFD975,2020-08-28 15:39:08.923000,2020-08-28 15:39:30.209000
heatyldhz23krwyt,,,,,,,9E433453D33F85B726AABAD043DDD00E171329C1,2020-08-28 15:39:30.210000,
5isg5k57xwbbtymi,failed,not_found,3997,0512FE6BE9CCA0ED133152E64010B2FBA141EB10,906933A309F15D7CF379127078A6791DF9B0C763,3D8A65667A03D839050DCAD120085E257E029536,7AFE734263C947ADD88D094C6E3CB71A34062724,2020-08-28 15:39:08.924000,2020-08-28 15:39:31.484000
5isg5k57xwbbtymi,,,,,,,221E976B546E60048A01950250399B8534D4E4B7,2020-08-28 15:39:31.484000,
gcvkufwe7vdnorbd,failed,not_found,3877,0512FE6BE9CCA0ED133152E64010B2FBA141EB10,EE010EF80A27AC0B02CDC2B8B214A6201BB02D2B,E36536404200A74930DB165858BD5BB554D2BEA2,A9A4213EA3D707857368C683F2208C83B8755D8A,2020-08-28 15:39:09.576000,2020-08-28 15:39:26.789000
gcvkufwe7vdnorbd,,,,,,,4055CDDFF7B3F9E6A50447609A3014753A82EB26,2020-08-28 15:39:26.789000,
dklno3qpy6msjk5n,failed,not_found,4045,0512FE6BE9CCA0ED133152E64010B2FBA141EB10,80C113BCE9356B4DECF94E7CF4A8C0BD315EE8E8,181F48BFF5D425BCEC1E78DAC5B5F0E45FFDAF4D,9C5AFD49AAE4E0272BAD780C6DD71CE1A36012A6,2020-08-28 15:39:09.576000,2020-08-28 15:39:31.657000
dklno3qpy6msjk5n,,,,,,,4BC874C290A1438E9FF3C684F1CAC2AC351A12EB,2020-08-28 15:39:31.658000,
sj6cscyeotv7rflc,failed,not_found,4057,0512FE6BE9CCA0ED133152E64010B2FBA141EB10,8D8E090832FCAFEA083BA150DA6D154E365A590C,73791109F595BA4A78167F6350EEC0057F7A50D9,699388030AFC5C110822C85DE97A51545B192987,2020-08-28 15:39:09.623000,2020-08-28 15:39:32.630000
sj6cscyeotv7rflc,,,,,,,AE6A8C18E7499B586CD36246AC4BCAFFBBF93AB2,2020-08-28 15:39:32.631000,
bcuhmzlxoavgfvnj,,,,,,,70FF4E669EC69F8E324537D05ADDAAED76303D8D,2020-08-28 15:39:09.624000,
nv7pdfvp6onrfcju,failed,not_found,4082,0512FE6BE9CCA0ED133152E64010B2FBA141EB10,9DB400402B545DC41DE342E14644F74B7DA4F789,0B19BBFDC498CCEA23027B1D7BD8E20121B95E60,5AFF7583F5ED62A274823C83199F2E19083692EC,2020-08-28 15:39:09.624000,2020-08-28 15:39:31.957000
nv7pdfvp6onrfcju,,,,,,,5B1F0DAF378A1FAFCFD5FA9CDC66D1023DC0276E,2020-08-28 15:39:31.957000,
veiy2y5fgaicw4mf,failed,not_found,4226,0512FE6BE9CCA0ED133152E64010B2FBA141EB10,6FBD65C22C2996B2038A090BF5E55AA7AEDEE120,4D568479B37A688769F410E9A914909E8CC2A5B8,A7143CD3C548EB63D98647D592A7AE3EA02B142B,2020-08-28 15:39:10.449000,2020-08-28 15:39:34.319000
veiy2y5fgaicw4mf,,,,,,,A726E45892B784980DD88F168DF802B6018B6BF0,2020-08-28 15:39:34.319000,
xu4w5np3s7qm3k4b,failed,not_found,4238,0512FE6BE9CCA0ED133152E64010B2FBA141EB10,6406B69F95D06F6A94CFDD83E85EE9C410A05D47,D1F2C5C820B3F96BE6144CBFB84FDDF9D0EC0810,49BC7301250F6D87BCD676DFC9AF22048F96F599,2020-08-28 15:39:10.449000,2020-08-28 15:39:34.782000
xu4w5np3s7qm3k4b,,,,,,,A567FF5DC72A21A6B7120609E51E76C49517EF41,2020-08-28 15:39:34.783000,
qt4qe7trr373njqz,failed,not_found,4250,0512FE6BE9CCA0ED133152E64010B2FBA141EB10,AC5CECEF6AF649F2A7F047D102FE9B461DA9234E,1A002B6E163D502F23381391718E11A568976403,60685893A57D66562A0754BEE3B6A6E68082C8BE,2020-08-28 15:39:10.450000,2020-08-28 15:39:34.501000
qt4qe7trr373njqz,,,,,,,609E598FB6A00BCF7872906B602B705B64541C50,2020-08-28 15:39:34.501000,
f6wjuzt2we7pjvgn,failed,not_found,4070,0512FE6BE9CCA0ED133152E64010B2FBA141EB10,9C305BC09852C7CB62E9A41F9ECA108BBFB23521,1A52E1EA95EA1C05E6A3B643AA9AC1E87FC796F3,95FCD71974985F8CB546821E3DC4D834794F77F9,2020-08-28 15:39:10.494000,2020-08-28 15:39:33.396000
f6wjuzt2we7pjvgn,,,,,,,49877399DD0E82FE123148361038823368F77193,2020-08-28 15:39:33.397000,
pki2osgvf6xqaj7c,,,,,,,1BDBE9C0F7034E6789A9BF7BED82BE2045F0F5B7,2020-08-28 15:39:10.495000,
6jj5ydm3wi554rxd,,,,,,,B840C7DE596E77A22187E638C5116DC5B3BBDDD1,2020-08-28 15:39:11.471000,
3lz2t4qgugueubvt,,,,,,,6CB7D0F355B60EF166439E96876BCDEBF8FD8E0F,2020-08-28 15:39:11.718000,
6r733znunwcva3dc,,,,,,,950134F4ABA3291EEE4E7A2F26546DB7070776A4,2020-08-28 15:39:11.719000,
nk2as7h7u5j7vbem,,,,,,,05AD6F4906142276C606558C9C3B8876B43CD90F,2020-08-28 15:39:11.720000,
elkhmuxnp4edmmp5,,,,,,,74D9EAEC62D8F4280D50B08C5F369D16A04080E5,2020-08-28 15:39:11.937000,
kee6pfzzvpz4o5js,,,,,,,92F1064AC1A2A1D7B4A97506484B7798016F88B6,2020-08-28 15:39:12.922000,
dewhfluc44u7stci,,,,,,,014E24C0CD21D2B9829E841D5EC1D3C415F866BF,2020-08-28 15:39:12.923000,
bmgz2srfqlismex7,,,,,,,CC91DDE18C160EC137E04EC1E74508187BAE7707,2020-08-28 15:39:13.051000,
sposeyd7np6fd5i6,,,,,,,85D4088148B1A6954C9BFFFCA010E85E0AA88FF0,2020-08-28 15:39:13.052000,
2n726v5hc4gqes2u,,,,,,,C31413C323DB2BD55B4371A5D46880D9EBD2FA80,2020-08-28 15:39:13.096000,
b6ujfmpudjed4mju,,,,,,,7E5B10C6AD637667C3419195FBF78EA809DBC8A2,2020-08-28 15:39:13.400000,
jlwpvbqv5prtxl2d,,,,,,,4273E6D162ED2717A1CF4207A254004CD3F5307B,2020-08-28 15:39:13.443000,
nk66kgyu2swiskmv,,,,,,,F6F59B64B2494F29899E8072BCB0E6B3E070A917,2020-08-28 15:39:13.531000,
25mt35wap6gxiryr,,,,,,,9F688C46E0046AD2C026C18D9343252279E42535,2020-08-28 15:39:13.532000,
k2ybx75xkfgamseo,,,,,,,9E1E4F5B5F94812D02C4D18CB4086CE71CA5C614,2020-08-28 15:39:13.658000,
g467mullgwpaogwu,,,,,,,DE72FEB474E8A3CC502CFC43621180EA9D462FE0,2020-08-28 15:39:14.572000,
lezhyz63sektgepj,,,,,,,0F6E56C326DC9719942E8BBA58C22F71332DA891,2020-08-28 15:39:14.805000,
nr5izqlvh5zjmzix,,,,,,,320DB7BEA72C058BA2EEF098BF1AEFBA29371BE0,2020-08-28 15:39:14.859000,
fpejieggl22kdrqj,,,,,,,B5735B4B17F2942FC529A758749E6AB244CDED06,2020-08-28 15:39:14.860000,
sieqtizbsiavlfxv,,,,,,,180E99C5BA4523D8F448C106191F605D8CB40ADC,2020-08-28 15:39:15.002000,
zypfxcy6kmlghkvj,,,,,,,38B9443D2FF0BA1807A598CF64AC7709787A337C,2020-08-28 15:39:15.512000,
a3k4zdqvqquhzy6n,,,,,,,BEA635C89C057DB8E879572C6A2C188239CFAD68,2020-08-28 15:39:15.896000,
l4t7nivrelerp22l,,,,,,,2AA5F598F9A1812F01CD99E3B59BB87362ED7438,2020-08-28 15:39:15.902000,
4uxn7wevstdbjsga,,,,,,,E75F2ACA1A18291AFE52E6BE0BAC1F805ABC1439,2020-08-28 15:39:16.050000,
5cbsud7ihfr4hbyx,,,,,,,E4CB7449182806088DCD6A707F45809F0694A50A,2020-08-28 15:39:16.165000,
e2aygb4wb6gyg4gx,,,,,,,41A1FE36CA87B16D6DF5D7E6C5B407B1165BAAE0,2020-08-28 15:39:16.512000,
yk7ijs7wrw5afah6,,,,,,,46EC7BB31BFEC251B89E0C0715DEC4AA8208A1BA,2020-08-28 15:39:16.512000,
4tfsucmglely3iun,,,,,,,DCC6C70E8F4340CBD633F506BC9E7D99818601D9,2020-08-28 15:39:16.667000,
7vyelgqiujc25vza,,,,,,,B06A4BBEC276C5038FE44A48B64A9DC3B618A8AF,2020-08-28 15:39:16.667000,
fcvsealyj57ezuoo,,,,,,,F3D775C73BC57640A3EB7EFAC31CFAEDD14C9C7C,2020-08-28 15:39:16.802000,
hjk3hmo3gyxmdvhw,,,,,,,E2A56CC35C22D5764CC96993C6704DD8E6C07A9B,2020-08-28 15:39:17.452000,
xoeymhvebeelmw3g,,,,,,,1DE8E81240D20D9755B29A8AEA131BE2CD537FB8,2020-08-28 15:39:17.453000,
xe6rcfy263vafzjg,,,,,,,CB5735385E25A292427963BF2E0D699EDAC64B96,2020-08-28 15:39:17.454000,
6bgcxy7yg4gwvasg,,,,,,,43AB342D2356753CB06BEB28ACF1A0F61FBDF7ED,2020-08-28 15:39:17.618000,
hiv5glkqxsax5w5g,,,,,,,EF6604B95A942F1C7AD807DF10F93B9E00C47A6B,2020-08-28 15:39:17.626000,
ovkxawvrvq7qgz7y,,,,,,,5EDD6628D5E13ED020A1EA03C1944DD6769B4974,2020-08-28 15:39:18.551000,
c3dsc2667jza7kh5,,,,,,,96CFE178A1D12489D9D59A0CAE17FE86F5A3A79F,2020-08-28 15:39:18.594000,
sjyc7f6h6nnrzq32,,,,,,,EF83AE5958C7DF647C6CADD52157169488E902D1,2020-08-28 15:39:18.667000,
zewg35ojyyqztfoh,,,,,,,AB0CC19517476E610B86FF796B703643BFE21E89,2020-08-28 15:39:18.668000,
tpce7l5odj4v4oxt,,,,,,,E64625ED5B01A1F0E97BCF0B5D431A432A24F408,2020-08-28 15:39:18.669000,
s554lcxn6j3sykd5,,,,,,,C1335B1DB938644FCD54EE744D91354F94EDD1BC,2020-08-28 15:39:19.572000,
wwujngwzs4szdn6f,,,,,,,EC3EC2E26C9C57B46686E9EFE7EEABD4B570D6D3,2020-08-28 15:39:19.573000,
ccsl5aapsw2jnv6l,,,,,,,E3D61BAEA0B7CB12CACEDC8821C520557BDFCEA3,2020-08-28 15:39:19.847000,
3asuyn3bwfbzve2g,,,,,,,36EE8D47E570B8D5515460A9972F3CFD9EDFDFCE,2020-08-28 15:39:19.918000,
d2bgd3dztw6zljfq,,,,,,,76959901386E8C908F50235D9894007886B67C2E,2020-08-28 15:39:19.920000,
4oh54of6xspfxgt2,,,,,,,C00C28C2B1A7D8038517626CECA9BCB23B0A31D2,2020-08-28 15:39:20.427000,
mm3pfvg3dsqmirui,,,,,,,BC64503664C90B4A9DA913736C361DEAD313B130,2020-08-28 15:39:20.488000,
e4tpiwbrfl3uynkr,,,,,,,8E1EFE623F0BF0622F2A6F135E13EA6E3AE5826E,2020-08-28 15:39:20.488000,
3xjcokoybiuj6hk4,,,,,,,B9324F1BEDB1DF62AEE219B0CC41507CE710BA3C,2020-08-28 15:39:20.489000,
bnttss2vkponm74w,,,,,,,89FF4A0818D8BE9F8B71338D96A6B854F77F9FEC,2020-08-28 15:39:20.551000,
elvb7nzpxmtoins4,,,,,,,B01B34325F53E344AC2D5D1EB78AA1AC73FC8683,2020-08-28 15:39:21.865000,
qfh7e77ecn2tbkmx,,,,,,,580D385842804C8AE068AB028898BBB6F74B1544,2020-08-28 15:39:21.865000,
ahxbw6oax4rlclhf,,,,,,,D48DC22A810BF47E66C678A63AA54715DD3E9879,2020-08-28 15:39:22.093000,
ua2qgofevokhhv6t,,,,,,,21E9162916687FDC3CD966D11F34766F51902B45,2020-08-28 15:39:22.094000,
cmx256hqtn5czlx5,,,,,,,3EF75DDA77A5A0CFD58DC027BF7B1251D97CD084,2020-08-28 15:39:22.282000,
lwmpwgtwhrc4s34b,,,,,,,EC9C4CDB403204731122C9D3FA44DFAE667DC82D,2020-08-28 15:39:23.178000,
cwtbhgmkbyxrcj2j,,,,,,,6C333B5BDBA3DFE7A782E40CB970C271ABFED119,2020-08-28 15:39:23.179000,
q2ghsgiibtr662cy,,,,,,,1B9FACF25E17D26E307EA7CFA7D455B144B032E5,2020-08-28 15:39:23.356000,
6bdv7dbczkqc5ntd,,,,,,,D5C6F62A5D1B3C711CA5E6F9D3772A432E96F6C2,2020-08-28 15:39:23.496000,
yn6lpovrah5tcmcj,,,,,,,9BEED1E03101B2BC9393C560FCF13A1E46E49352,2020-08-28 15:39:23.535000,
hwzpozmhexhnugvb,,,,,,,DFAA86AD46BEA875D5018CC1CECD77C9F979FB0E,2020-08-28 15:39:23.562000,
etorl4covzgkl4fy,,,,,,,ED2BF11CB3C0205CADC94596DC688A5153FCAB35,2020-08-28 15:39:23.629000,
i6a4a4wnejpwgq6l,,,,,,,99D56885FD9160FBA33A6468BA1134B60837DC21,2020-08-28 15:39:23.758000,
emuecfmxsbtvmqqy,,,,,,,F4BABDAA5DA115DE122DE4158712D53D7450BC65,2020-08-28 15:39:23.799000,
d4ppelapwia3fe6h,,,,,,,32A1ED707343CDEFFC105EC8DF068A0E154DF6CE,2020-08-28 15:39:23.822000,
h2s6zd2p7mkmdfab,,,,,,,3076FB1CCEB8341322019AD26F69BFC0AA845334,2020-08-28 15:39:24.778000,
qjphsu5mwqew5m2k,,,,,,,6742B34E735C0DDD67B90920EF28819738B63EC0,2020-08-28 15:39:24.779000,
gjecius3t4xafdtz,,,,,,,CA9F7F1D42DEC759D470327E0F76FF7DA9FB159D,2020-08-28 15:39:24.962000,
gld6nf2vypiubkb7,,,,,,,B9C0B6825D5B16839A824BD15D56EDCDE6D7D5E9,2020-08-28 15:39:25.032000,
ygymapxjccsuhpyd,,,,,,,45D67EDBFE0A61F9784F34A88DA6D5E13C397786,2020-08-28 15:39:25.033000,
6jyl2h7sgipmrvpi,,,,,,,3BF2133239FD21D97C3E944FA0757CD2AC1E198B,2020-08-28 15:39:25.459000,
4xk5fio6cte2yxsw,,,,,,,C5F713E503B9F251642C49A998B0498DDD802B72,2020-08-28 15:39:25.460000,
jss4v7jd7lpqar4g,,,,,,,4D52A12D9AD22A7E1BE5B564953A7CA9C31DA675,2020-08-28 15:39:25.460000,
6vongmyjghbjvrt6,,,,,,,8BE58BA7A28DC6B4F211CE8EE86783B85133488D,2020-08-28 15:39:25.600000,
4tmjbqfhs2urigyw,,,,,,,2D47F039F04EEC03EABE484CC017796A0AB48240,2020-08-28 15:39:25.791000,
iagca4semvamrubg,,,,,,,A2CD32D9D0668DB764AD68C745CE29693CA851B9,2020-08-28 15:39:26.716000,
nrq6rovt6oywe6g4,,,,,,,7ACB2A855A0E5EDAF68097AE277113B8EDA9A0BB,2020-08-28 15:39:26.755000,
xy54ybvvkhtkykbx,,,,,,,26B09A4C9F6A9D4815DB46EBA3626A0ED8D71E8F,2020-08-28 15:39:26.790000,
n64vn4ceauq3sdol,,,,,,,26B2BBE67149973AA6F631FD09E2A34E73253AB4,2020-08-28 15:39:26.790000,
vg2m6yjvw74hbjoa,,,,,,,EDFD5FFE9D97ADC0BAFE30A3BD8454F36FFDEF69,2020-08-28 15:39:26.865000,
owyredv7nnlbkk3t,,,,,,,089318D2FA3DA0306BF2C19F15ACC24FE2E926D1,2020-08-28 15:39:27.445000,
tfctkieufubmfku2,,,,,,,BA0A023DF7D0A03E2CB5A180E1DD54B0950AA5C1,2020-08-28 15:39:27.600000,
ic6hunwtrykz3ytx,,,,,,,C9A821C76CA072D7D4D368E04CDDDA195B1F5C4F,2020-08-28 15:39:27.601000,
yoxpn7bsborcsx7n,,,,,,,BDC1174C794B556C47B7CCE61FFE65FB16727B6C,2020-08-28 15:39:27.603000,
nuv6cgl34so2f3yu,,,,,,,7F3D20E72A24ED2EBD92AA9C430B805BA389D02B,2020-08-28 15:39:27.689000,
3pmsmxmtdifvhp7y,,,,,,,C03209F54BC299927CA7581147434F439F37CACB,2020-08-28 15:39:29.054000,
wz3lvpx7bueabm4d,,,,,,,993845A39881E6A1C4DD6C9A73F45541DB1092AE,2020-08-28 15:39:29.223000,
m5geoqvttoy3q4hn,,,,,,,564A7F1D0314125AF60096CDE0A887F286608240,2020-08-28 15:39:29.224000,
lexp5fmrm4ggeepw,,,,,,,2879464678D4DB5D2D2E419751B7B1EA45D0E055,2020-08-28 15:39:29.432000,
bukyyuww62xx2drp,,,,,,,54D8FFF8000343A5411C4E5D662C39C01217BD41,2020-08-28 15:39:29.765000,
qwwelvmqfxteu5xh,,,,,,,A4FE021A8B4C4E3CB8851CFC3E0164DEDD0B4AA0,2020-08-28 15:39:30.217000,
7xdtygu2w4b4gh22,,,,,,,F059C76B861B25D8F1BBDA4AD37D1B69035423EC,2020-08-28 15:39:30.368000,
d72dahnfrjxzxjre,,,,,,,288DA2F27E30BC73FC8A84367696C9DF6B4C1B90,2020-08-28 15:39:30.369000,
4btye5yxmw7376hs,,,,,,,A447DCCE0534C6BD558B095D1180302AA945A6A3,2020-08-28 15:39:30.448000,
s2nt3atkwcrdxpe6,,,,,,,334523D7723EDC633C136CA9CFE9C2012CCC2FE8,2020-08-28 15:39:30.528000,
zy42p72cahczvunh,,,,,,,0B28C72A82D4CE016016DAB98D077C997F524AA1,2020-08-28 15:39:30.689000,
f6apdajxj4gse2d7,,,,,,,5C01B2D72D75F109550963F810C2010BDA208549,2020-08-28 15:39:30.690000,
onch72uwglbnnntd,,,,,,,0A2CE9D88D3BA28410EE3B24BD4DC16598753462,2020-08-28 15:39:30.690000,
jmuqmxpilncws2lz,,,,,,,84F0FEBFDFA8FBC6A2EA27F87EBB31F050AFD04D,2020-08-28 15:39:30.852000,
oxtjdx4lnycwvar4,,,,,,,9C1E47FF205F349D69D569AE7ED15366A5554A46,2020-08-28 15:39:31.059000,
zczxdo664qi3kvu3,,,,,,,93C1E14CD600CF51B117DE736741E7400A069AFC,2020-08-28 15:39:31.957000,
vzlylemg4rfxsrce,,,,,,,9DA672F46D0AD9BA59B2FA56A8F343D38C78BF4C,2020-08-28 15:39:31.957000,
qk7q5ngd4delzgxp,,,,,,,6FDD119C094D078E49B3335C7192AC339CB23FFB,2020-08-28 15:39:31.959000,
564ahj7ua524aq5a,,,,,,,B6E0AADF2BB776063B984CFEEF1188D9116E35A1,2020-08-28 15:39:32.177000,
bfbnat3opfkbn3wd,,,,,,,8D41994D1D18E94403C3F67D0699E4C9D2248D4A,2020-08-28 15:39:32.178000,
7fwtnlpksv243o5x,,,,,,,66905A83A4858A4DD075AEA0514377A9F59E110D,2020-08-28 15:39:32.632000,
teqx6uppt6row5iv,,,,,,,8CF987FF43FB7F3D9AA4C4F3D96FFDF247A9A6C2,2020-08-28 15:39:32.632000,
2ruysbkugfmcndnx,,,,,,,B91A1EB30E66D52026EFCD1E96BFC0E966C83E6D,2020-08-28 15:39:32.732000,
2tvekgkf7nlupv4a,,,,,,,CDE4149F0DC65A7BE1AE440340BE1C7A18135E29,2020-08-28 15:39:32.733000,
ro5alpgpzweqrk7q,,,,,,,D5F3BC4F36359A21DEEA6B64EEB08E30FD85930B,2020-08-28 15:39:32.948000,
nvmo7dp7a4drqohg,,,,,,,D1F1F5AA5BCF5DAB44C444DEF82821B8BEC66148,2020-08-28 15:39:33.583000,
haiu7ujzrxlgvkob,,,,,,,459310E0C3A72CAACAE10BEEBB7484D724C9C8C0,2020-08-28 15:39:33.584000,
7735xcdgyatuow33,,,,,,,E59CC0060074E14CA8E9469999B862C5E1CE49E9,2020-08-28 15:39:33.759000,
rshbaih3r6noy5rl,,,,,,,68130821819BEFF452938FA6629DC59A8D0433AE,2020-08-28 15:39:33.760000,
y7ltvvose6bfmukb,,,,,,,26B2BBE67149973AA6F631FD09E2A34E73253AB4,2020-08-28 15:39:33.850000,
bgcbno4q54jv2bfd,,,,,,,E947C029087FA1C3499BEF5D4372947C51223D8F,2020-08-28 15:39:34.502000,
sltmkzngtac2awyg,,,,,,,FF53774EE4F999BC3623172D44BC086290E1FAD5,2020-08-28 15:39:34.597000,
cqfjqu2dfyygbbrr,,,,,,,B76A047C20D3E4F9B5A64428298DA55A90D62472,2020-08-28 15:39:34.782000,
as5jycbmy6qjvoaa,,,,,,,9F688C46E0046AD2C026C18D9343252279E42535,2020-08-28 15:39:34.783000,
2rt52ynllirsfgjh,,,,,,,A478E421F83194C114F41E94F95999672AED51FE,2020-08-28 15:39:34.784000,
svoj7j3bds7nta6l,,,,,,,56DCA89A6B41ADA30E891EF65FDCC071DC05079B,2020-08-28 15:39:35.619000,
s7nv3xhngz6g2asp,,,,,,,5512557491F87D888FC485FF6484265A754ABF53,2020-08-28 15:39:35.620000,
uics6kqlbcywkosd,,,,,,,09DEA9A672FDEF38CE01E3F453E7D7CD0707E7C6,2020-08-28 15:39:35.715000,
rv7ktbflzeonblzj,,,,,,,C92F69EE5756200F160CCFAFE9C3C984D3E6D561,2020-08-28 15:39:36.101000,
flxdk27tsylbm2gu,,,,,,,F92819F9B74BDF438FA9DA2E0163C3A1B44B0CEA,2020-08-28 15:39:36.102000,
6awdjiv6c6b56uqz,,,,,,,91C6AE74A3520AE890F051E992F5C7F6D391E61F,2020-08-28 15:39:36.739000,
3j52gyatma4jvaaa,,,,,,,BA0071ABE4A5BEA669A8524C1CD8A6EEB9D5FC39,2020-08-28 15:39:36.835000,
fxnfcvznzxu6ub6x,,,,,,,BD2A34ADE4E603A272FAAD23AEF389801BB223BB,2020-08-28 15:39:37.180000,
46fujmeore47emso,,,,,,,2F26D43258285FEB39E4320888DFAFA8A0D20E11,2020-08-28 15:39:37.180000,
