addr,status,reason,circ,guard_fp,middle_fp,exit_fp,hsdir_fp,start,end
anfj4x4mihwstnrh,failed,not_found,,,,,823AA81E277F366505545522CEDC2F529CE4DC3F,2020-09-26 22:34:51.471000,2020-09-26 22:34:52.220000
anfj4x4mihwstnrh,failed,not_found,7,EBE718E1A49EE229071702964F8DB1F318075FF8,1CD48F4ED0F1821FFBF1940802A13EEFD4C27502,929BF37C657D4F69C76324E5FEA760A62483813B,823183CEB754CDE8E76A3722D783CA031E7E160A,2020-09-26 22:34:52.221000,2020-09-26 22:34:52.558000
anfj4x4mihwstnrh,failed,not_found,121,EBE718E1A49EE229071702964F8DB1F318075FF8,466B7476CC93AC056B83F69D84BF4467B7462D7B,C8DE26D2D119BE7F509E672EE1A3D5FB25DCBA97,E1B54925C59ECE813269B9A3309B7A5EB57E9B98,2020-09-26 22:34:52.559000,2020-09-26 22:35:04.438000
anfj4x4mihwstnrh,failed,not_found,132,EBE718E1A49EE229071702964F8DB1F318075FF8,461D6EA15966C7F99B43D37ADC116B5B8E47D130,43FDB91342564816F102A3EEBAEFFDC70F2BE1A6,823701D5C4C5D72C3FF533113F25A1922DED6303,2020-09-26 22:35:04.439000,2020-09-26 22:35:05.427000
anfj4x4mihwstnrh,failed,not_found,149,EBE718E1A49EE229071702964F8DB1F318075FF8,FD449127D30D8F5D124653D9EF736EDF4A12B4DC,427E5C8ADC43B09582DDDA80EA8EDFBD05DF5003,E1A24015947A6302F7DE89BB16E4FA3812B7C65B,2020-09-26 22:35:05.428000,2020-09-26 22:35:06.426000
anfj4x4mihwstnrh,failed,not_found,161,EBE718E1A49EE229071702964F8DB1F318075FF8,24F97F98C45E4754655BE66799049763DAEE99CE,6C71AC0B8FB6E0255C100DCAE0C283FB3F2F1CC2,E19F193179F75B67137D15392C625503D50A4EA3,2020-09-26 22:35:06.427000,2020-09-26 22:35:07.423000
zcynyhgq2yi4ctb7,failed,not_found,,,,,41E041EC676622FFEE59F56BC75B99CD0D47F653,2020-09-26 22:34:51.472000,2020-09-26 22:34:51.836000
zcynyhgq2yi4ctb7,failed,not_found,702,EBE718E1A49EE229071702964F8DB1F318075FF8,3CCF9573F59137E52787D9C322AC19D2BD090B70,6962377722C4AA5E56540F4F9693DFA525449974,4201FFF0BAB1DFCDF6FBA710AE2B860859E06A5F,2020-09-26 22:34:51.837000,2020-09-26 22:34:52.713000
zcynyhgq2yi4ctb7,failed,not_found,12,EBE718E1A49EE229071702964F8DB1F318075FF8,754CB99117E6ED570DFCFB7D9F12674B97A4E28E,20462CBA5DA4C2D963567D17D0B7249718114A68,41D2F6D866E7638138CF9F282A280F96BD020D25,2020-09-26 22:34:52.714000,2020-09-26 22:34:53.444000
zcynyhgq2yi4ctb7,failed,not_found,13,EBE718E1A49EE229071702964F8DB1F318075FF8,F6CD4DBF5850AC4386DD9A424918AD3C6BA2716F,0451F142D2EF187FABB9A9A17725DA6C51BA3978,9E198CC6DA30481F42E4A22E29E4A922C12F9F94,2020-09-26 22:34:53.444000,2020-09-26 22:34:54.135000
zcynyhgq2yi4ctb7,failed,not_found,16,EBE718E1A49EE229071702964F8DB1F318075FF8,C0F3C0EF81D84182379AA4CA5AD5A5289D011145,876C7CE43774366250D3E768E690DAB9D4B5D5A3,9E2D7C6981269404AA1970B53891701A20424EF8,2020-09-26 22:34:54.135000,2020-09-26 22:34:54.901000
zcynyhgq2yi4ctb7,failed,not_found,23,EBE718E1A49EE229071702964F8DB1F318075FF8,876C7CE43774366250D3E768E690DAB9D4B5D5A3,61FA7E7C766577D76EBABF19330993DEFA8AF3C3,9E41448CE0DDE186CE05D2DED5F34428C99A8D70,2020-09-26 22:34:54.902000,2020-09-26 22:34:55.869000
2dcb4wqmzrwes4vo,failed,not_found,8,EBE718E1A49EE229071702964F8DB1F318075FF8,0D13FEFB150903100AF2F9E52A5852EC105A817E,67738D287FBB686B0F6BF1221505BE17781D50DC,D1AE7E838DF635EB1367F202B84946D73142CDAD,2020-09-26 22:34:52.479000,2020-09-26 22:34:53.762000
2dcb4wqmzrwes4vo,failed,not_found,17,EBE718E1A49EE229071702964F8DB1F318075FF8,44DC23661E05DEFD94398936D9334987ABCB6E5E,12CF6DB4DAE106206D6C6B09988E865C0509843B,D1AD15805646EAE6938F1842619F8EF0029089FC,2020-09-26 22:34:53.763000,2020-09-26 22:34:54.609000
2dcb4wqmzrwes4vo,failed,not_found,19,EBE718E1A49EE229071702964F8DB1F318075FF8,3E53D3979DB07EFD736661C934A1DED14127B684,7A3E534C033E3836BD5AF223B642853C502AB33A,F0F13714732C347312426EC2B8D5C4940EAA45BA,2020-09-26 22:34:54.609000,2020-09-26 22:34:55.241000
2dcb4wqmzrwes4vo,failed,not_found,20,EBE718E1A49EE229071702964F8DB1F318075FF8,6CA1E52071B159D74AF35AD3B0DCE128A1B32AE9,D5607ADD1FDDB657482E23F09AB173310C802590,F0F5074A6DADD3DC22E1FAA18FD6D89CBC52771A,2020-09-26 22:34:55.242000,2020-09-26 22:34:56.154000
2dcb4wqmzrwes4vo,failed,not_found,33,EBE718E1A49EE229071702964F8DB1F318075FF8,14D57DEDF0A4554A2D21AD53CCCC43E31158C733,F0F13714732C347312426EC2B8D5C4940EAA45BA,F0FCCA6EF32A8D7C731D5624E6FC64E03F53D570,2020-09-26 22:34:56.154000,2020-09-26 22:34:57.579000
2dcb4wqmzrwes4vo,failed,not_found,51,EBE718E1A49EE229071702964F8DB1F318075FF8,4CD4DFFEF3971C902A22100D911CAC639BE2EF5C,E46C3F0533709EE2112874B13A4FE3868B33E75E,D1AFBF3117B308B6D1A7AA762B1315FD86A6B8AF,2020-09-26 22:34:57.579000,2020-09-26 22:34:58.710000
w57434eiarh4s5yu,failed,not_found,9,EBE718E1A49EE229071702964F8DB1F318075FF8,C91102131E6B9CECFC56C4A29ADA4E638D7872F7,4BF77DBD6796628EC6AC29F5651CEE1969EC7315,0F6A04276CB95D042AEE8D28B745878F827D210D,2020-09-26 22:34:52.485000,2020-09-26 22:34:53.292000
w57434eiarh4s5yu,failed,not_found,11,EBE718E1A49EE229071702964F8DB1F318075FF8,AEC8A42DE8F9CB115E2479D78AE1CA4BCCF54F4A,FC294B234345C437B781D24E6C0710C89FF2D9B6,5D263037FC175596B3A344132B0B755EB8FB1D1C,2020-09-26 22:34:53.292000,2020-09-26 22:34:55.222000
w57434eiarh4s5yu,failed,not_found,27,EBE718E1A49EE229071702964F8DB1F318075FF8,891FB8477529A6B2894B7A3129402E0FD5DD281F,EE010EF80A27AC0B02CDC2B8B214A6201BB02D2B,0F52E9652F96AD1D500AC062350A149902C128B9,2020-09-26 22:34:55.223000,2020-09-26 22:34:56.038000
w57434eiarh4s5yu,failed,not_found,31,EBE718E1A49EE229071702964F8DB1F318075FF8,655A0861B84205093E6E3A9C87EB128C9C4F93AE,221546DAE86B003139B13BD6F6AE1B4B42B59DF8,5D41BBE918C4DFEEFD620CAD949DF862A21C5653,2020-09-26 22:34:56.038000,2020-09-26 22:34:57.628000
w57434eiarh4s5yu,failed,not_found,52,EBE718E1A49EE229071702964F8DB1F318075FF8,EAA823552F959DFD038E9AC8FA89345A738B6C00,8679CBAFD3F447F9E9CD05A5701501248C24AA4F,0F59911D698D3FFE2433B7AB31362FB1EA10237F,2020-09-26 22:34:57.629000,2020-09-26 22:34:58.423000
w57434eiarh4s5yu,failed,not_found,124,EBE718E1A49EE229071702964F8DB1F318075FF8,EC38686ACAC6E373BF3BE0847B3AD6299ABA4D91,005079A42356183CEA5A3ADD239303F44F12E7EA,5D2A8CAA119D0528722C2438350FAB0C8DE01AB7,2020-09-26 22:34:58.423000,2020-09-26 22:35:05.008000
pu37pv3xypqfbj2v,failed,not_found,14,EBE718E1A49EE229071702964F8DB1F318075FF8,00342C0E155D4542E55391788B2D779F14578DEB,52D5FB2004C67127C73B71478238FA66122BD443,1D4B555184EC12F758BC8BBB4C0983AFBC25D6F5,2020-09-26 22:34:53.611000,2020-09-26 22:34:54.403000
pu37pv3xypqfbj2v,failed,not_found,18,EBE718E1A49EE229071702964F8DB1F318075FF8,8CA736F332937E4FA0F5F48488B823F31883123C,66BD39FE805AED414ADE400CAAD862C9CC3AC34E,1D702DA43D588FE9D308D3879A6F5E61BB2ECCFA,2020-09-26 22:34:54.403000,2020-09-26 22:34:55.024000
pu37pv3xypqfbj2v,failed,not_found,24,EBE718E1A49EE229071702964F8DB1F318075FF8,EAB20BD4083C820EC8329ED5AEBF12019A7749F3,1AAD015F4D885413A2BCE0E58159116901236C49,1D54F7CCB7C7A185EE8AA5616C079DD923EB57F2,2020-09-26 22:34:55.024000,2020-09-26 22:34:56.121000
pu37pv3xypqfbj2v,failed,not_found,32,EBE718E1A49EE229071702964F8DB1F318075FF8,069E732EC96774ED5609D4803D7B1130E338B0EB,036A7CD36D6F7A97C7B4AF896D9F11AB719F0DF7,5645739E8EF72CA7D9EE1E12678B51A6FF8711C1,2020-09-26 22:34:56.122000,2020-09-26 22:34:57.038000
pu37pv3xypqfbj2v,failed,not_found,40,EBE718E1A49EE229071702964F8DB1F318075FF8,43C83536DACCD110FF11E049A890064F6F87BEB2,761A60D0364D9AA03114F72550483287ED060B2D,564A7F1D0314125AF60096CDE0A887F286608240,2020-09-26 22:34:57.038000,2020-09-26 22:34:57.455000
pu37pv3xypqfbj2v,failed,not_found,123,EBE718E1A49EE229071702964F8DB1F318075FF8,855BC2DABE24C861CD887DB9B2E950424B49FC34,5047962E97AFDC89C9B9EE98322F3E4CB7BEB639,5649CB2158DA94FB747415F26628BEC07FA57616,2020-09-26 22:34:57.455000,2020-09-26 22:35:04.762000
wbtalow72wmdoudl,failed,not_found,15,EBE718E1A49EE229071702964F8DB1F318075FF8,FB13B3060516E4C50E5E178227A036977103E4AD,1A25F64FCACEB588B42429F5C463BD0396524280,69398E3D1337AC6816E757516D3600A75C1EB3AE,2020-09-26 22:34:53.625000,2020-09-26 22:34:55.200000
wbtalow72wmdoudl,failed,not_found,26,EBE718E1A49EE229071702964F8DB1F318075FF8,0B25110BA3473A6DC04AB58A3A0D5E4D6922A0E0,F4A4D78F16E9A0353AD5BBEF4632C7022E20FB20,47B22D6B46447B533E962966B9559E249B6F915C,2020-09-26 22:34:55.200000,2020-09-26 22:34:56.038000
wbtalow72wmdoudl,failed,not_found,29,EBE718E1A49EE229071702964F8DB1F318075FF8,3F065BB0B02FB2303E144383D16C47A7DED75AE7,435B0937725ECC8252F906800E46C90974408B63,47C42E2094EE482E7C9B586B10BABFB67557030B,2020-09-26 22:34:56.038000,2020-09-26 22:34:56.356000
wbtalow72wmdoudl,failed,not_found,35,EBE718E1A49EE229071702964F8DB1F318075FF8,EE010EF80A27AC0B02CDC2B8B214A6201BB02D2B,B27115A20B05D40730A4020145EFA63381D9D51B,6940247E04C839D268543E7F62566A91E40567E3,2020-09-26 22:34:56.357000,2020-09-26 22:34:57.554000
wbtalow72wmdoudl,failed,not_found,50,EBE718E1A49EE229071702964F8DB1F318075FF8,B7F60A81737CE635E751C5BCA67BFD20DAF2615C,EAD55050858426172B16017918BB21349ACEA913,690DA42C9C47577A383394CE4AF61BE628824E21,2020-09-26 22:34:57.554000,2020-09-26 22:35:00.072000
wbtalow72wmdoudl,failed,not_found,82,EBE718E1A49EE229071702964F8DB1F318075FF8,50C7B836942F14BDF1541B017CF21FD03F354E13,ED664A0DB3B686FAAFEBD905DFFCE0E1981F3F1A,47E1157F7DA6DF80EC00D745D73ACD7B0A380BCF,2020-09-26 22:35:00.072000,2020-09-26 22:35:01.513000
owmj4xbsekhkojeo,failed,not_found,21,EBE718E1A49EE229071702964F8DB1F318075FF8,459310E0C3A72CAACAE10BEEBB7484D724C9C8C0,5AE12CAAA489A0739F56E79CC287526FAB55A6FB,E2D9035061E3D133B2CA4DA3383AEAACCC0733E1,2020-09-26 22:34:54.889000,2020-09-26 22:34:55.738000
owmj4xbsekhkojeo,failed,not_found,30,EBE718E1A49EE229071702964F8DB1F318075FF8,FBC2856A48705F3ED17E504F8FC89EC6433ED25D,33D88F331408141F2A2CC563239E54E48F7A211B,E309E2E3C3F4472A83F3226C315818DB07BF77BA,2020-09-26 22:34:55.738000,2020-09-26 22:34:57.358000
owmj4xbsekhkojeo,failed,not_found,46,EBE718E1A49EE229071702964F8DB1F318075FF8,41145C3169D810DB360FF2FCA232093B02C0B262,4CFE65E16DBE9D9ED0CFFBD9BEEEE4EAE50CD33F,8287DADC415B3E667C617EEFB6E7D654C7AC0C47,2020-09-26 22:34:57.358000,2020-09-26 22:34:58.091000
owmj4xbsekhkojeo,failed,not_found,53,EBE718E1A49EE229071702964F8DB1F318075FF8,A6BBD33695A4E3C4545BA370605A4DCD87D98BEE,E130296683B896A117CE5DA531A5645644178734,82ACC2C54FA8E53FB1A9C990CD0CD00077329DFD,2020-09-26 22:34:58.092000,2020-09-26 22:34:58.522000
owmj4xbsekhkojeo,failed,not_found,64,EBE718E1A49EE229071702964F8DB1F318075FF8,929BB84A68198CE35E2F2828812840AF5C2CBC4A,8B6B10A0AED89408E509D4422EC926C89C7933D0,828112B80D28A92311A8C6C7CCF369B316C40744,2020-09-26 22:34:58.523000,2020-09-26 22:34:59.168000
owmj4xbsekhkojeo,failed,not_found,70,EBE718E1A49EE229071702964F8DB1F318075FF8,CB1EC403A7331FE26F218D178DF8908014CC4F65,5F58E9417DF94A66529864FA1134635614958A44,E300CEE2255A22B3DF52E798A3237D53AFAEC2F3,2020-09-26 22:34:59.168000,2020-09-26 22:35:01.035000
shhaxyooe3o4sjpx,failed,not_found,22,EBE718E1A49EE229071702964F8DB1F318075FF8,CBB5AE37E2927A915D70FA71572D2EA203F03E83,90633012A1A752D8D02FEC8374A4BF98941A1900,C005F0CB30CD54CB45FF08ED151511A286B1B7CE,2020-09-26 22:34:54.895000,2020-09-26 22:34:55.514000
shhaxyooe3o4sjpx,failed,not_found,28,EBE718E1A49EE229071702964F8DB1F318075FF8,9A48EC8AAFB2E8C9E20408596383DB74F1196747,1B9FACF25E17D26E307EA7CFA7D455B144B032E5,AFA9E5B8D77B736CCA77704B465F9FA4B9566924,2020-09-26 22:34:55.514000,2020-09-26 22:34:56.214000
shhaxyooe3o4sjpx,failed,not_found,34,EBE718E1A49EE229071702964F8DB1F318075FF8,D1E706B9021A0BF8E9663DB207D9D9EC03A70DAC,F4263275CF54A6836EE7BD527B1328836A6F06E1,C000D47186ADC5C2B9D90A2FFAC7551C5A5F8D0A,2020-09-26 22:34:56.214000,2020-09-26 22:34:57.132000
shhaxyooe3o4sjpx,failed,not_found,41,EBE718E1A49EE229071702964F8DB1F318075FF8,36BABBBC06E2BF9D2C992371324B95B812E10A40,5AD3FB658E490BAD9515F363374AA41D65D31A02,AFA0C24F635C3E198A151D09A796430F0778BA65,2020-09-26 22:34:57.132000,2020-09-26 22:34:58.422000
shhaxyooe3o4sjpx,failed,not_found,60,EBE718E1A49EE229071702964F8DB1F318075FF8,2BAF092E8667C00CA3D9686C76D8EC3CC6BC7C5B,AE4FAE2EB5DC5D078458F0FCBF2B37F5D73F0868,C00A6B7541A9491629CEEADF121DCA6BEBD1FC45,2020-09-26 22:34:58.423000,2020-09-26 22:34:59.095000
shhaxyooe3o4sjpx,failed,not_found,69,EBE718E1A49EE229071702964F8DB1F318075FF8,0F89912E6A4C4A8ACE43C58FF8B83CA299BFF74F,5C5D61F279AA0816F506FD5CE86C30F256291DDE,AFC69ACD47E4CBD5CF8EA47F9B5622C91BF2DA60,2020-09-26 22:34:59.096000,2020-09-26 22:35:00.024000
cflare2nge4h4yqr3574crrd7k66lil3torzbisz6uciyuzqc2h2ykyd,received,,25,EBE718E1A49EE229071702964F8DB1F318075FF8,6E4B0D429CD87AB6C25D72E298294C583FF8BA4A,AC6EB3329568ACBC9BD1CACE8668416AFAA6E8C3,634444240F4A0778EBE04868E311392572AD03CB,2020-09-26 22:34:55.188000,2020-09-26 22:34:58.375000
w3q2qw6h2affrpoi,failed,not_found,36,EBE718E1A49EE229071702964F8DB1F318075FF8,33D88F331408141F2A2CC563239E54E48F7A211B,0C6D3655763B1A3A60FC42135CD60765AFE953BA,AA616315BA97729EA47DAD8718FA59269C7229E7,2020-09-26 22:34:56.457000,2020-09-26 22:34:57.184000
w3q2qw6h2affrpoi,failed,not_found,44,EBE718E1A49EE229071702964F8DB1F318075FF8,F37374DB9FA6EF14CED64FD294E8D8683F032EC8,023EBBC57BEB7F45473B3DC2AA811FB3AABA4466,AA91B0A7930A19EF0D305D14CD6378BADE3A781A,2020-09-26 22:34:57.185000,2020-09-26 22:34:58.237000
w3q2qw6h2affrpoi,failed,not_found,55,EBE718E1A49EE229071702964F8DB1F318075FF8,D87698D8E2276C7E93D531B7C2A1B27D58C71876,A9BEA2E0699D1F60521C8A1167340945A419D102,AA8B7237B4D2C76ED4AF24B3B47B375812AACC83,2020-09-26 22:34:58.237000,2020-09-26 22:34:58.952000
w3q2qw6h2affrpoi,failed,not_found,65,EBE718E1A49EE229071702964F8DB1F318075FF8,F4F92D8B840C2D053197AC3EF9C58F3DCFBB20FE,1B9FACF25E17D26E307EA7CFA7D455B144B032E5,40CDE936B04B4573A47223396006443CA5EAC845,2020-09-26 22:34:58.952000,2020-09-26 22:34:59.324000
w3q2qw6h2affrpoi,failed,not_found,73,EBE718E1A49EE229071702964F8DB1F318075FF8,A99B0D9E5FD5BC3C8F2D006EC91F8C7F40E09CB8,E76E2BC2FC9273BFBA38947EB5572076270D49D5,40D37C29CAB20A2C078B269AE4E944B1E0BD5A97,2020-09-26 22:34:59.324000,2020-09-26 22:35:01.862000
w3q2qw6h2affrpoi,failed,not_found,102,EBE718E1A49EE229071702964F8DB1F318075FF8,41145C3169D810DB360FF2FCA232093B02C0B262,FD449127D30D8F5D124653D9EF736EDF4A12B4DC,40DD356E8F3C53FA9251B561CF956302791AAFF5,2020-09-26 22:35:01.863000,2020-09-26 22:35:02.690000
bjyh46mv4sjtatvb,failed,not_found,37,EBE718E1A49EE229071702964F8DB1F318075FF8,4F0E5D4E184C40E2B9A89664005B308A1DEE3756,DD823AFB415380A802DCAEB9461AE637604107FB,C78D4AB34C920D156160C811C39B1BB92A6BED7D,2020-09-26 22:34:56.463000,2020-09-26 22:34:57.163000
bjyh46mv4sjtatvb,failed,not_found,122,EBE718E1A49EE229071702964F8DB1F318075FF8,118496882F58E787DC24F5C219B93F22BA5820D8,3F065BB0B02FB2303E144383D16C47A7DED75AE7,C7946D9A192BBE44C1C8A926A8B135AC495D6636,2020-09-26 22:34:57.163000,2020-09-26 22:35:04.465000
bjyh46mv4sjtatvb,failed,not_found,133,EBE718E1A49EE229071702964F8DB1F318075FF8,99339F3E68BCCC1391BF14C821D80766FE0C5956,836460C721577873AD1FF8AB000112A9360EB3A0,C793A33F28826D1F184504312C668EA8157AEF28,2020-09-26 22:35:04.466000,2020-09-26 22:35:05.131000
bjyh46mv4sjtatvb,failed,not_found,143,EBE718E1A49EE229071702964F8DB1F318075FF8,D8A2D0080B0C73E1DC0EC9F33B497F64E5FB3F52,21C9D9F1633246269DEB84A79495E85C07E8466D,B94E39454D8EB7E6DC7C8E39F8C8B8DCCA0033CB,2020-09-26 22:35:05.132000,2020-09-26 22:35:07.312000
bjyh46mv4sjtatvb,failed,not_found,176,EBE718E1A49EE229071702964F8DB1F318075FF8,BCDE75725B927738B6FD34EA2D78F4FA77B99848,B204DE75B37064EF6A4C6BAF955C5724578D0B32,B940AAC942E9929E673C3533F510C5261B50790C,2020-09-26 22:35:07.313000,2020-09-26 22:35:07.962000
bjyh46mv4sjtatvb,failed,not_found,183,EBE718E1A49EE229071702964F8DB1F318075FF8,724E86E7F5DA715529DC0ECAA013AE4BDC680E4C,47E0EEB4E75C2C3633A7E294885F146B1E786DA9,B9609107E25BCA7803F7A2D205CE8FAE3F5086CE,2020-09-26 22:35:07.962000,2020-09-26 22:35:08.620000
6dvtzbmlux4zzz7r,failed,not_found,38,EBE718E1A49EE229071702964F8DB1F318075FF8,8FA37B93397015B2BC5A525C908485260BE9F422,D87698D8E2276C7E93D531B7C2A1B27D58C71876,A690C6AA8102C027D297AF3401BFE16918CCF7A6,2020-09-26 22:34:56.484000,2020-09-26 22:34:57.133000
6dvtzbmlux4zzz7r,failed,not_found,42,EBE718E1A49EE229071702964F8DB1F318075FF8,EA85428F224ECADC18B847A0E80DB251A8D6664B,96D656384559910834CFDB128D843F819D5D2FD5,9FF43973692ABA9F600E9B17880201D09DEED19C,2020-09-26 22:34:57.133000,2020-09-26 22:34:58.669000
6dvtzbmlux4zzz7r,failed,not_found,66,EBE718E1A49EE229071702964F8DB1F318075FF8,61004152C709672EE739F2667B56EF5550A51332,67073A512A5C20C65416259FD40C434A7D01C4C2,A68D02474552FA8A1B2332F8E4D64F7A25C8CF0F,2020-09-26 22:34:58.670000,2020-09-26 22:34:59.935000
6dvtzbmlux4zzz7r,failed,not_found,77,EBE718E1A49EE229071702964F8DB1F318075FF8,79E3B585803DE805CCBC00C1EF36B1E74372861D,58BC63142C881F88D08E071DEB63DBA09DE62141,A024E420DD146541D5D7F6CFEB554C3A64F985EE,2020-09-26 22:34:59.935000,2020-09-26 22:35:00.354000
6dvtzbmlux4zzz7r,failed,not_found,85,EBE718E1A49EE229071702964F8DB1F318075FF8,C3636ECA4B40900056590AA7DBFC6ED09379852F,AED04C65D2D0D70DB2932D7D5A0BA58169168CC1,A678DA60A6C7CB746553430D84AF45272ECDDA95,2020-09-26 22:35:00.355000,2020-09-26 22:35:01.460000
6dvtzbmlux4zzz7r,failed,not_found,94,EBE718E1A49EE229071702964F8DB1F318075FF8,856DAB2FDC9EED88A27BE2265FA6BD5489EF178E,3F065BB0B02FB2303E144383D16C47A7DED75AE7,A016192D0A87FC9354A7523A211BBD9CF859708B,2020-09-26 22:35:01.461000,2020-09-26 22:35:02.122000
spxn3wfh7gsykrq6,failed,not_found,39,EBE718E1A49EE229071702964F8DB1F318075FF8,D54247E35545388D9C42E4716EDC59F67907789F,EE010EF80A27AC0B02CDC2B8B214A6201BB02D2B,0F6A04276CB95D042AEE8D28B745878F827D210D,2020-09-26 22:34:56.491000,2020-09-26 22:34:57.236000
spxn3wfh7gsykrq6,failed,not_found,45,EBE718E1A49EE229071702964F8DB1F318075FF8,E5507444DAC04539B8DC624299616141B0DB64D5,1F78D47D20BA3ACF9DCE50F4533A5CEA232CF398,0F59911D698D3FFE2433B7AB31362FB1EA10237F,2020-09-26 22:34:57.237000,2020-09-26 22:34:57.802000
spxn3wfh7gsykrq6,failed,not_found,54,EBE718E1A49EE229071702964F8DB1F318075FF8,3B60AEB127F4A8CDE7F3798B799EBDC3463FB9C7,11D25EFE4E83D53DBBDF000252A6671B6BF13D1B,0F52E9652F96AD1D500AC062350A149902C128B9,2020-09-26 22:34:57.802000,2020-09-26 22:34:58.765000
spxn3wfh7gsykrq6,failed,not_found,67,EBE718E1A49EE229071702964F8DB1F318075FF8,74A99385B6EC9603409CA84CDA3D81D24B054C0D,0745857B06337B7F343635608975972A9EC14901,38D3D15DAD843AB99CC257ACBABD4FACF9A3F215,2020-09-26 22:34:58.765000,2020-09-26 22:34:59.728000
spxn3wfh7gsykrq6,failed,not_found,78,EBE718E1A49EE229071702964F8DB1F318075FF8,A4771CB90024F1870D622960519945A3E49B40FE,CC09DFB016081AD50686DAC96440BB2D6F343251,38CC95A8CE92A591D4A5779359BEFFBA13FA1B88,2020-09-26 22:34:59.728000,2020-09-26 22:35:00.379000
spxn3wfh7gsykrq6,failed,not_found,86,EBE718E1A49EE229071702964F8DB1F318075FF8,27B90919AADA44C9B6C74E2A437F37730129E0C3,5F9141428BF5EAE485F0E2F7912DEDED4F4D17A7,38A42B8D7C0E6346F4A4821617740AEE86EA885B,2020-09-26 22:35:00.380000,2020-09-26 22:35:03.060000
6fcsdoknb5xqh3my,failed,not_found,48,EBE718E1A49EE229071702964F8DB1F318075FF8,277F5717A62B3A728C98B3168E484BC08B4997E3,0B555940D37DC849728841C0B290074E1A1BDCA8,0077BCBA7244DB3E6A5ED2746E86170066684887,2020-09-26 22:34:57.486000,2020-09-26 22:34:58.348000
6fcsdoknb5xqh3my,failed,not_found,57,EBE718E1A49EE229071702964F8DB1F318075FF8,F35D115BDD5987D301BE0FD27DAB05F5F4B2ABAE,E6D4332BF40FDEE7814F2DBC926650EF8032B643,2A2022D386894D3CB3438752977C27A7AF50BAFA,2020-09-26 22:34:58.348000,2020-09-26 22:34:59.565000
6fcsdoknb5xqh3my,failed,not_found,125,EBE718E1A49EE229071702964F8DB1F318075FF8,62468408C3D5E66141C59A6381E969B25F1ADBC5,D777D31F95081D0F7223AAD5F8A74977D524145D,005079A42356183CEA5A3ADD239303F44F12E7EA,2020-09-26 22:34:59.565000,2020-09-26 22:35:04.263000
6fcsdoknb5xqh3my,failed,not_found,130,EBE718E1A49EE229071702964F8DB1F318075FF8,AEF6C1FBA0FC16F4931638BF065085B974D3E90F,38F74AD4503689A3FD5DCADC11783F8D8255F839,2A231A5CA7AF91029B7475511D7D16DF85EC9221,2020-09-26 22:35:04.263000,2020-09-26 22:35:05.466000
6fcsdoknb5xqh3my,failed,not_found,150,EBE718E1A49EE229071702964F8DB1F318075FF8,0723AD6D05F2168ABF387025795A8D16EF02F20A,383CFCF03B225B3EDCA519197BAA310A58CEAABC,2A2317324FEE89B9E6B0E3F53AF42B4C7BA34882,2020-09-26 22:35:05.467000,2020-09-26 22:35:06.489000
6fcsdoknb5xqh3my,failed,not_found,164,EBE718E1A49EE229071702964F8DB1F318075FF8,E76E2BC2FC9273BFBA38947EB5572076270D49D5,CD10B52ACC8A0AD7D1B4C40B849771BD1D0DFF45,005ED97213F725867E422B8DC0443361BBB24E3C,2020-09-26 22:35:06.489000,2020-09-26 22:35:07.166000
uawi42oxywjgfrdq,failed,not_found,49,EBE718E1A49EE229071702964F8DB1F318075FF8,A59AD84F92B2E5A76EBFE3BE62D3B28AF9BFD127,724E86E7F5DA715529DC0ECAA013AE4BDC680E4C,10CA859C429A17EFF704CC53D0080940148D59DA,2020-09-26 22:34:57.493000,2020-09-26 22:34:58.282000
uawi42oxywjgfrdq,failed,not_found,56,EBE718E1A49EE229071702964F8DB1F318075FF8,438F3EA4C9FB0DB63F5377A3271AB5435FAD7E04,63B32F7E5389E8DBC5E1BCEFE48312DA7CCEF5D6,0F89912E6A4C4A8ACE43C58FF8B83CA299BFF74F,2020-09-26 22:34:58.282000,2020-09-26 22:34:58.886000
uawi42oxywjgfrdq,failed,not_found,68,EBE718E1A49EE229071702964F8DB1F318075FF8,9A48EC8AAFB2E8C9E20408596383DB74F1196747,41A3C16269C7B63DB6EB741DBDDB4E1F586B1592,0F85E6DB0E4A3B6FDDF7C9452C9B5D089B11979D,2020-09-26 22:34:58.887000,2020-09-26 22:34:59.816000
uawi42oxywjgfrdq,failed,not_found,79,EBE718E1A49EE229071702964F8DB1F318075FF8,EFCCA5852D18207A7A93C13EF3460458CAAEA9D9,58F3E2956EABB81F673E2FB90E16E001DB4AC3AE,10A5EFCCD2FB9C1A4AC20FB779A5DB11B58957A7,2020-09-26 22:34:59.816000,2020-09-26 22:35:00.812000
uawi42oxywjgfrdq,failed,not_found,92,EBE718E1A49EE229071702964F8DB1F318075FF8,7ED3D8AFAC750F8CC0BDF8C87FE3BCBA2BBE2209,B74DABBE248B935CDC1038CD5C9280878C8C94E7,10B689D11CDCB8EB74BF394880508C975058C608,2020-09-26 22:35:00.812000,2020-09-26 22:35:01.764000
uawi42oxywjgfrdq,failed,not_found,101,EBE718E1A49EE229071702964F8DB1F318075FF8,7ED3D8AFAC750F8CC0BDF8C87FE3BCBA2BBE2209,021DDCD687FD505B7EA7E75DA6CEF0D778AA07FB,0FADA801B150261109DD1F492BB10CE39C83A782,2020-09-26 22:35:01.764000,2020-09-26 22:35:02.738000
l7cpthc2mmfitedc,failed,not_found,62,EBE718E1A49EE229071702964F8DB1F318075FF8,7FA3FA525901A91A1310B817943668BC2C16289E,F4263275CF54A6836EE7BD527B1328836A6F06E1,63F0043819468FD86C761EAE45B4B72DB9A795B9,2020-09-26 22:34:58.483000,2020-09-26 22:34:59.232000
l7cpthc2mmfitedc,failed,not_found,71,EBE718E1A49EE229071702964F8DB1F318075FF8,B0DB2F173F0DB364BABF7A465D796B3C048F1F33,447D9D775E89F81D512BBE4DCC0BC23BD078320B,1F97BE0788A261FF978C082E0AB44ADD96AF1F7A,2020-09-26 22:34:59.233000,2020-09-26 22:34:59.872000
l7cpthc2mmfitedc,failed,not_found,80,EBE718E1A49EE229071702964F8DB1F318075FF8,D079D6818926684C5979C18171FB18862A4A5792,A2CD32D9D0668DB764AD68C745CE29693CA851B9,63DE54637F349FD686CF1C036827B5BE826B9F7C,2020-09-26 22:34:59.872000,2020-09-26 22:35:00.709000
l7cpthc2mmfitedc,failed,not_found,91,EBE718E1A49EE229071702964F8DB1F318075FF8,98FB7574932DBD6FE9E75169982EDFBA50F86175,73A62B590CC4F290D068FA20A12D6408A0D8B60C,63E094A5447799673C1141134058F948074EAA63,2020-09-26 22:35:00.709000,2020-09-26 22:35:01.690000
l7cpthc2mmfitedc,failed,not_found,100,EBE718E1A49EE229071702964F8DB1F318075FF8,7B7C7F31205D7AEB5DFFEDA08E00282A78CD76E0,FB016E16B8CD7A0E53DEEF31ED8754E4F6B8E837,1F9BE9467BCA4D7502CDCCEE79BA3E666868EC1C,2020-09-26 22:35:01.691000,2020-09-26 22:35:02.393000
l7cpthc2mmfitedc,failed,not_found,105,EBE718E1A49EE229071702964F8DB1F318075FF8,E5CC91BAFE7CCD68003E873D32E38027638D49D7,930106E732385FD01810AB243E7022C42639BC06,1FA44BC51BF2416D3E44C9AAD732F7B14C0D1C05,2020-09-26 22:35:02.394000,2020-09-26 22:35:03.226000
atsaxm2rg5li7q5g,failed,not_found,63,EBE718E1A49EE229071702964F8DB1F318075FF8,7A3E534C033E3836BD5AF223B642853C502AB33A,277F5717A62B3A728C98B3168E484BC08B4997E3,C63D7C4FAE5424D6286411D33497A2191882EB0A,2020-09-26 22:34:58.489000,2020-09-26 22:34:59.289000
atsaxm2rg5li7q5g,failed,not_found,72,EBE718E1A49EE229071702964F8DB1F318075FF8,66BD39FE805AED414ADE400CAAD862C9CC3AC34E,EE7CD2A763435C7006095BD167C790ABE5BC4DEA,C63110BDD8736D2C2A733FF962F58D58FDE63A2D,2020-09-26 22:34:59.290000,2020-09-26 22:35:00.006000
atsaxm2rg5li7q5g,failed,not_found,81,EBE718E1A49EE229071702964F8DB1F318075FF8,568583D9E46C68045E2131CF403E48F21DF11F0A,461D6EA15966C7F99B43D37ADC116B5B8E47D130,C63F4EC7437193BD6070D5CBD0EABBB610DD02AA,2020-09-26 22:35:00.007000,2020-09-26 22:35:00.639000
atsaxm2rg5li7q5g,failed,not_found,89,EBE718E1A49EE229071702964F8DB1F318075FF8,996F98DDCDA5A303C0832AC8F842D8DD2842D3BF,A96DA63E4415E776FBFCCF3DA7154C804534B6E7,90633012A1A752D8D02FEC8374A4BF98941A1900,2020-09-26 22:35:00.639000,2020-09-26 22:35:02.526000
atsaxm2rg5li7q5g,failed,not_found,109,EBE718E1A49EE229071702964F8DB1F318075FF8,5790B62AD6C79A1092B30993A8F0F7F23A969FD6,E0023AC14180112A2FFF00A84C6049862BB3E6C3,903A2A7991C838E70FF5A586CD387749B3589669,2020-09-26 22:35:02.527000,2020-09-26 22:35:03.790000
atsaxm2rg5li7q5g,failed,not_found,127,EBE718E1A49EE229071702964F8DB1F318075FF8,7E65527BBA5AF598471999BB36734CA6FE389A8C,005079A42356183CEA5A3ADD239303F44F12E7EA,905EB77A63857E6EFCF04D734A547B0995D85C3B,2020-09-26 22:35:03.791000,2020-09-26 22:35:05.566000
qp4yhbyh7buz33mo,failed,not_found,74,EBE718E1A49EE229071702964F8DB1F318075FF8,17ABA734572DBB1050CF3800F0DD145BAE7ED9A7,91517F219F7648E4B8BBF3C162C77DDC55315612,FE9CB0E0629636EBD8D0C71F46E387B944C01BCF,2020-09-26 22:34:59.484000,2020-09-26 22:35:00.264000
qp4yhbyh7buz33mo,failed,not_found,84,EBE718E1A49EE229071702964F8DB1F318075FF8,B8805CBDBE91A5E68D268FC62DC617B5BD7CC9E7,B149064611DC466405E1825956F36B202DCE6E4A,FEA045FF57EE6A7E318DAF72AF916B5F8B0F4997,2020-09-26 22:35:00.265000,2020-09-26 22:35:01.162000
qp4yhbyh7buz33mo,failed,not_found,90,EBE718E1A49EE229071702964F8DB1F318075FF8,2D418A89F79DB4A8E658BA549FBB974D1D22DD1A,1C70C2AA7F3772CE07C4EF6B18A6E330150372EE,58FAB58A7DC8E99B9313F6E488E2140D4BE28416,2020-09-26 22:35:01.162000,2020-09-26 22:35:01.609000
qp4yhbyh7buz33mo,failed,not_found,98,EBE718E1A49EE229071702964F8DB1F318075FF8,4F0E5D4E184C40E2B9A89664005B308A1DEE3756,AFF320BA96E4338B61A008D2CA250FFE0E23B09C,FE857C3043412FD5454ED5FEF55C4C572E5B70CF,2020-09-26 22:35:01.610000,2020-09-26 22:35:02.366000
qp4yhbyh7buz33mo,failed,not_found,104,EBE718E1A49EE229071702964F8DB1F318075FF8,C49A177510CAA653DA6727BF0E07FB7F56A0F09D,35DBE43445BB44D817084200BA05E8A0573EDFD4,58ED9C9C35E433EE58764D62892B4FFD518A3CD0,2020-09-26 22:35:02.367000,2020-09-26 22:35:02.948000
qp4yhbyh7buz33mo,failed,not_found,110,EBE718E1A49EE229071702964F8DB1F318075FF8,D5C01B85FB3A48D55698CA660A2DE8935388816E,1CD48F4ED0F1821FFBF1940802A13EEFD4C27502,58F3E2956EABB81F673E2FB90E16E001DB4AC3AE,2020-09-26 22:35:02.949000,2020-09-26 22:35:03.259000
qcyo3mbcvc3tpurq,failed,not_found,75,EBE718E1A49EE229071702964F8DB1F318075FF8,EFCCA5852D18207A7A93C13EF3460458CAAEA9D9,B923D15EDF4E7B1261876860D51FAB907ED18347,C2EE40EE8451F27C2357E8B1EA1E8E6F642273EB,2020-09-26 22:34:59.493000,2020-09-26 22:35:00.257000
qcyo3mbcvc3tpurq,failed,not_found,83,EBE718E1A49EE229071702964F8DB1F318075FF8,6E4B0D429CD87AB6C25D72E298294C583FF8BA4A,F0B8B0371FD44A5CA3B05411176AE7EBD5B025BC,9C66AB3B7D9DDA2EA81AAF51BABA6D4331DF9592,2020-09-26 22:35:00.258000,2020-09-26 22:35:00.821000
qcyo3mbcvc3tpurq,failed,not_found,138,EBE718E1A49EE229071702964F8DB1F318075FF8,B728832F0AB11E5450EC320230E2B7D33EC08F49,8E7ACAD878BBD61097C0E0D557160F5D59BCE5CA,9C61FC0A01401EDF71C4048665E53968E81351FC,2020-09-26 22:35:00.821000,2020-09-26 22:35:05.204000
qcyo3mbcvc3tpurq,failed,not_found,145,EBE718E1A49EE229071702964F8DB1F318075FF8,AD7552F2CFBF472F9FFE748D3E82994EA6050A76,901CBA6FF3B90618D3FFEFF040353C267F690DF8,C2FB346ECEA48FC980AD442BADB7CD10E14E53A6,2020-09-26 22:35:05.204000,2020-09-26 22:35:06.533000
qcyo3mbcvc3tpurq,failed,not_found,167,EBE718E1A49EE229071702964F8DB1F318075FF8,D237E2F1FE64CA47F40544CB53403ABF8F51C3D8,CC2A573E9049FEF0D3982627C28B87CD876CA628,C2F653A5CEE30C8D5713FA4AE7F75E992A479196,2020-09-26 22:35:06.534000,2020-09-26 22:35:07.803000
qcyo3mbcvc3tpurq,failed,not_found,227,EBE718E1A49EE229071702964F8DB1F318075FF8,7A2A6F39F485C4FC95FB885FFF37C436FD2BB7E5,1F6ABD086F40B890A33C93CC4606EE68B31C9556,9C5AFD49AAE4E0272BAD780C6DD71CE1A36012A6,2020-09-26 22:35:07.803000,2020-09-26 22:35:12.879000
qejcpaz3hu3ggcux,failed,not_found,87,EBE718E1A49EE229071702964F8DB1F318075FF8,7D8EBB86CF2EB560F938BEF018E1D8FD6B36B327,24F97F98C45E4754655BE66799049763DAEE99CE,AE1337069C16BD843B6767328919C3349770459D,2020-09-26 22:35:00.487000,2020-09-26 22:35:01.558000
qejcpaz3hu3ggcux,failed,not_found,97,EBE718E1A49EE229071702964F8DB1F318075FF8,8859E68A7C95BD5AB403F16DAD92681E184D3710,73DCA56424912F69F1478D6630DF27CFE8F41439,AE08D159352237844C60E0153AC8578320922FB8,2020-09-26 22:35:01.559000,2020-09-26 22:35:02.690000
qejcpaz3hu3ggcux,failed,not_found,111,EBE718E1A49EE229071702964F8DB1F318075FF8,775B0FAFDE71AADC23FFC8782B7BEB1D5A92733E,66BD39FE805AED414ADE400CAAD862C9CC3AC34E,B2197C23A4FF5D1C49EE45BA7688BA8BCCD89A0B,2020-09-26 22:35:02.690000,2020-09-26 22:35:03.595000
qejcpaz3hu3ggcux,failed,not_found,119,EBE718E1A49EE229071702964F8DB1F318075FF8,4D136F1700DF10B8DEE9EEF20F56063AE3A7E55E,E00DFD54DC165D5452FBD3530D30186DAD016A0C,B214C768C88BB08F017BE30CBB603939F3DDA661,2020-09-26 22:35:03.595000,2020-09-26 22:35:04.568000
qejcpaz3hu3ggcux,failed,not_found,137,EBE718E1A49EE229071702964F8DB1F318075FF8,CF6B9B69DAC1F851D8073B2E1BB3FD7A50DB507D,9B2BC7EFD661072AFADC533BE8DCF1C19D8C2DCC,AE17FAAF8F302A506AF2167666EC62882804403F,2020-09-26 22:35:04.568000,2020-09-26 22:35:06.211000
qejcpaz3hu3ggcux,failed,not_found,159,EBE718E1A49EE229071702964F8DB1F318075FF8,91BAB54C6923454F4E5EDC59313C45002B238665,CC701FCE86D6AF95FC3D5B71645D3430794910C1,B22169DDB936E4CF4B8C81E9514BD05658466974,2020-09-26 22:35:06.212000,2020-09-26 22:35:06.744000
5yowuhlhq2fb6ej3,failed,not_found,88,EBE718E1A49EE229071702964F8DB1F318075FF8,0F89912E6A4C4A8ACE43C58FF8B83CA299BFF74F,FCC70D3F500C2EA62004137B0137201A93A2B57E,1F2077BF01CAF23F819D4892A89883196ABA842A,2020-09-26 22:35:00.496000,2020-09-26 22:35:02.526000
5yowuhlhq2fb6ej3,failed,not_found,108,EBE718E1A49EE229071702964F8DB1F318075FF8,BF37445EA2A9F3D04F4B87DFAC624AEF21B559D5,F6D600CF13B3BBE2A91A0653F1EC9D00E7CB3A6B,1F4105C688E835A56AF3D66C787677B57240FFA2,2020-09-26 22:35:02.526000,2020-09-26 22:35:03.256000
5yowuhlhq2fb6ej3,failed,not_found,115,EBE718E1A49EE229071702964F8DB1F318075FF8,E5CC91BAFE7CCD68003E873D32E38027638D49D7,221F035A330AC4231A2E3D901F1CB11483C19F66,1F037215FF7FE4710BFD0507AECE33C3A7CB6277,2020-09-26 22:35:03.257000,2020-09-26 22:35:04.747000
5yowuhlhq2fb6ej3,failed,not_found,141,EBE718E1A49EE229071702964F8DB1F318075FF8,AE95BDA37A5BB4685FEBB7F06649D6CE949B5316,76D2EBA82BBCCA3DF9F254A9A8372A10A26F3D14,9C07D2A954C68759DFDA4208A41DB47F3699B82F,2020-09-26 22:35:04.747000,2020-09-26 22:35:05.659000
5yowuhlhq2fb6ej3,failed,not_found,156,EBE718E1A49EE229071702964F8DB1F318075FF8,A191F6309396DAD373FE7E4D1EF64B40F38A3637,AAC6AE4A8ED164C3657D64E3EF980EEBB4BBC8A1,9C1559C46AD0279EEF6FD187E1B27D939C303086,2020-09-26 22:35:05.660000,2020-09-26 22:35:06.457000
5yowuhlhq2fb6ej3,failed,not_found,162,EBE718E1A49EE229071702964F8DB1F318075FF8,FEDF4998951A750D5D7974DF243035499E84882E,BA820A3CA53A4956C76C04B3BA170D7E67D2179A,9C1E47FF205F349D69D569AE7ED15366A5554A46,2020-09-26 22:35:06.458000,2020-09-26 22:35:07.246000
ziv2cdogtgch5uss,failed,not_found,95,EBE718E1A49EE229071702964F8DB1F318075FF8,6E4B0D429CD87AB6C25D72E298294C583FF8BA4A,211310CD09EC290505C1F24018AE5330076412A0,E605E70E86A7777A22DF2259DFA9C5360B54346A,2020-09-26 22:35:01.488000,2020-09-26 22:35:02.219000
ziv2cdogtgch5uss,failed,not_found,99,EBE718E1A49EE229071702964F8DB1F318075FF8,64FC9B3852BA7EC74E79BD4099D850C338009E77,6565F31D9EC0C7DFFEA1920BE3BA4C73EF35B5C4,E617AD78CD262D6F68817BE6B178063B35F5FF77,2020-09-26 22:35:02.219000,2020-09-26 22:35:03.121000
ziv2cdogtgch5uss,failed,not_found,113,EBE718E1A49EE229071702964F8DB1F318075FF8,C0CBBD17F848C8F9A49104A96DB498013B30F14F,F8DE8132E599A194E20DDB738AF64A7200CD5949,22775B953E662151549C114CB8EE5FBDBCBDAD02,2020-09-26 22:35:03.122000,2020-09-26 22:35:04.079000
ziv2cdogtgch5uss,failed,not_found,128,EBE718E1A49EE229071702964F8DB1F318075FF8,66C102FA5DDF48C9EEEB048C1630933B66C50ECC,4623A9EC53BFD83155929E56D6F7B55B5E718C24,E61D63442BE06CC8CCA60C972DE1C3AE3DD7871E,2020-09-26 22:35:04.079000,2020-09-26 22:35:04.910000
ziv2cdogtgch5uss,failed,not_found,139,EBE718E1A49EE229071702964F8DB1F318075FF8,E46C3F0533709EE2112874B13A4FE3868B33E75E,E5A3CA10182C35F691BCF678F193D10F4B0F972F,229D865D7AC084D30E5F5016CE5A8C21740F74F4,2020-09-26 22:35:04.910000,2020-09-26 22:35:05.285000
ziv2cdogtgch5uss,failed,not_found,147,EBE718E1A49EE229071702964F8DB1F318075FF8,DA53984DBA28420169F34F4F44CB24E3A0946747,A597AC866E40CAB5A67759ADE4942192E99DE684,22979D549AA1F0B7748A092E723D1926AC9FE570,2020-09-26 22:35:05.285000,2020-09-26 22:35:06.174000
6pqzryu2wt3up3os,failed,not_found,96,EBE718E1A49EE229071702964F8DB1F318075FF8,E3D61BAEA0B7CB12CACEDC8821C520557BDFCEA3,64E257D94E739278D5954CC820C9D7EAC4E7A7B7,60B1681670B185813E762B71F3C3B129A981F37B,2020-09-26 22:35:01.497000,2020-09-26 22:35:02.063000
6pqzryu2wt3up3os,failed,not_found,103,EBE718E1A49EE229071702964F8DB1F318075FF8,A59AD84F92B2E5A76EBFE3BE62D3B28AF9BFD127,8FD3BAF5E14EBE1124D6253D59882AFE1C2B9B8E,D89267FB10BF625D31FF7687AF7D12B03BBF757C,2020-09-26 22:35:02.063000,2020-09-26 22:35:02.858000
6pqzryu2wt3up3os,failed,not_found,112,EBE718E1A49EE229071702964F8DB1F318075FF8,24F97F98C45E4754655BE66799049763DAEE99CE,427E5C8ADC43B09582DDDA80EA8EDFBD05DF5003,D8733048FC8EC9102466AD8F3098622BF1BF71FD,2020-09-26 22:35:02.858000,2020-09-26 22:35:03.618000
6pqzryu2wt3up3os,failed,not_found,120,EBE718E1A49EE229071702964F8DB1F318075FF8,461453F94FA0E3CBB011685E22CDAFD2AF0DFDC3,F1D2914852B0E05452E93C80D57E0F713C4C98F4,60A5547B2203DD2E148EF9BDD6FF3891081C5DF4,2020-09-26 22:35:03.619000,2020-09-26 22:35:04.721000
6pqzryu2wt3up3os,failed,not_found,140,EBE718E1A49EE229071702964F8DB1F318075FF8,90633012A1A752D8D02FEC8374A4BF98941A1900,B74DABBE248B935CDC1038CD5C9280878C8C94E7,609E598FB6A00BCF7872906B602B705B64541C50,2020-09-26 22:35:04.722000,2020-09-26 22:35:05.587000
6pqzryu2wt3up3os,failed,not_found,154,EBE718E1A49EE229071702964F8DB1F318075FF8,C89F338C54C21EDA9041DC8F070A13850358ED0B,21E9162916687FDC3CD966D11F34766F51902B45,D82943434B24204FBF1B4B818CFEA64F205DEAC3,2020-09-26 22:35:05.587000,2020-09-26 22:35:07.932000
untgusgsxqgefm2l,failed,not_found,106,EBE718E1A49EE229071702964F8DB1F318075FF8,3D5D6178C44537E3692853B344385F6572A55767,7B57933E29D520471D7E67AB48B06B62832828F9,654D634FC4281B16FAB7217BABDC3F179A8F2D29,2020-09-26 22:35:02.488000,2020-09-26 22:35:03.365000
untgusgsxqgefm2l,failed,not_found,142,EBE718E1A49EE229071702964F8DB1F318075FF8,74F44514E060866912DFFE1554D0D135C9DC5148,01B70C7C497FC8667DB5EB82C40D8F9214D6A484,A0C5DDC55CECAFC31DC3909BCB344603E6A507CF,2020-09-26 22:35:03.365000,2020-09-26 22:35:06.489000
untgusgsxqgefm2l,failed,not_found,163,EBE718E1A49EE229071702964F8DB1F318075FF8,4CE6D83FFA8AD24767007E8C972F371F2468F09A,0935BA9178F9E3B50C99DD53F723865FC224CFA8,65379EED488599B0A1512E80D4743BC9125CB306,2020-09-26 22:35:06.489000,2020-09-26 22:35:07.166000
untgusgsxqgefm2l,failed,not_found,175,EBE718E1A49EE229071702964F8DB1F318075FF8,BFC2EEBFE31AA782949AA7D410046BF28EAF89C8,42D47C736518BFA495CA31AEE40AE468F0BDA2A6,656347EBA74F6320B85192EE22F805CF50098711,2020-09-26 22:35:07.166000,2020-09-26 22:35:08.737000
untgusgsxqgefm2l,failed,not_found,193,EBE718E1A49EE229071702964F8DB1F318075FF8,C5BF27560E4B007365FBA96D32F9E74614218C8E,B2D03CDF45EB4D74A65FAC4F00EBA785C9663A5F,A0C59410B9030AC1385C4CA44C8DBFE13AF4BC9B,2020-09-26 22:35:08.737000,2020-09-26 22:35:09.437000
untgusgsxqgefm2l,failed,not_found,198,EBE718E1A49EE229071702964F8DB1F318075FF8,44354E35E9F7F97AF27686D03B0D591686E35394,0990E0F4F2C127BDDA9B6726400FAC077F6C83B0,A0BA38A5AB64350CEC343872F852EDF30D941326,2020-09-26 22:35:09.438000,2020-09-26 22:35:10.575000
hligukzw7oecpqf2,failed,not_found,107,EBE718E1A49EE229071702964F8DB1F318075FF8,6E4B0D429CD87AB6C25D72E298294C583FF8BA4A,D4C381686A379E3CC3C09F95E1F6E4BFF27C489C,1D81272219B679D511930499AD8286BCD8F6C445,2020-09-26 22:35:02.496000,2020-09-26 22:35:03.227000
hligukzw7oecpqf2,failed,not_found,114,EBE718E1A49EE229071702964F8DB1F318075FF8,79D110419709C4B3D1F92FC3CE121B5317DBE8B3,6E3B4821305D96F167C392DBE5A13240D6CCE024,1D89A810BDF84522B6036034F499A766EF294DB1,2020-09-26 22:35:03.227000,2020-09-26 22:35:03.990000
hligukzw7oecpqf2,failed,not_found,126,EBE718E1A49EE229071702964F8DB1F318075FF8,3C79699D4FBC37DE1A212D5033B56DAE079AC0EF,CE68E04E721157C4FEB99FFAA9037F3B0B7E1CCD,1D702DA43D588FE9D308D3879A6F5E61BB2ECCFA,2020-09-26 22:35:03.991000,2020-09-26 22:35:04.413000
hligukzw7oecpqf2,failed,not_found,131,EBE718E1A49EE229071702964F8DB1F318075FF8,1270F39EF4D3B2EE87927F2D7CE44D7D417359AA,8056080EE822B5CA1A8FFF52B7242A82C5E42FBB,22775B953E662151549C114CB8EE5FBDBCBDAD02,2020-09-26 22:35:04.413000,2020-09-26 22:35:05.229000
hligukzw7oecpqf2,failed,not_found,146,EBE718E1A49EE229071702964F8DB1F318075FF8,FB691D6E3FEE35C6979EE72AF03A53DD861B4CBB,90D43CF5541ECF57C1833FED33FFDFF239C4817C,229D865D7AC084D30E5F5016CE5A8C21740F74F4,2020-09-26 22:35:05.230000,2020-09-26 22:35:05.898000
hligukzw7oecpqf2,failed,not_found,157,EBE718E1A49EE229071702964F8DB1F318075FF8,66BD39FE805AED414ADE400CAAD862C9CC3AC34E,964B4E8A75263A69769541F2764563DABDD995D2,22979D549AA1F0B7748A092E723D1926AC9FE570,2020-09-26 22:35:05.899000,2020-09-26 22:35:07.228000
5eolegwdj3hqfbw2,failed,not_found,117,EBE718E1A49EE229071702964F8DB1F318075FF8,400C053623F36C5C3D1CFC73F1AB9DA6E24DEEB7,D237E2F1FE64CA47F40544CB53403ABF8F51C3D8,C0AEABA1B55519FE5384AA44D0312BE98216DA71,2020-09-26 22:35:03.486000,2020-09-26 22:35:04.159000
5eolegwdj3hqfbw2,failed,not_found,129,EBE718E1A49EE229071702964F8DB1F318075FF8,5FB384605F53DCBF1CB02143D318DA3E8EE38A24,29A39144AD141242436D07901F7A8B91F7516A66,ABA31795BAD2AB8097F3AD0FE1A920E518D3D3F3,2020-09-26 22:35:04.159000,2020-09-26 22:35:05.192000
5eolegwdj3hqfbw2,failed,not_found,144,EBE718E1A49EE229071702964F8DB1F318075FF8,6B13A4EC169E4FB0F3141E1AE4307966569FA47C,44BD70C13DAA7513D6F47773804178B009F21ED5,C0BAB92DD18FF83E315CC114238F71CF6E782D66,2020-09-26 22:35:05.192000,2020-09-26 22:35:07.001000
5eolegwdj3hqfbw2,failed,not_found,171,EBE718E1A49EE229071702964F8DB1F318075FF8,5FCBBEF37C1C629DBACFD4044F724740901CCBAA,6C71AC0B8FB6E0255C100DCAE0C283FB3F2F1CC2,C0BFC0A0341BD0293F093DEC6966B99038A31B79,2020-09-26 22:35:07.002000,2020-09-26 22:35:08.096000
5eolegwdj3hqfbw2,failed,not_found,184,EBE718E1A49EE229071702964F8DB1F318075FF8,E4B6C117761DF05ABC08AD0A0EAE82D97014C427,E130296683B896A117CE5DA531A5645644178734,ABF940561A8E528559747D2237847E1BD823CDB8,2020-09-26 22:35:08.096000,2020-09-26 22:35:09.363000
5eolegwdj3hqfbw2,failed,not_found,197,EBE718E1A49EE229071702964F8DB1F318075FF8,327F5823438B8EC86EC33355C147D8455AB1C14B,EC80EECFCD599612C9A74678C8001146450141E8,AC00AEBA1AE2A80CF4184C4362157BF91487B902,2020-09-26 22:35:09.364000,2020-09-26 22:35:10.574000
47ytfbvuoxiwiw3k,failed,not_found,118,EBE718E1A49EE229071702964F8DB1F318075FF8,69E188B18B4DDBB39F93D8D26DE8FEA5D42018FE,9B047A91AC809AA020A1F42E3E785DBCEBF3652F,138ED47EE2156E6492FDE0B61338D973C9717F32,2020-09-26 22:35:03.495000,2020-09-26 22:35:04.512000
47ytfbvuoxiwiw3k,failed,not_found,135,EBE718E1A49EE229071702964F8DB1F318075FF8,ACA0B8702A6A0B890217A3D26B7220EB6E1CFFD1,92BBADCB0697F5EB1792C607EE2DC1C291A98ADC,13A34AD03EE2DF8B7193851DD8E795ADDE280A3D,2020-09-26 22:35:04.513000,2020-09-26 22:35:05.299000
47ytfbvuoxiwiw3k,failed,not_found,148,EBE718E1A49EE229071702964F8DB1F318075FF8,484F666C491BCDE22B45E0E19D1CEA5ACC5A9611,4E5C4ED5CC70E5A32B48392FF72CC4BE24937EDA,139C86C4C9BC94E89BAF79B15EBFDF9396DD5BB0,2020-09-26 22:35:05.299000,2020-09-26 22:35:06.287000
47ytfbvuoxiwiw3k,failed,not_found,160,EBE718E1A49EE229071702964F8DB1F318075FF8,CE2548FBDDE5E301C309AC075A3198C075512282,8EE28EAF0874AF9B03EBBD79B5EB5059E2547355,FD2F9B881AC640100C428DF47DC9A863DC2F2536,2020-09-26 22:35:06.287000,2020-09-26 22:35:08.569000
47ytfbvuoxiwiw3k,failed,not_found,191,EBE718E1A49EE229071702964F8DB1F318075FF8,79B207AD51842FA215D956B9307B3D01CD347368,20462CBA5DA4C2D963567D17D0B7249718114A68,FD127D1014ED3D36AFE50558A88BD5E8DB34A645,2020-09-26 22:35:08.570000,2020-09-26 22:35:09.460000
47ytfbvuoxiwiw3k,failed,not_found,200,EBE718E1A49EE229071702964F8DB1F318075FF8,0C3D5E19E3C75B505C8ACD26F89DCA2DF970553E,8BE79CE3261C027CE94F84D6CBE45F03BE9B8B59,FD47FA4A74C2BA062EC731286930B97FA873A7D6,2020-09-26 22:35:09.461000,2020-09-26 22:35:10.398000
yafwqrq6el4tavd7,failed,not_found,134,EBE718E1A49EE229071702964F8DB1F318075FF8,3CCF9573F59137E52787D9C322AC19D2BD090B70,7FF1A673A5E1F7E9D2495A36C185B890DBD96553,F98A70E5427BFF111640011F7AE31E537ECF1DD2,2020-09-26 22:35:04.492000,2020-09-26 22:35:05.564000
yafwqrq6el4tavd7,failed,not_found,190,EBE718E1A49EE229071702964F8DB1F318075FF8,A99B0D9E5FD5BC3C8F2D006EC91F8C7F40E09CB8,61004152C709672EE739F2667B56EF5550A51332,E235941C8403FB63EC91436FA4DCF6B020EB51A2,2020-09-26 22:35:05.565000,2020-09-26 22:35:09.493000
yafwqrq6el4tavd7,failed,not_found,203,EBE718E1A49EE229071702964F8DB1F318075FF8,05FEA2DB1FD29DE229B589DFEF5E80A5C6C7EE9E,CD39C258265B25EAA4ABA4FDCB2DF98104CAA362,E26635F9ED41CDA8467C2AA992D81074337602EF,2020-09-26 22:35:09.494000,2020-09-26 22:35:10.438000
yafwqrq6el4tavd7,failed,not_found,211,EBE718E1A49EE229071702964F8DB1F318075FF8,AAC6AE4A8ED164C3657D64E3EF980EEBB4BBC8A1,DEA84F08432800346BADB35F1EAC1B2A4D5B165D,F9A28AB71D7E4E446308641A556EA53BA55FCB50,2020-09-26 22:35:10.439000,2020-09-26 22:35:11.871000
yafwqrq6el4tavd7,failed,not_found,232,EBE718E1A49EE229071702964F8DB1F318075FF8,1DC17C4A52A458B5C8B1E79157F8665696210E10,0A7208B8903DD3FF5CDFA218A3823AF498CE69CE,F9910CE2A3E9D467FCDD9D5228695BA1827B010D,2020-09-26 22:35:11.871000,2020-09-26 22:35:12.675000
yafwqrq6el4tavd7,failed,not_found,242,EBE718E1A49EE229071702964F8DB1F318075FF8,FF21B755C60C998E25EDC5864F709C2ED5C38F9D,6B9D83843DBD686DBB8066989BFCC90303F67B05,E233F3609689B34A86B15ECEB6DE7B51AA311704,2020-09-26 22:35:12.675000,2020-09-26 22:35:14.134000
xutgxlbqqqwmdykj,failed,not_found,136,EBE718E1A49EE229071702964F8DB1F318075FF8,F569731C9CA2270563A1B056ED9378CC99BE3DAC,24F97F98C45E4754655BE66799049763DAEE99CE,6EEF8446BF9D43DA7F7D8505BDFC49BBE64BF822,2020-09-26 22:35:04.513000,2020-09-26 22:35:06.162000
xutgxlbqqqwmdykj,failed,not_found,158,EBE718E1A49EE229071702964F8DB1F318075FF8,5FD8DA8E88DADB97D132A56ADE73DB60F21A9393,F836446663F1EB816F13708955F105D0B2F5C8E0,6F1A2314C4A1ADEDFB7D419B6BB10D7BC40119F6,2020-09-26 22:35:06.162000,2020-09-26 22:35:07.795000
xutgxlbqqqwmdykj,failed,not_found,181,EBE718E1A49EE229071702964F8DB1F318075FF8,3FE39429CB7077BBB13D2774591A1B80EE493742,E75F2ACA1A18291AFE52E6BE0BAC1F805ABC1439,6EF78BB131DA33F9D266BC4BB5972261E34DBD13,2020-09-26 22:35:07.795000,2020-09-26 22:35:09.084000
xutgxlbqqqwmdykj,failed,not_found,192,EBE718E1A49EE229071702964F8DB1F318075FF8,AAC6AE4A8ED164C3657D64E3EF980EEBB4BBC8A1,3A9443710224E5182895C342D1D36C1D460A1206,57CB4D6FB898E8B7CA9A01018AB6BCB727BF20A9,2020-09-26 22:35:09.084000,2020-09-26 22:35:09.473000
xutgxlbqqqwmdykj,failed,not_found,201,EBE718E1A49EE229071702964F8DB1F318075FF8,3A27CC4147062E4EFDF46F848FEA7FF032A04E5F,24F97F98C45E4754655BE66799049763DAEE99CE,580534A3F0676CA97BD48A3630106A10B904900E,2020-09-26 22:35:09.473000,2020-09-26 22:35:11.019000
xutgxlbqqqwmdykj,failed,not_found,219,EBE718E1A49EE229071702964F8DB1F318075FF8,014BD09636373B78CC28BA70E36C7190E3DE236A,819C8AFEDAC733315A8F3DB80F043F13090C49F6,57C6DF5B93E54EB9C8DB90029D9E9A1111BD34D2,2020-09-26 22:35:11.020000,2020-09-26 22:35:11.896000
r2ocgwfqslul4wm5,failed,not_found,151,EBE718E1A49EE229071702964F8DB1F318075FF8,A4F11D693FAB6E949B2B7C18153C3F7989896007,D23F48B37526F904EECB3C8ED0747EF254C11BB4,45E2D7BE8D42A13A627BE13A66503F848861C5DE,2020-09-26 22:35:05.489000,2020-09-26 22:35:06.576000
r2ocgwfqslul4wm5,failed,not_found,195,EBE718E1A49EE229071702964F8DB1F318075FF8,CBD0D1BD110EC52963082D839AC6A89D0AE243E7,AFF320BA96E4338B61A008D2CA250FFE0E23B09C,D8733048FC8EC9102466AD8F3098622BF1BF71FD,2020-09-26 22:35:06.577000,2020-09-26 22:35:10.134000
r2ocgwfqslul4wm5,failed,not_found,205,EBE718E1A49EE229071702964F8DB1F318075FF8,2E12778C3FBE28C9E9C8AC6A76FF4509DC41599B,ADD35A22BF77D56AFC18CF58E5D8E2604B8985CF,D8A1F5A8EA1AF53E3414B9C48FE6B10C31ACC9B2,2020-09-26 22:35:10.134000,2020-09-26 22:35:10.856000
r2ocgwfqslul4wm5,failed,not_found,216,EBE718E1A49EE229071702964F8DB1F318075FF8,39F096961ED2576975C866D450373A9913AFDC92,5CE3AD8AD04ADE66C0037A3CF5F7F7A40D48A20B,D89267FB10BF625D31FF7687AF7D12B03BBF757C,2020-09-26 22:35:10.856000,2020-09-26 22:35:12.430000
r2ocgwfqslul4wm5,failed,not_found,235,EBE718E1A49EE229071702964F8DB1F318075FF8,05C621B44EF6833889AE7B7E2A0B476569C47E37,BF37445EA2A9F3D04F4B87DFAC624AEF21B559D5,45D81A594C458BAA2AFADADC507B6C784EB68D63,2020-09-26 22:35:12.431000,2020-09-26 22:35:13.194000
r2ocgwfqslul4wm5,failed,not_found,246,EBE718E1A49EE229071702964F8DB1F318075FF8,88CF8D42D49B7C8E9D03ABE5DAE7AF25E9902008,18B160CD5E22BFC345AEE7BA84B7EA45BF457FCA,45D8C1EEFF044043AA6806C4B9130F8F189EF316,2020-09-26 22:35:13.195000,2020-09-26 22:35:13.863000
wuvcftqcipqfrs5i,failed,not_found,152,EBE718E1A49EE229071702964F8DB1F318075FF8,101C18886B30BB23B36CBAAD159261188852E112,A1FEE8537C847D330F1F7F592BE24360C5D6051F,FACAE9DD19315898E1B61FA9B3F786B03040BE75,2020-09-26 22:35:05.497000,2020-09-26 22:35:06.126000
wuvcftqcipqfrs5i,failed,not_found,155,EBE718E1A49EE229071702964F8DB1F318075FF8,ACA0B8702A6A0B890217A3D26B7220EB6E1CFFD1,053C847373A2F82106370DBB016B5E8A14DA9101,8370FC4C190D0020FA594D8232DFE34B5B30AF05,2020-09-26 22:35:06.127000,2020-09-26 22:35:06.645000
wuvcftqcipqfrs5i,failed,not_found,169,EBE718E1A49EE229071702964F8DB1F318075FF8,ACA0B8702A6A0B890217A3D26B7220EB6E1CFFD1,9B047A91AC809AA020A1F42E3E785DBCEBF3652F,838749E0065B79086D12B5C1D7869B99EEFE1DB0,2020-09-26 22:35:06.645000,2020-09-26 22:35:07.235000
wuvcftqcipqfrs5i,failed,not_found,174,EBE718E1A49EE229071702964F8DB1F318075FF8,AC990FD1FF5058EFA43A809E948B23EF998D021B,C5A1D5B7CB0D12A7B7334F2915134E6DA8F5C46D,FABCC633B0DEEE6FABEF3FA415A2B0038B2A5A00,2020-09-26 22:35:07.236000,2020-09-26 22:35:08.123000
wuvcftqcipqfrs5i,failed,not_found,179,EBE718E1A49EE229071702964F8DB1F318075FF8,A400CF836DA351ADDAD9BA350C1ABA350264A4E0,BB004C7F4C5C9FAE5E001864537F89388444F572,FAC70E0E2B41FF5DB186708D13C06985CCC116E3,2020-09-26 22:35:08.123000,2020-09-26 22:35:08.745000
wuvcftqcipqfrs5i,failed,not_found,194,EBE718E1A49EE229071702964F8DB1F318075FF8,D8A2D0080B0C73E1DC0EC9F33B497F64E5FB3F52,59EA74708A9C1A24D2EB1A2F150C27119A5FC2A6,837D5EA513DF7FDDA36BE569C646151CDA4B9935,2020-09-26 22:35:08.746000,2020-09-26 22:35:09.314000
edfn4s3obmnxagr4,failed,not_found,165,EBE718E1A49EE229071702964F8DB1F318075FF8,BCDE75725B927738B6FD34EA2D78F4FA77B99848,CF6B9B69DAC1F851D8073B2E1BB3FD7A50DB507D,77E01A5D31748474C4F5F086C2461E04A26B34F1,2020-09-26 22:35:06.532000,2020-09-26 22:35:07.769000
edfn4s3obmnxagr4,failed,not_found,180,EBE718E1A49EE229071702964F8DB1F318075FF8,98867F5242505A2DD581C85B1CE256090B87F138,41145C3169D810DB360FF2FCA232093B02C0B262,F21760E63FE2BB45629BB14FCDB0FD677485DAF8,2020-09-26 22:35:07.770000,2020-09-26 22:35:08.317000
edfn4s3obmnxagr4,failed,not_found,185,EBE718E1A49EE229071702964F8DB1F318075FF8,FBC2856A48705F3ED17E504F8FC89EC6433ED25D,5C8A60F3F936C1FCD64D9ACFBCFF898E51A4D179,77FE98445048C5776661BB54AECAA7A11AE85D78,2020-09-26 22:35:08.318000,2020-09-26 22:35:10.367000
edfn4s3obmnxagr4,failed,not_found,210,EBE718E1A49EE229071702964F8DB1F318075FF8,F4D3FBD1E4918978D1D13604798CECB5EE5C9188,9EB3FD84065E5622A57EFEF14E41A01B5B99A022,F21DE9C7DE31601D9716781E17E24380887883D1,2020-09-26 22:35:10.367000,2020-09-26 22:35:11.385000
edfn4s3obmnxagr4,failed,not_found,222,EBE718E1A49EE229071702964F8DB1F318075FF8,FD79B7F9230858B48E75F389661840C702511078,721F80504A717309A8EBA47729EB1E474A95A61F,77DD258F0D58792E0DCBDAA0BC66A1DC5F8D84AD,2020-09-26 22:35:11.385000,2020-09-26 22:35:12.169000
edfn4s3obmnxagr4,failed,not_found,228,EBE718E1A49EE229071702964F8DB1F318075FF8,C1B79C4CD9B713BBB6B0522155B46A7BFE3BFAAE,79D9E66BB2FDBF25E846B635D8248FE1194CFD26,F21DFB7CCD5EEF3E021086EC96EF7CFCAA72F4F3,2020-09-26 22:35:12.169000,2020-09-26 22:35:12.543000
e5byfymcgg7qtpcp,failed,not_found,166,EBE718E1A49EE229071702964F8DB1F318075FF8,BFC6E7F298D581344DFCE95BB7EE9EDE1FC0745B,061E0496931D23A81A2B685C9339D36857DD0FA1,1D81272219B679D511930499AD8286BCD8F6C445,2020-09-26 22:35:06.533000,2020-09-26 22:35:07.228000
e5byfymcgg7qtpcp,failed,not_found,173,EBE718E1A49EE229071702964F8DB1F318075FF8,885CFB6921E6E7716BB64783348DDB06E17E5B5A,CEC0E348E90D60EBC562F338499E1C74298F9DDA,BB0C636DE89CAC6C995CB380AAC8C4AAAB731BA8,2020-09-26 22:35:07.228000,2020-09-26 22:35:08.500000
e5byfymcgg7qtpcp,failed,not_found,189,EBE718E1A49EE229071702964F8DB1F318075FF8,465D17C6FC297E3857B5C6F152006A1E212944EA,87D73471FDC64BD9CEDF84435D20CA4EB5C36FE8,1D8DE4EF4BFA38D366FCE7249DC41A540D8E1EB9,2020-09-26 22:35:08.500000,2020-09-26 22:35:09.737000
e5byfymcgg7qtpcp,failed,not_found,206,EBE718E1A49EE229071702964F8DB1F318075FF8,E5CC91BAFE7CCD68003E873D32E38027638D49D7,B4A96C0852DD0841579D33E09A98D641EACCD73E,1D89A810BDF84522B6036034F499A766EF294DB1,2020-09-26 22:35:09.737000,2020-09-26 22:35:10.489000
e5byfymcgg7qtpcp,failed,not_found,212,EBE718E1A49EE229071702964F8DB1F318075FF8,8EA58F28DCA60F56C6F2131BDFE9BF5FAF2233CE,0F6E5CA4BF5565D9AA9FDDCA165AFC6A5305763D,BB12ECF3DCF12B187CFD735DAC68F98A3E13DEE2,2020-09-26 22:35:10.490000,2020-09-26 22:35:11.261000
e5byfymcgg7qtpcp,failed,not_found,221,EBE718E1A49EE229071702964F8DB1F318075FF8,DC2B1E4348AF306326FA63EEDB76EA6139133485,E3500E2C9F6B87085056893C4279AEA0B3F37782,BB264DD1A7689EED7F8AF892BA783FBCC66B3635,2020-09-26 22:35:11.261000,2020-09-26 22:35:12.296000
irbhadsn3uao2uil,failed,not_found,177,EBE718E1A49EE229071702964F8DB1F318075FF8,1D702DA43D588FE9D308D3879A6F5E61BB2ECCFA,9EFF16EA25FF27BC438A3FBF23C5315E576467AF,CB4EBE9C475A60A5F2CDA92C83CE093BD945D940,2020-09-26 22:35:07.485000,2020-09-26 22:35:08.411000
irbhadsn3uao2uil,failed,not_found,284,EBE718E1A49EE229071702964F8DB1F318075FF8,02758CD398E3F842EF82478078AAAE0273770DB2,22E6FBDB8D77B4C0FA017D6C5F9B45BECDCBCFF8,CB2DBDB2D9422D57AD85148EF9511AF4CE4D6052,2020-09-26 22:35:08.411000,2020-09-26 22:35:16.399000
irbhadsn3uao2uil,failed,not_found,290,EBE718E1A49EE229071702964F8DB1F318075FF8,AA8B7237B4D2C76ED4AF24B3B47B375812AACC83,9C34EAD957DF77978BCF356F3F96B9A79E3961CB,CB5735385E25A292427963BF2E0D699EDAC64B96,2020-09-26 22:35:16.399000,2020-09-26 22:35:17.460000
irbhadsn3uao2uil,failed,not_found,303,EBE718E1A49EE229071702964F8DB1F318075FF8,3D615DEF97F387631F50201FAFA6E7B67FDF3FEF,FD449127D30D8F5D124653D9EF736EDF4A12B4DC,C5A1D5B7CB0D12A7B7334F2915134E6DA8F5C46D,2020-09-26 22:35:17.460000,2020-09-26 22:35:18.104000
irbhadsn3uao2uil,failed,not_found,313,EBE718E1A49EE229071702964F8DB1F318075FF8,7997C3FC88B02A2C6FEF96C5F5B5C50DD7DA2E2C,FD79B7F9230858B48E75F389661840C702511078,C59E079437340E3AD14E6785C0A91A5B6F328566,2020-09-26 22:35:18.104000,2020-09-26 22:35:19.212000
irbhadsn3uao2uil,failed,not_found,326,EBE718E1A49EE229071702964F8DB1F318075FF8,EA3616A0B9BBBDC74121D8D6F01EABDDCF6BE35D,2A621A40FF3081F612946FDFB8DC781BCE859A05,C58DE93ED11CBB74823669F7C6E41D513F2049BE,2020-09-26 22:35:19.213000,2020-09-26 22:35:19.942000
m37lj3ww3zfgwfnm,failed,not_found,196,EBE718E1A49EE229071702964F8DB1F318075FF8,7BE4752877553A96CD4035D0C526BCD09E81CC64,03CFF90060461087D34FFB7B485C3AD30143775C,7C22E89AB620E77DF1B4A33787A5EC3F2AB4A8D1,2020-09-26 22:35:07.493000,2020-09-26 22:35:09.940000
m37lj3ww3zfgwfnm,failed,not_found,208,EBE718E1A49EE229071702964F8DB1F318075FF8,425835370C1FBE178C21CB53C76672F12BDE091A,435397A34B281D8F31ED3EC388FC692C8D06CEA0,928FA1C68048456991707113975701FD75CB311B,2020-09-26 22:35:09.940000,2020-09-26 22:35:11.581000
m37lj3ww3zfgwfnm,failed,not_found,226,EBE718E1A49EE229071702964F8DB1F318075FF8,77A56CB237740E24AEA2D61C8C8936232AFC1BD8,3FE39429CB7077BBB13D2774591A1B80EE493742,7C56BA2175839470ACAAB72E045DD6820764B733,2020-09-26 22:35:11.581000,2020-09-26 22:35:12.431000
m37lj3ww3zfgwfnm,failed,not_found,236,EBE718E1A49EE229071702964F8DB1F318075FF8,8F89078575FEE57675A922E9E088918F63AC750C,F7ACB36752F2D27A03800E505D1599F26C981B53,7C499ACD60FB651DD486B6D802290A3EBBECCD84,2020-09-26 22:35:12.431000,2020-09-26 22:35:13.344000
m37lj3ww3zfgwfnm,failed,not_found,249,EBE718E1A49EE229071702964F8DB1F318075FF8,0C6D3655763B1A3A60FC42135CD60765AFE953BA,C92ECAF73512E2CCB15827A192B7AF3E9DBC896E,928C4709E663B0FF152FD1F1CBDD6AAFA3B548D9,2020-09-26 22:35:13.345000,2020-09-26 22:35:14.217000
m37lj3ww3zfgwfnm,failed,not_found,261,EBE718E1A49EE229071702964F8DB1F318075FF8,AE6A8C18E7499B586CD36246AC4BCAFFBBF93AB2,C1B513BB5E15A1887B6ADCA8C010630732FC389A,9288B75B5FF8861EFF32A6BE8825CC38A4F9F8C2,2020-09-26 22:35:14.218000,2020-09-26 22:35:15.432000
lxdahc7m74qhghxx,failed,not_found,187,EBE718E1A49EE229071702964F8DB1F318075FF8,FB691D6E3FEE35C6979EE72AF03A53DD861B4CBB,B149064611DC466405E1825956F36B202DCE6E4A,ED4325A6DB8D579CFF70F5A5630FD368464B0D64,2020-09-26 22:35:08.486000,2020-09-26 22:35:09.459000
lxdahc7m74qhghxx,failed,not_found,199,EBE718E1A49EE229071702964F8DB1F318075FF8,EA43347E0DA7CEDD595029B511066628C7C8A653,856B7EFB7E09D02A29DD2FF024B7E1EFE21FE9EB,492FF91A6B43110681F7D5DD3B380E537699D3F1,2020-09-26 22:35:09.460000,2020-09-26 22:35:10.167000
lxdahc7m74qhghxx,failed,not_found,209,EBE718E1A49EE229071702964F8DB1F318075FF8,58F3E2956EABB81F673E2FB90E16E001DB4AC3AE,D56A98D38FC3C75E0347EEF3DD9C12749AF7C7C5,48D934E776B739D38F9EAFDCFD85203C6A68A67B,2020-09-26 22:35:10.167000,2020-09-26 22:35:10.971000
lxdahc7m74qhghxx,failed,not_found,323,EBE718E1A49EE229071702964F8DB1F318075FF8,D814C3CA8115AC4FB753D3E0CF54FAFE2A5F0A6F,9ACD9D526D1F82D7A00225742F1BDB374D7D17D4,48DE832F4BE6955B3F3F1F060310F3BFD7A7903E,2020-09-26 22:35:10.971000,2020-09-26 22:35:19.491000
lxdahc7m74qhghxx,failed,not_found,334,EBE718E1A49EE229071702964F8DB1F318075FF8,12D978C2A4CB4AC17940FE88F899B67A0FF9BAAD,ABCD041C95994C8F82DE4DB464C9A778736A9BF6,ED36124515F71E2E2401D70D9EFC3CAEB08D611B,2020-09-26 22:35:19.492000,2020-09-26 22:35:20.236000
lxdahc7m74qhghxx,failed,not_found,343,EBE718E1A49EE229071702964F8DB1F318075FF8,E4BE02471657C3A17C667D7C079498E4B314049F,1252A53FE719AF72C0FD1E54D8DE08C0327E5A4A,ED3ACBBB89C5F1597A44A65D2FA203BDB8E208F2,2020-09-26 22:35:20.236000,2020-09-26 22:35:20.998000
e3iapvojmuxxtqaa,failed,not_found,188,EBE718E1A49EE229071702964F8DB1F318075FF8,FC30F566E7B50D9C6ED6BB86DA4BF4B07AD52DE5,64CB2B32C10ADD4B93D725B7DED238CCCD6D6DBA,D076561769F5C93D628777E3E05D4633D783EB8E,2020-09-26 22:35:08.500000,2020-09-26 22:35:09.904000
e3iapvojmuxxtqaa,failed,not_found,207,EBE718E1A49EE229071702964F8DB1F318075FF8,6BA54D7805A44F63A75D70AFEC8D2DF6BA7BCAE0,9B2BC7EFD661072AFADC533BE8DCF1C19D8C2DCC,D0273C8566CC9AECE4C762376C9B066FE0F1DADD,2020-09-26 22:35:09.904000,2020-09-26 22:35:11.701000
e3iapvojmuxxtqaa,failed,not_found,229,EBE718E1A49EE229071702964F8DB1F318075FF8,75F4BE85F5DC623BDAF65CB269CD6E4E3F14FE38,AE4FAE2EB5DC5D078458F0FCBF2B37F5D73F0868,D0681DAAABC320310B8616951D6C19F69F778A6F,2020-09-26 22:35:11.702000,2020-09-26 22:35:12.499000
e3iapvojmuxxtqaa,failed,not_found,238,EBE718E1A49EE229071702964F8DB1F318075FF8,9E41448CE0DDE186CE05D2DED5F34428C99A8D70,6FF440DFB1D0697B942357D747900CC308DD57CC,97F51AF6791AD33981CE25DC7A2618429F25B3B0,2020-09-26 22:35:12.499000,2020-09-26 22:35:14.435000
e3iapvojmuxxtqaa,failed,not_found,265,EBE718E1A49EE229071702964F8DB1F318075FF8,43C83536DACCD110FF11E049A890064F6F87BEB2,3239007CE1FB2ECDFDF2067DF23B949295DC5EF6,97D2A26EA5C9972E66D23F4698E94DBDBA8F6C18,2020-09-26 22:35:14.436000,2020-09-26 22:35:15.082000
e3iapvojmuxxtqaa,failed,not_found,275,EBE718E1A49EE229071702964F8DB1F318075FF8,B27115A20B05D40730A4020145EFA63381D9D51B,83AEDBDB4BE3AD0ED91850BF1A521B843077759E,979B2E677F6D94820CD8D645626ED776DCB1CB6C,2020-09-26 22:35:15.082000,2020-09-26 22:35:16.776000
fkfjfivwqtqlpfxh,failed,not_found,202,EBE718E1A49EE229071702964F8DB1F318075FF8,14D2FDC6ABDCD1A27CA32D13AA2C68566D1E8223,44496B18C68356AF3A58ACAD835429C37B9432ED,79509683AB4C8DDAF90A120C69A4179C6CD5A387,2020-09-26 22:35:09.486000,2020-09-26 22:35:11.020000
fkfjfivwqtqlpfxh,failed,not_found,220,EBE718E1A49EE229071702964F8DB1F318075FF8,D87698D8E2276C7E93D531B7C2A1B27D58C71876,288C100FFA656938C23F32207CAF0DA932ECD247,4A3EA0E1E4381199A9D80D88AF7D334644DF082B,2020-09-26 22:35:11.020000,2020-09-26 22:35:11.966000
fkfjfivwqtqlpfxh,failed,not_found,234,EBE718E1A49EE229071702964F8DB1F318075FF8,16DB78459B845F4E728405EB694E32929E2B318A,2F26D43258285FEB39E4320888DFAFA8A0D20E11,4A411DD8EBBD539AA0090A305856B9C838F7F2D6,2020-09-26 22:35:11.966000,2020-09-26 22:35:13.031000
fkfjfivwqtqlpfxh,failed,not_found,244,EBE718E1A49EE229071702964F8DB1F318075FF8,59A755782C1F977D6DCD76C0EC450FFCC7C29E56,0EFEAA8E74F9D9024A019702D31380C7B5CBDEEA,79349A6F74AC0D4EF2939894B122702E57786F5A,2020-09-26 22:35:13.032000,2020-09-26 22:35:13.910000
fkfjfivwqtqlpfxh,failed,not_found,258,EBE718E1A49EE229071702964F8DB1F318075FF8,E3E75603998661EA67C6767493FC606830DDC345,12D552E8AF7AA2B71B218B5BBF6A5FEFA6F26BA0,7961C9991F022C8A363FD440CA395D47DB5D44D5,2020-09-26 22:35:13.910000,2020-09-26 22:35:14.650000
fkfjfivwqtqlpfxh,failed,not_found,269,EBE718E1A49EE229071702964F8DB1F318075FF8,A9CC6C0B5B002C6D902827584A336CB15B5C9DC7,E54B0FA7D957593344B0C316C83ABC1CD2EE87EA,4A3B874F0187F2CF0DA3C8F76063B070F9F7A14F,2020-09-26 22:35:14.650000,2020-09-26 22:35:17.185000
s2x5lavbzbumlln3,failed,not_found,204,EBE718E1A49EE229071702964F8DB1F318075FF8,1079E628FC6B0025656AC024F2D9975C441498CD,A418D9195651DA24B0F51E28E54923DAE2B9C304,3FF0DD5AC13713D319E09C40E93E0D26717B851D,2020-09-26 22:35:09.502000,2020-09-26 22:35:10.971000
s2x5lavbzbumlln3,failed,not_found,217,EBE718E1A49EE229071702964F8DB1F318075FF8,C0F3C0EF81D84182379AA4CA5AD5A5289D011145,00C22D3BC1822EB8EA380AF04245337399E796E2,6D93503E150496BB32A4912F904C4E2DB205278D,2020-09-26 22:35:10.971000,2020-09-26 22:35:11.896000
s2x5lavbzbumlln3,failed,not_found,233,EBE718E1A49EE229071702964F8DB1F318075FF8,DCE8DBF94576272AD10D996C9AA0794A4567F304,7ED3D8AFAC750F8CC0BDF8C87FE3BCBA2BBE2209,3FFDFB5A9A278C7C303745606DB5B68FC5B9FADF,2020-09-26 22:35:11.896000,2020-09-26 22:35:12.970000
s2x5lavbzbumlln3,failed,not_found,241,EBE718E1A49EE229071702964F8DB1F318075FF8,7260949459C2D4D4A5ABC3AC10C1AD6939E6525C,495B496867C84BBC92338301D924850F226E75DA,6D72E970EB5218702C854BE250EC0663CC14D9BD,2020-09-26 22:35:12.970000,2020-09-26 22:35:13.394000
s2x5lavbzbumlln3,failed,not_found,250,EBE718E1A49EE229071702964F8DB1F318075FF8,5FB384605F53DCBF1CB02143D318DA3E8EE38A24,F4F92D8B840C2D053197AC3EF9C58F3DCFBB20FE,3FEBFB6A491D30CACC2C2995EDB41717A6F94E95,2020-09-26 22:35:13.394000,2020-09-26 22:35:14.110000
s2x5lavbzbumlln3,failed,not_found,255,EBE718E1A49EE229071702964F8DB1F318075FF8,9A7417BA401B8C7EFDE24945E18145A1EDA730E7,DD5DA21CC5036533AE2010DE2C7E72BE2CDF9C5E,6D6EC2A2E2ED8BFF2D4834F8D669D82FC2A9FA8D,2020-09-26 22:35:14.111000,2020-09-26 22:35:14.532000
btt4yvggw6wqetv6,failed,not_found,213,EBE718E1A49EE229071702964F8DB1F318075FF8,DD823AFB415380A802DCAEB9461AE637604107FB,9715C81BA8C5B0C698882035F75C67D6D643DBE3,492FF91A6B43110681F7D5DD3B380E537699D3F1,2020-09-26 22:35:10.505000,2020-09-26 22:35:11.744000
btt4yvggw6wqetv6,failed,not_found,230,EBE718E1A49EE229071702964F8DB1F318075FF8,8A6F5A21493685B50F1B46A87A2099D6C410F237,B872BA6804C8C6E140AE1897B44CF32B42FD2397,4932D9330B60AD77BF08A322CF913D4736E221E3,2020-09-26 22:35:11.744000,2020-09-26 22:35:12.523000
btt4yvggw6wqetv6,failed,not_found,240,EBE718E1A49EE229071702964F8DB1F318075FF8,96CFE178A1D12489D9D59A0CAE17FE86F5A3A79F,447D9D775E89F81D512BBE4DCC0BC23BD078320B,493BEEFD9854F0E7CEB96A01A47EEA83F4E93A00,2020-09-26 22:35:12.523000,2020-09-26 22:35:13.628000
btt4yvggw6wqetv6,failed,not_found,257,EBE718E1A49EE229071702964F8DB1F318075FF8,99339F3E68BCCC1391BF14C821D80766FE0C5956,9EB3FD84065E5622A57EFEF14E41A01B5B99A022,30C55C496F5C7B9868E0BC6349A1CD5623F0B75F,2020-09-26 22:35:13.629000,2020-09-26 22:35:15.046000
btt4yvggw6wqetv6,failed,not_found,273,EBE718E1A49EE229071702964F8DB1F318075FF8,174D93DF6242BD4ABE2C09E6607892C3A3905675,B401E30710C7623EAC3F1AF34684335E911EBD2B,30C19B81981F450C402306E2E7CFB6C3F79CB6B2,2020-09-26 22:35:15.046000,2020-09-26 22:35:16.094000
btt4yvggw6wqetv6,failed,not_found,285,EBE718E1A49EE229071702964F8DB1F318075FF8,E7EF73B4722CFAF0E8AA2151D3AA78701DE5F19B,E05EAB588285C01E8807F00A07CDBBC4662A58D9,30B6CF0FCBA0505FD7105907999C751D799AE4D2,2020-09-26 22:35:16.095000,2020-09-26 22:35:16.848000
ti7lbi6oqbtwppjs,failed,not_found,214,EBE718E1A49EE229071702964F8DB1F318075FF8,BBD1B1A22695396C75DFF338A8FF7A12804A607A,6B5A63BFEEA8EF58DA812F4F05BE98C869809DFB,CC3E3D891997A8E62D828F71BC48D295E622623A,2020-09-26 22:35:10.519000,2020-09-26 22:35:11.180000
ti7lbi6oqbtwppjs,failed,not_found,215,EBE718E1A49EE229071702964F8DB1F318075FF8,D52A160303C638D9FB03463F8A6B7934D5787F4C,B0F17A56FA8686CCB33D3F302FC40F06F463B4AE,CC4A3AE960E3617F49BF9887B79186C14CBA6813,2020-09-26 22:35:11.180000,2020-09-26 22:35:11.823000
ti7lbi6oqbtwppjs,failed,not_found,231,EBE718E1A49EE229071702964F8DB1F318075FF8,088A6237EED87EDEB0E1E3AD0A4A419F963F0787,EA610DFAC1517DA267EBB21FD199BA1EC52C1A22,4381E471E9358AE4D815021302C7F2E16502BEE1,2020-09-26 22:35:11.824000,2020-09-26 22:35:13.247000
ti7lbi6oqbtwppjs,failed,not_found,247,EBE718E1A49EE229071702964F8DB1F318075FF8,3076FB1CCEB8341322019AD26F69BFC0AA845334,A2C6C931D8627C6605288970889DDB88C7BA2142,438DC9B6B5C5375D332BB338D7E5C1B9EF448960,2020-09-26 22:35:13.248000,2020-09-26 22:35:13.924000
ti7lbi6oqbtwppjs,failed,not_found,259,EBE718E1A49EE229071702964F8DB1F318075FF8,1115E5065C3EE149B683CA2D7131839F2656B5AD,DD7BD3E5BD0BA48A8C70B0CDF017FA5988B87E27,438587D73152254E935FC1D387003DFA18166EC5,2020-09-26 22:35:13.925000,2020-09-26 22:35:15.490000
ti7lbi6oqbtwppjs,failed,not_found,281,EBE718E1A49EE229071702964F8DB1F318075FF8,587B1EAF1E22E148EFB010DAA337ACDCD4DB5CBA,E81993EA52B73285CFFD02FEC003569D21483001,CC33FBAF8FC92A8EC28913F7C9B1B092BB2C9897,2020-09-26 22:35:15.490000,2020-09-26 22:35:17.205000
6jjn3kb2mci4zqyx,failed,not_found,224,EBE718E1A49EE229071702964F8DB1F318075FF8,37C1D66559D0C7884E3D21F7DEB58C75D79B98A8,CFD34B1E1C4FE1363C39169D65389CF3856810B1,75CF0F66FE18C3116AAB7B678899151DB762B795,2020-09-26 22:35:11.486000,2020-09-26 22:35:13.005000
6jjn3kb2mci4zqyx,failed,not_found,243,EBE718E1A49EE229071702964F8DB1F318075FF8,FB016E16B8CD7A0E53DEEF31ED8754E4F6B8E837,EA3616A0B9BBBDC74121D8D6F01EABDDCF6BE35D,D3995D5A0F86931773C19175548E44367865A8AC,2020-09-26 22:35:13.006000,2020-09-26 22:35:13.732000
6jjn3kb2mci4zqyx,failed,not_found,256,EBE718E1A49EE229071702964F8DB1F318075FF8,CE34F2DA5B7B419D9D126530DCE86EA87D6D13EE,77A56CB237740E24AEA2D61C8C8936232AFC1BD8,75A931404453030821C547A4FAA9094A06C48C7A,2020-09-26 22:35:13.733000,2020-09-26 22:35:14.542000
6jjn3kb2mci4zqyx,failed,not_found,268,EBE718E1A49EE229071702964F8DB1F318075FF8,74B41DED505CFABC7A8D439362FC9B6589DE4591,CD249CC13B6ADD3426D603B9ED5B51FC71B8D728,D39328D2EAE3816F9C5D5D1BB19D1C14E2E79482,2020-09-26 22:35:14.542000,2020-09-26 22:35:15.348000
6jjn3kb2mci4zqyx,failed,not_found,278,EBE718E1A49EE229071702964F8DB1F318075FF8,60CA295745930AFA59DB73F877834B4100C7B712,EA8CEAA8939F20108D4388B6EAE867A5AC6442C1,75D77007F098513C70773B5EC46159DD41F2F7ED,2020-09-26 22:35:15.348000,2020-09-26 22:35:16.644000
6jjn3kb2mci4zqyx,failed,not_found,296,EBE718E1A49EE229071702964F8DB1F318075FF8,7A3E534C033E3836BD5AF223B642853C502AB33A,A3AFBDEE30238E44899C9F8B7666D12B09C8EE32,D39F2CD90A236F94A61B76616B4873329DA77888,2020-09-26 22:35:16.645000,2020-09-26 22:35:17.426000
jpnuzvvyajuihz7g,failed,not_found,225,EBE718E1A49EE229071702964F8DB1F318075FF8,16324C89132BE14F19E13FD6EB3226FC5AE3F059,AECBAD3537B7E5D2BF2967B627D23E36283B3D2A,0677DF0B05ECDA2EF45F26C3332731043BB89AB8,2020-09-26 22:35:11.495000,2020-09-26 22:35:13.092000
jpnuzvvyajuihz7g,failed,not_found,245,EBE718E1A49EE229071702964F8DB1F318075FF8,D1B1A550FEE3A05E71CA9080D14CCA3B746C0C17,5FB384605F53DCBF1CB02143D318DA3E8EE38A24,06432D1B5A7C132071626D186D7F1A429C5BBED9,2020-09-26 22:35:13.093000,2020-09-26 22:35:13.952000
jpnuzvvyajuihz7g,failed,not_found,260,EBE718E1A49EE229071702964F8DB1F318075FF8,3098CC656BB3F519FEBF93AF6E0CBBDE4D84002A,0085057C17BD2E1809E284825F06F94E72FB418C,064D3C4CC1B854839B0979FE1C2F05ABAB7F9D68,2020-09-26 22:35:13.953000,2020-09-26 22:35:14.748000
jpnuzvvyajuihz7g,failed,not_found,272,EBE718E1A49EE229071702964F8DB1F318075FF8,B3C6B4D26A20151F568D39ACFA63E15DBC01CD5D,66BD39FE805AED414ADE400CAAD862C9CC3AC34E,91E7CA6B8D0AAD77C7CFB8FEA25BF4F46DA1042A,2020-09-26 22:35:14.748000,2020-09-26 22:35:15.498000
jpnuzvvyajuihz7g,failed,not_found,282,EBE718E1A49EE229071702964F8DB1F318075FF8,43C83536DACCD110FF11E049A890064F6F87BEB2,235D3444236ABC28F412E93814F6B783200D4630,91E4015E1F82DAF0121D62267E54A1F661AB6DC7,2020-09-26 22:35:15.498000,2020-09-26 22:35:16.489000
jpnuzvvyajuihz7g,failed,not_found,293,EBE718E1A49EE229071702964F8DB1F318075FF8,32E6CC6C6B428B2043F0B3E78F7332F1016D73E1,4089AFC68F3CBEA8D135F5D7110DAA8A14F3928B,92429BB4B6FE1B166AE0347D03B3DC3ACF578BCC,2020-09-26 22:35:16.489000,2020-09-26 22:35:17.308000
vnia55czdllyhz66,failed,not_found,237,EBE718E1A49EE229071702964F8DB1F318075FF8,4FF53BC47097B50DA5B68D72C5B25CC079F4A787,AF77AA5BD924319510F99B30CD0932D32B01B5C5,65A90AB81C44DD7D9B73B5529B1151798534AF74,2020-09-26 22:35:12.491000,2020-09-26 22:35:13.575000
vnia55czdllyhz66,failed,not_found,253,EBE718E1A49EE229071702964F8DB1F318075FF8,CDAF0B74C45FD5B1955198A8D92C8A518A53D07B,FE1B74C7CEE0493613929A92F9A1D890E58DC649,D39328D2EAE3816F9C5D5D1BB19D1C14E2E79482,2020-09-26 22:35:13.576000,2020-09-26 22:35:14.421000
vnia55czdllyhz66,failed,not_found,264,EBE718E1A49EE229071702964F8DB1F318075FF8,72A33E374DE5AD1E617394896F0FD8B092D3E7C4,88CF8D42D49B7C8E9D03ABE5DAE7AF25E9902008,D380C57ADE8FF1989F67D22055CEAAD7F1689AD5,2020-09-26 22:35:14.421000,2020-09-26 22:35:15.081000
vnia55czdllyhz66,failed,not_found,274,EBE718E1A49EE229071702964F8DB1F318075FF8,5AD3FB658E490BAD9515F363374AA41D65D31A02,6222334659111D99DE9D26970ACC4022B290DFD0,65B1E5658FDB9950F9822B90D76C30616898CCC8,2020-09-26 22:35:15.082000,2020-09-26 22:35:15.791000
vnia55czdllyhz66,failed,not_found,286,EBE718E1A49EE229071702964F8DB1F318075FF8,42B4F52C5B11E4D39855F654955425B0D5A0598B,6D6EC2A2E2ED8BFF2D4834F8D669D82FC2A9FA8D,65BBE89EF47A0440A72402C40645C9315ADD55F8,2020-09-26 22:35:15.791000,2020-09-26 22:35:17.523000
vnia55czdllyhz66,failed,not_found,362,EBE718E1A49EE229071702964F8DB1F318075FF8,12D552E8AF7AA2B71B218B5BBF6A5FEFA6F26BA0,3AE9B85D5945000C2A65F4E054171928D5BDE91E,D37DD572BDA66FC03A33F257975A7F9C167AC8E5,2020-09-26 22:35:17.523000,2020-09-26 22:35:22.759000
yxqki5vt7vxol4gv,failed,not_found,239,EBE718E1A49EE229071702964F8DB1F318075FF8,3E3CBA3F2870CE76A41D3E97A8D838AA703586E3,ADBDA412D33381A9F23368C91097550E2452A2EC,D9B91878B46BB80E6D752E876BF9D481EFEAC5BF,2020-09-26 22:35:12.508000,2020-09-26 22:35:13.248000
yxqki5vt7vxol4gv,failed,not_found,308,EBE718E1A49EE229071702964F8DB1F318075FF8,1CDCB48F64E21D5ACAFE2471912E2E76F600EDFA,8358BDDA9C9A680B4E3A2809E5C24F5B3624D5C2,01F73DBD9B56C31E3D3AAEB95F8CF1DEB7D9A72F,2020-09-26 22:35:13.248000,2020-09-26 22:35:18.539000
yxqki5vt7vxol4gv,failed,not_found,319,EBE718E1A49EE229071702964F8DB1F318075FF8,80C113BCE9356B4DECF94E7CF4A8C0BD315EE8E8,B1289B91C190A6803C1ADA6E381C0843CE039D70,01E19A812AF0A4C9584931CD6DC3EC07CEEE3A23,2020-09-26 22:35:18.540000,2020-09-26 22:35:19.261000
yxqki5vt7vxol4gv,failed,not_found,329,EBE718E1A49EE229071702964F8DB1F318075FF8,ACA0B8702A6A0B890217A3D26B7220EB6E1CFFD1,5CE3AD8AD04ADE66C0037A3CF5F7F7A40D48A20B,D983EC97264C0FB1C979C84ACD91C70273C41272,2020-09-26 22:35:19.261000,2020-09-26 22:35:20.236000
yxqki5vt7vxol4gv,failed,not_found,342,EBE718E1A49EE229071702964F8DB1F318075FF8,EAB20BD4083C820EC8329ED5AEBF12019A7749F3,774908E4A3018A9696BD02FE4F3F8A8724396D22,D9D6C35E932FEF7100A00C99C199356E82DAB7E6,2020-09-26 22:35:20.236000,2020-09-26 22:35:20.939000
yxqki5vt7vxol4gv,failed,not_found,354,EBE718E1A49EE229071702964F8DB1F318075FF8,09A70E396DE93F54D4541BBB0EC8E2B23761F34F,235D3444236ABC28F412E93814F6B783200D4630,01FDC8E92D3280847D856DA1F9BFC2B4CD2C2EE8,2020-09-26 22:35:20.939000,2020-09-26 22:35:21.812000
vz4bffo26txbaeq3,failed,not_found,251,EBE718E1A49EE229071702964F8DB1F318075FF8,9127D95DAA81291F26BE45B1A73E2F1145887B94,9063C7EC4A3273446DC05E9310A5C5B2F4235696,081C9DF6A615A300B382C004DFE2CC37B561C9A0,2020-09-26 22:35:13.492000,2020-09-26 22:35:14.420000
vz4bffo26txbaeq3,failed,not_found,263,EBE718E1A49EE229071702964F8DB1F318075FF8,F94A7BAC5D1E3D9372437141E10695A625B8B533,F0364DBC2E4221405354433B65503E816D887C01,91BA193FB362FB7B6679A7A83A3050F3C44A5468,2020-09-26 22:35:14.421000,2020-09-26 22:35:15.395000
vz4bffo26txbaeq3,failed,not_found,280,EBE718E1A49EE229071702964F8DB1F318075FF8,5FB384605F53DCBF1CB02143D318DA3E8EE38A24,41D2F6D866E7638138CF9F282A280F96BD020D25,919680B79198AE4D80A06999A93EBC909AD4DDDC,2020-09-26 22:35:15.395000,2020-09-26 22:35:16.260000
vz4bffo26txbaeq3,failed,not_found,289,EBE718E1A49EE229071702964F8DB1F318075FF8,16BB0A28C79E7700E73C068C68F3366EB552424D,5FB384605F53DCBF1CB02143D318DA3E8EE38A24,91ADCDFCA830A1BBAD3A10377B25D695A92BF251,2020-09-26 22:35:16.260000,2020-09-26 22:35:17.732000
vz4bffo26txbaeq3,failed,not_found,310,EBE718E1A49EE229071702964F8DB1F318075FF8,8859E68A7C95BD5AB403F16DAD92681E184D3710,CC2179A97D4EC55BFA56B27F2300C53162CEBB6E,07F9F13BCB3E1F6117FB211905127AF41E72E087,2020-09-26 22:35:17.733000,2020-09-26 22:35:20.219000
vz4bffo26txbaeq3,failed,not_found,341,EBE718E1A49EE229071702964F8DB1F318075FF8,EA6259917ADF4D47AD5D52E3576008D90C222D17,8EB53B7C8D8E2FF830DA324A05BE8CE954BABC55,0824D7C7FB117D5C6AC01581FD798E670C37C804,2020-09-26 22:35:20.219000,2020-09-26 22:35:21.409000
zdyfd5oxwbea7l2a,failed,not_found,252,EBE718E1A49EE229071702964F8DB1F318075FF8,8A6F5A21493685B50F1B46A87A2099D6C410F237,406788A9108C14F10067BE7960985EB2EC8224D2,EF09163EC3F03C2F63A865BBBF1CE5642C6595A3,2020-09-26 22:35:13.507000,2020-09-26 22:35:14.389000
zdyfd5oxwbea7l2a,failed,not_found,262,EBE718E1A49EE229071702964F8DB1F318075FF8,3EEEB7021D974D38B6D97BEFB55E5E48551A8FEA,9CFA49D7F6C1774FFECC12AD3F3E59BD781285EF,EF4D8571D6569C67A3E97B356CBBEBC19473B34F,2020-09-26 22:35:14.389000,2020-09-26 22:35:15.373000
zdyfd5oxwbea7l2a,failed,not_found,279,EBE718E1A49EE229071702964F8DB1F318075FF8,8A5E7C2D09835974B4D58252BAD51FD8AD54F9CE,6ADDA54B4D664BA18EE1D200D9D30A4F64AD23EB,EF1A9BE231A6C3AC94B9E2BFC86990B16C923A45,2020-09-26 22:35:15.374000,2020-09-26 22:35:16.139000
zdyfd5oxwbea7l2a,failed,not_found,288,EBE718E1A49EE229071702964F8DB1F318075FF8,04C3468BE24740347CBCC00534C940DBCBCABC82,91517F219F7648E4B8BBF3C162C77DDC55315612,036EFD2E61DEA3D2FEE59861BA4245E4DE864112,2020-09-26 22:35:16.139000,2020-09-26 22:35:16.999000
zdyfd5oxwbea7l2a,failed,not_found,297,EBE718E1A49EE229071702964F8DB1F318075FF8,929BF37C657D4F69C76324E5FEA760A62483813B,968CB7DA0C56E66F22B78CBA0562FE132939D8BF,0367E1FFAB716AC3F418CFB7CBB3BDB9403CD9CB,2020-09-26 22:35:16.999000,2020-09-26 22:35:17.425000
zdyfd5oxwbea7l2a,failed,not_found,302,EBE718E1A49EE229071702964F8DB1F318075FF8,C63110BDD8736D2C2A733FF962F58D58FDE63A2D,81F59E8936D0B2105182E4B8200AC07D9274961F,036A7CD36D6F7A97C7B4AF896D9F11AB719F0DF7,2020-09-26 22:35:17.425000,2020-09-26 22:35:18.083000
sbu7rhh3a7qgbxq4,failed,not_found,266,EBE718E1A49EE229071702964F8DB1F318075FF8,7C22E89AB620E77DF1B4A33787A5EC3F2AB4A8D1,E00DFD54DC165D5452FBD3530D30186DAD016A0C,9AB93B5422149E5DFF4BE6A3814E2F6D9648DB6A,2020-09-26 22:35:14.486000,2020-09-26 22:35:15.331000
sbu7rhh3a7qgbxq4,failed,not_found,276,EBE718E1A49EE229071702964F8DB1F318075FF8,656347EBA74F6320B85192EE22F805CF50098711,CD39C258265B25EAA4ABA4FDCB2DF98104CAA362,9ACD9D526D1F82D7A00225742F1BDB374D7D17D4,2020-09-26 22:35:15.332000,2020-09-26 22:35:16.544000
sbu7rhh3a7qgbxq4,failed,not_found,295,EBE718E1A49EE229071702964F8DB1F318075FF8,E623A5E043ED2B74CC280BD004514FDD0854DC8C,79E3B585803DE805CCBC00C1EF36B1E74372861D,325499E7D6927D51229019F2EE031F26EBE095BB,2020-09-26 22:35:16.544000,2020-09-26 22:35:17.564000
sbu7rhh3a7qgbxq4,failed,not_found,307,EBE718E1A49EE229071702964F8DB1F318075FF8,0677DF0B05ECDA2EF45F26C3332731043BB89AB8,3033FD18BBD658C5ECE926FB17D2269BFE337358,32437FADA2B55E6F446870203311860AD8588569,2020-09-26 22:35:17.564000,2020-09-26 22:35:18.250000
sbu7rhh3a7qgbxq4,failed,not_found,316,EBE718E1A49EE229071702964F8DB1F318075FF8,9EA4649400C7D35E20C734FA737CF615E925F1E4,DD0C8EEC5CA402A9FA4478F10C31A440F71F6885,9AD12F0E3CC871D59ACA14BB4076CDD8CB28DE57,2020-09-26 22:35:18.251000,2020-09-26 22:35:19.213000
sbu7rhh3a7qgbxq4,failed,not_found,327,EBE718E1A49EE229071702964F8DB1F318075FF8,1AAD015F4D885413A2BCE0E58159116901236C49,9C34EAD957DF77978BCF356F3F96B9A79E3961CB,3246ECCAEDC4FF2949B655E0245AFFF42F8C9DFC,2020-09-26 22:35:19.213000,2020-09-26 22:35:20.375000
rkf6f6hnlzec6zop,failed,not_found,267,EBE718E1A49EE229071702964F8DB1F318075FF8,E81EF60A73B3809F8964F73766B01BAA0A171E20,46E0487EEEFD694CE625CC6E12D032395C01DB82,A23A7219B1EA9D583E66DFF26D62573DE64A9C29,2020-09-26 22:35:14.494000,2020-09-26 22:35:15.347000
rkf6f6hnlzec6zop,failed,not_found,277,EBE718E1A49EE229071702964F8DB1F318075FF8,3F065BB0B02FB2303E144383D16C47A7DED75AE7,A2C6C931D8627C6605288970889DDB88C7BA2142,F6740DEABFD5F62612FA025A5079EA72846B1F67,2020-09-26 22:35:15.348000,2020-09-26 22:35:16.095000
rkf6f6hnlzec6zop,failed,not_found,287,EBE718E1A49EE229071702964F8DB1F318075FF8,6B9EA8927AB6E94E216067E65372182343A5AFA2,014BD09636373B78CC28BA70E36C7190E3DE236A,F68A76522D356F89BEC286889A3822250567BE2E,2020-09-26 22:35:16.095000,2020-09-26 22:35:17.043000
rkf6f6hnlzec6zop,failed,not_found,299,EBE718E1A49EE229071702964F8DB1F318075FF8,968CB7DA0C56E66F22B78CBA0562FE132939D8BF,B6312967D70463ABB6FD3416027854C845EB21BD,A2415E2FEF1972055EC0CBDF688717DF4C453AED,2020-09-26 22:35:17.043000,2020-09-26 22:35:18.658000
rkf6f6hnlzec6zop,failed,not_found,322,EBE718E1A49EE229071702964F8DB1F318075FF8,92E807AC5E23CCD9FE623EA4DC020B1627A0D09B,EE7CD2A763435C7006095BD167C790ABE5BC4DEA,A231513B758330E6E6DB18F5B6EC6DAAA406C31D,2020-09-26 22:35:18.658000,2020-09-26 22:35:19.395000
rkf6f6hnlzec6zop,failed,not_found,330,EBE718E1A49EE229071702964F8DB1F318075FF8,0C3D5E19E3C75B505C8ACD26F89DCA2DF970553E,EFCCA5852D18207A7A93C13EF3460458CAAEA9D9,F664E5E50B4D216E5940DA7E9CF653F5F9DC561B,2020-09-26 22:35:19.396000,2020-09-26 22:35:20.447000
nfiyiptdlpm62m2v,failed,not_found,271,EBE718E1A49EE229071702964F8DB1F318075FF8,394629DFE5305F4207B4BB080782C13304B9F545,8C612213C4B5C154FA90847F36FBF36DB78AB1AC,D4A47678E58E6E38FC90F1D80FD19FDFE6C58D90,2020-09-26 22:35:15.480000,2020-09-26 22:35:16.688000
nfiyiptdlpm62m2v,failed,not_found,298,EBE718E1A49EE229071702964F8DB1F318075FF8,59A755782C1F977D6DCD76C0EC450FFCC7C29E56,1CD48F4ED0F1821FFBF1940802A13EEFD4C27502,1259F4C66D5D7A4145D6165680D7770161888F2B,2020-09-26 22:35:16.688000,2020-09-26 22:35:17.425000
nfiyiptdlpm62m2v,failed,not_found,301,EBE718E1A49EE229071702964F8DB1F318075FF8,44354E35E9F7F97AF27686D03B0D591686E35394,C5A1D5B7CB0D12A7B7334F2915134E6DA8F5C46D,1258D0A9D95582B7666FC0AF6E9A798109A9A29D,2020-09-26 22:35:17.425000,2020-09-26 22:35:18.213000
nfiyiptdlpm62m2v,failed,not_found,314,EBE718E1A49EE229071702964F8DB1F318075FF8,AC2275831607A95CD8B939C3B8DC466CCF48E2B9,4561FC085C3F3A7271FE960317F02DCD1E9C1188,124A65274631BA02B6AA0DEDED144D5FDF6BDC35,2020-09-26 22:35:18.213000,2020-09-26 22:35:19.454000
nfiyiptdlpm62m2v,failed,not_found,332,EBE718E1A49EE229071702964F8DB1F318075FF8,4B351545DD58473F36B0A20E5500AC6ED51E8CD5,2119E5A4B5F420165BF5DF19A5A28F4610FFD103,D4DC70B25409B8E4B0FD482B8A70CA6A3F4A123C,2020-09-26 22:35:19.455000,2020-09-26 22:35:20.330000
nfiyiptdlpm62m2v,failed,not_found,345,EBE718E1A49EE229071702964F8DB1F318075FF8,672A56A583C658372E63ACEB43E7F791C2819548,61004152C709672EE739F2667B56EF5550A51332,D4C5BAEA92CADCC02D64E0DD9F1A49024C57F05C,2020-09-26 22:35:20.330000,2020-09-26 22:35:21.030000
yj7gwyjbyl7qldbx,failed,not_found,283,EBE718E1A49EE229071702964F8DB1F318075FF8,675F05FDECF1DCF836ED274D65EBE919C4743B91,C333C56EAAD404ACDDE2FB3A675C5F5DA46A81E2,A016192D0A87FC9354A7523A211BBD9CF859708B,2020-09-26 22:35:15.507000,2020-09-26 22:35:16.434000
yj7gwyjbyl7qldbx,failed,not_found,291,EBE718E1A49EE229071702964F8DB1F318075FF8,8E5F4EE45E0631A60E59CAA42E1464FD7120459D,4BC2C524ADCEE939E6EB0863813DCC98D4C87D44,A024E420DD146541D5D7F6CFEB554C3A64F985EE,2020-09-26 22:35:16.434000,2020-09-26 22:35:17.990000
yj7gwyjbyl7qldbx,failed,not_found,312,EBE718E1A49EE229071702964F8DB1F318075FF8,945AA2F6C2EC644B533D048C79E035A6CF092C4F,DB5DE88B4914F60CDEEF581ECCA8DEA59EF26A90,EB44DEFA821E3672B955ED9B14E28C36F80C5FA8,2020-09-26 22:35:17.991000,2020-09-26 22:35:18.615000
yj7gwyjbyl7qldbx,failed,not_found,321,EBE718E1A49EE229071702964F8DB1F318075FF8,58F3E2956EABB81F673E2FB90E16E001DB4AC3AE,F29A5D7E317934CDFFFA3DD9B26AC9AB48CB1C6C,EB60858E074016216315AA6F6E8E3D4F17381D5D,2020-09-26 22:35:18.615000,2020-09-26 22:35:19.704000
yj7gwyjbyl7qldbx,failed,not_found,338,EBE718E1A49EE229071702964F8DB1F318075FF8,055E271A48AA082E6A9FE88EA58DB73A600CDF24,66DFC51E724E38DDCB3AB67DDF4C0BB0F1F49C0B,9FF43973692ABA9F600E9B17880201D09DEED19C,2020-09-26 22:35:19.705000,2020-09-26 22:35:20.727000
yj7gwyjbyl7qldbx,failed,not_found,353,EBE718E1A49EE229071702964F8DB1F318075FF8,1BB9F857B41ABFB3BE0570F8A86DDCFD198713A2,DA8D76F5F5819693B5C96F499BA19F7404014769,EB60A3BD25E01AF2564EF0397D8508E5D2AFD58A,2020-09-26 22:35:20.727000,2020-09-26 22:35:21.362000
bwplikmlhuccxemr,failed,not_found,292,EBE718E1A49EE229071702964F8DB1F318075FF8,C63110BDD8736D2C2A733FF962F58D58FDE63A2D,0BD524A66A928A093AD1ADD79AD24C5DA6D805CE,838749E0065B79086D12B5C1D7869B99EEFE1DB0,2020-09-26 22:35:16.488000,2020-09-26 22:35:17.864000
bwplikmlhuccxemr,failed,not_found,311,EBE718E1A49EE229071702964F8DB1F318075FF8,1E5618C079D74CF9AE0C5370DE4C6E1AFD5C0B39,4D70F05DD308A2EA5B671E440879BFADAC92860F,83B48E68C31C13AA12E2A9F9C1CBE1D9B3F4E03A,2020-09-26 22:35:17.864000,2020-09-26 22:35:18.614000
bwplikmlhuccxemr,failed,not_found,320,EBE718E1A49EE229071702964F8DB1F318075FF8,929BF37C657D4F69C76324E5FEA760A62483813B,00B57BF614F7ED3051073B5D4526FF0B23AF217B,1850585BE9BCA1F80D0A051909C94E49D1C49ED3,2020-09-26 22:35:18.614000,2020-09-26 22:35:19.454000
bwplikmlhuccxemr,failed,not_found,331,EBE718E1A49EE229071702964F8DB1F318075FF8,0A0C01DD0044E70318D9E3DA5F125A09069C57C1,761A60D0364D9AA03114F72550483287ED060B2D,83AEDBDB4BE3AD0ED91850BF1A521B843077759E,2020-09-26 22:35:19.454000,2020-09-26 22:35:21.198000
bwplikmlhuccxemr,failed,not_found,356,EBE718E1A49EE229071702964F8DB1F318075FF8,1034775A01EA629979D0A601EC85FDF2F584CC45,9B2BC7EFD661072AFADC533BE8DCF1C19D8C2DCC,183C8C6727E2137AF278B3850AD5D9C2304B98C9,2020-09-26 22:35:21.198000,2020-09-26 22:35:22.172000
bwplikmlhuccxemr,failed,not_found,367,EBE718E1A49EE229071702964F8DB1F318075FF8,055E271A48AA082E6A9FE88EA58DB73A600CDF24,2E8E7262E39EF1661CC1173AA0F4731C921975A1,1841CB960128806151B61FC6D87AFBE9A98B99D7,2020-09-26 22:35:22.173000,2020-09-26 22:35:23.039000
mhfbt4dxbacr2pyo,failed,not_found,294,EBE718E1A49EE229071702964F8DB1F318075FF8,BF37445EA2A9F3D04F4B87DFAC624AEF21B559D5,03E0F4EE272731601773F48E64240D3A8896A5E3,9F5068310818ED7C70B0BC4087AB55CB12CB4377,2020-09-26 22:35:16.504000,2020-09-26 22:35:17.185000
mhfbt4dxbacr2pyo,failed,not_found,300,EBE718E1A49EE229071702964F8DB1F318075FF8,96B70F86B45623B4EC71E8E953DCD61A05D5BAAC,447A24F3402C4774D89E7AAD2D876D0BF64E3267,9F688C46E0046AD2C026C18D9343252279E42535,2020-09-26 22:35:17.185000,2020-09-26 22:35:18.969000
mhfbt4dxbacr2pyo,failed,not_found,325,EBE718E1A49EE229071702964F8DB1F318075FF8,B22C4BF9747DBBC843F1BBBA272FDB7B6045EB01,0C475BA4D3AA3C289B716F95954CAD616E50C4E5,61FA7E7C766577D76EBABF19330993DEFA8AF3C3,2020-09-26 22:35:18.969000,2020-09-26 22:35:20.306000
mhfbt4dxbacr2pyo,failed,not_found,344,EBE718E1A49EE229071702964F8DB1F318075FF8,FC627D21D5AFB33C146F77474ACC33CF119A60FB,93F4DAF4F0DE5E6867CE20A0F9C7C059834DACAE,9F7D6E6420183C2B76D3CE99624EBC98A21A967E,2020-09-26 22:35:20.307000,2020-09-26 22:35:22.296000
mhfbt4dxbacr2pyo,failed,not_found,371,EBE718E1A49EE229071702964F8DB1F318075FF8,FD79B7F9230858B48E75F389661840C702511078,18EA6AFA3609A0B24752FBF411A2DAADE27DE129,61F24EBAEC4290FAC31CF34F0FFCDA765A2D9705,2020-09-26 22:35:22.296000,2020-09-26 22:35:22.970000
mhfbt4dxbacr2pyo,failed,not_found,378,EBE718E1A49EE229071702964F8DB1F318075FF8,EC4AD91674B5AFECCA117A396776F120651E55BF,A6C983C2F7EEADD55CE9169E540EBD95423FC260,61F3A840F61EEFFF682C6243534ECEB09ADFE3B3,2020-09-26 22:35:22.970000,2020-09-26 22:35:23.786000
eaacjyetuofpwali,failed,not_found,304,EBE718E1A49EE229071702964F8DB1F318075FF8,14D57DEDF0A4554A2D21AD53CCCC43E31158C733,431702B3A68A6015F9955DD4FD0129175B43EA0F,84D361B736A8CD1E8818D0FC186892E91AB76881,2020-09-26 22:35:17.496000,2020-09-26 22:35:18.388000
eaacjyetuofpwali,failed,not_found,309,EBE718E1A49EE229071702964F8DB1F318075FF8,38D3D15DAD843AB99CC257ACBABD4FACF9A3F215,1CD48F4ED0F1821FFBF1940802A13EEFD4C27502,EC7DF86078FCD97796087E8A8D37131E74A37CBF,2020-09-26 22:35:18.388000,2020-09-26 22:35:19.232000
eaacjyetuofpwali,failed,not_found,328,EBE718E1A49EE229071702964F8DB1F318075FF8,F8DE8132E599A194E20DDB738AF64A7200CD5949,6ACAB4394A94BBFFF391497143E3B49C84798672,EC65D72BB9668553999DE4E6CF380207ACA941EA,2020-09-26 22:35:19.233000,2020-09-26 22:35:20.070000
eaacjyetuofpwali,failed,not_found,337,EBE718E1A49EE229071702964F8DB1F318075FF8,425835370C1FBE178C21CB53C76672F12BDE091A,AC00AEBA1AE2A80CF4184C4362157BF91487B902,84CB0782C8CA81A7263EE86F321EDFECC611369A,2020-09-26 22:35:20.070000,2020-09-26 22:35:20.448000
eaacjyetuofpwali,failed,not_found,347,EBE718E1A49EE229071702964F8DB1F318075FF8,FE9CB0E0629636EBD8D0C71F46E387B944C01BCF,8B7C64EC9D8209C142530B3488050B85D55D69D6,84D4A8CCE76EEAC3FC45ED7A78A05F7DCD68CE72,2020-09-26 22:35:20.448000,2020-09-26 22:35:21.329000
eaacjyetuofpwali,failed,not_found,358,EBE718E1A49EE229071702964F8DB1F318075FF8,638D91FC9EF661348A6994D04C3499BC03F50BBE,FF8F56B5E1A36341F84FF72927CEB3F0AC6BC6A9,EC619D444A7CF48BF09A366EF521F3FF9ADF1949,2020-09-26 22:35:21.329000,2020-09-26 22:35:22.218000
3h5pd4pbc2ajrvoq,failed,not_found,305,EBE718E1A49EE229071702964F8DB1F318075FF8,277F5717A62B3A728C98B3168E484BC08B4997E3,68D2ABD936233A569E2B46D6228816149A16B4FA,2022BCB37453DC168E6CB7B4DAD119AC072F2DEE,2020-09-26 22:35:17.510000,2020-09-26 22:35:18.250000
3h5pd4pbc2ajrvoq,failed,not_found,315,EBE718E1A49EE229071702964F8DB1F318075FF8,99339F3E68BCCC1391BF14C821D80766FE0C5956,EA6259917ADF4D47AD5D52E3576008D90C222D17,200473B7974E8D78B75B28DBD6C218DA3A0B8059,2020-09-26 22:35:18.250000,2020-09-26 22:35:19.081000
3h5pd4pbc2ajrvoq,failed,not_found,324,EBE718E1A49EE229071702964F8DB1F318075FF8,E6C04728E9339DF22F331B7017D4A7AA3F252F0B,AA8B7237B4D2C76ED4AF24B3B47B375812AACC83,1FE9F0F999FB72F4AFB0D1B9239B78E9519C11F7,2020-09-26 22:35:19.081000,2020-09-26 22:35:19.511000
3h5pd4pbc2ajrvoq,failed,not_found,335,EBE718E1A49EE229071702964F8DB1F318075FF8,6A7479EB4378B946DC2A65A7F2C706B42BAE2EBD,18EA6AFA3609A0B24752FBF411A2DAADE27DE129,78B98D12997EDD630F6A674CBF42F20711DEAC11,2020-09-26 22:35:19.511000,2020-09-26 22:35:20.499000
3h5pd4pbc2ajrvoq,failed,not_found,350,EBE718E1A49EE229071702964F8DB1F318075FF8,41A3C16269C7B63DB6EB741DBDDB4E1F586B1592,211310CD09EC290505C1F24018AE5330076412A0,78BC2254D3B31CD865F7682633AA438212132532,2020-09-26 22:35:20.499000,2020-09-26 22:35:21.330000
3h5pd4pbc2ajrvoq,failed,not_found,359,EBE718E1A49EE229071702964F8DB1F318075FF8,890480E14E634C8B4467C475E355A6FBF3D99CD5,CDAF0B74C45FD5B1955198A8D92C8A518A53D07B,78C7C299DB4C4BD119A22B87B57D5AF5F3741A79,2020-09-26 22:35:21.330000,2020-09-26 22:35:22.296000
dxx7ivsrmpgu2hbm,failed,not_found,317,EBE718E1A49EE229071702964F8DB1F318075FF8,B3D56C1E0AD84BA93AF6DC533A8569C3D0E8A58B,55580D71B317A072F4A4DCF6EA4EDB015734AEE7,0451F142D2EF187FABB9A9A17725DA6C51BA3978,2020-09-26 22:35:18.507000,2020-09-26 22:35:19.854000
dxx7ivsrmpgu2hbm,failed,not_found,340,EBE718E1A49EE229071702964F8DB1F318075FF8,5EF0AAAEEE7B1282DA0DBAB94669B73E39DD51B6,A4A2FE36988069304CFF837064277FAB6348AF03,BAF223E9DF62D3261F1675C6CFC4E5D50F15FA57,2020-09-26 22:35:19.854000,2020-09-26 22:35:20.605000
dxx7ivsrmpgu2hbm,failed,not_found,351,EBE718E1A49EE229071702964F8DB1F318075FF8,BEA635C89C057DB8E879572C6A2C188239CFAD68,F059C76B861B25D8F1BBDA4AD37D1B69035423EC,046F2D59A85FAE693676A87533717C57436261C2,2020-09-26 22:35:20.606000,2020-09-26 22:35:22.095000
dxx7ivsrmpgu2hbm,failed,not_found,363,EBE718E1A49EE229071702964F8DB1F318075FF8,754CB99117E6ED570DFCFB7D9F12674B97A4E28E,2BB85DC5BD3C6F0D81A4F2B5882176C6BF7ECF5A,BACB47406A231AB60EC33D1ED5081C603B209655,2020-09-26 22:35:22.096000,2020-09-26 22:35:22.758000
dxx7ivsrmpgu2hbm,failed,not_found,377,EBE718E1A49EE229071702964F8DB1F318075FF8,88CF8D42D49B7C8E9D03ABE5DAE7AF25E9902008,996F98DDCDA5A303C0832AC8F842D8DD2842D3BF,BAFF362A8319E1F89FE4C9F3B8A1734E2E2E32AB,2020-09-26 22:35:22.758000,2020-09-26 22:35:24.117000
dxx7ivsrmpgu2hbm,failed,not_found,392,EBE718E1A49EE229071702964F8DB1F318075FF8,3A27CC4147062E4EFDF46F848FEA7FF032A04E5F,E2D9035061E3D133B2CA4DA3383AEAACCC0733E1,0485027A0A349D454D978F6C1CECDD29EA17769A,2020-09-26 22:35:24.118000,2020-09-26 22:35:25.202000
6hign3z5jtz3vene,failed,not_found,318,EBE718E1A49EE229071702964F8DB1F318075FF8,DD0AA66DD9E4E71FFAFAB658DF8300F1CEEA0364,A59AD84F92B2E5A76EBFE3BE62D3B28AF9BFD127,90C1BC10DF081A01D50E382D7271955E01FCF6C9,2020-09-26 22:35:18.507000,2020-09-26 22:35:19.752000
6hign3z5jtz3vene,failed,not_found,339,EBE718E1A49EE229071702964F8DB1F318075FF8,8AAD0B090311B7A43D44FD353F32D21628C85D52,4CFE65E16DBE9D9ED0CFFBD9BEEEE4EAE50CD33F,C6E1453B8CAF796E4CF65DB6A81283BDDD722F88,2020-09-26 22:35:19.753000,2020-09-26 22:35:21.111000
6hign3z5jtz3vene,failed,not_found,352,EBE718E1A49EE229071702964F8DB1F318075FF8,8C5B316ED73018484765C3E0944E4508DCAE0944,372082F3E01DE6A6333D30329C6903A19D0E8E87,90BF7147B422A1BABEFA503656EBD17987424441,2020-09-26 22:35:21.111000,2020-09-26 22:35:22.757000
6hign3z5jtz3vene,failed,not_found,376,EBE718E1A49EE229071702964F8DB1F318075FF8,B3DA9D673321B92253DCCD38A9740F2C562C91EA,4FF53BC47097B50DA5B68D72C5B25CC079F4A787,90B64F9E18B59AF322EBD28B8F8CD65C53E10CE1,2020-09-26 22:35:22.758000,2020-09-26 22:35:23.519000
6hign3z5jtz3vene,failed,not_found,386,EBE718E1A49EE229071702964F8DB1F318075FF8,CC605FEC74F20D49995D8FAAFF7365954233B85D,3E53D3979DB07EFD736661C934A1DED14127B684,C6E3910CBADCA6D2D7E932AB31A038EDD6A6FB79,2020-09-26 22:35:23.520000,2020-09-26 22:35:24.341000
6hign3z5jtz3vene,failed,not_found,400,EBE718E1A49EE229071702964F8DB1F318075FF8,9C34EAD957DF77978BCF356F3F96B9A79E3961CB,841DE1E065BCA8C1EBDC4A7140646F47A6257BD8,C6E184C0983C68B7E8BFC6215E7289E09E97AA0E,2020-09-26 22:35:24.341000,2020-09-26 22:35:25.085000
b3pwyv6xwblny4nj,failed,not_found,333,EBE718E1A49EE229071702964F8DB1F318075FF8,5AD3FB658E490BAD9515F363374AA41D65D31A02,6E30461718F9838BB1785C6863024308148E5344,BD93BEE8C51C129235360A79D76CE6256FF99453,2020-09-26 22:35:19.489000,2020-09-26 22:35:22.217000
b3pwyv6xwblny4nj,failed,not_found,369,EBE718E1A49EE229071702964F8DB1F318075FF8,61FA7E7C766577D76EBABF19330993DEFA8AF3C3,63540827C4832D214984EA47B7A68C593F9F862F,BD9E37F7FD8773AD0C07B22394F179288DC5E2CC,2020-09-26 22:35:22.218000,2020-09-26 22:35:23.065000
b3pwyv6xwblny4nj,failed,not_found,380,EBE718E1A49EE229071702964F8DB1F318075FF8,614094CAF0701EB568106E60EC12A785E704AE0F,211310CD09EC290505C1F24018AE5330076412A0,5974B3F4C66D83BBC9622E0F0F023FE48428DB9B,2020-09-26 22:35:23.065000,2020-09-26 22:35:24.196000
b3pwyv6xwblny4nj,failed,not_found,395,EBE718E1A49EE229071702964F8DB1F318075FF8,F5F4019509109A07E90C45A022CEED9ECA1643C8,C5F214F7F9CCBF09324C9AA032760150243A196C,BDC1174C794B556C47B7CCE61FFE65FB16727B6C,2020-09-26 22:35:24.197000,2020-09-26 22:35:25.235000
b3pwyv6xwblny4nj,failed,not_found,408,EBE718E1A49EE229071702964F8DB1F318075FF8,856B7EFB7E09D02A29DD2FF024B7E1EFE21FE9EB,D408EA531AA2FA90F25BD14283D38FDBB2094BA3,59878AFE06D450B7237B844D4D29C71B4D8FEC62,2020-09-26 22:35:25.236000,2020-09-26 22:35:26.379000
b3pwyv6xwblny4nj,failed,not_found,420,EBE718E1A49EE229071702964F8DB1F318075FF8,18EA6AFA3609A0B24752FBF411A2DAADE27DE129,ADD35A22BF77D56AFC18CF58E5D8E2604B8985CF,5975858B6A1F37CCC96026B946EACF08E1772D0E,2020-09-26 22:35:26.380000,2020-09-26 22:35:27.217000
j3lmce2vfdnvwglx,failed,not_found,336,EBE718E1A49EE229071702964F8DB1F318075FF8,42B4F52C5B11E4D39855F654955425B0D5A0598B,27452250B484CB90E687227B3274E2BF232158E5,A61B56A50D13DC29DBB23C6A033FA3F0C57420CF,2020-09-26 22:35:19.520000,2020-09-26 22:35:20.408000
j3lmce2vfdnvwglx,failed,not_found,346,EBE718E1A49EE229071702964F8DB1F318075FF8,6ACAB4394A94BBFFF391497143E3B49C84798672,672A56A583C658372E63ACEB43E7F791C2819548,C41ADE229598201F913426E9C6B9647098AEE28D,2020-09-26 22:35:20.408000,2020-09-26 22:35:21.303000
j3lmce2vfdnvwglx,failed,not_found,357,EBE718E1A49EE229071702964F8DB1F318075FF8,C7106F0C6A7CF0F592CBAFF7C79BD81153B1B5F5,44DC23661E05DEFD94398936D9334987ABCB6E5E,A6277ACC55DB0A488F615B9672427E0DD1B4F87C,2020-09-26 22:35:21.304000,2020-09-26 22:35:22
j3lmce2vfdnvwglx,failed,not_found,365,EBE718E1A49EE229071702964F8DB1F318075FF8,79D110419709C4B3D1F92FC3CE121B5317DBE8B3,AAEB6A603C1058B9D041884E42941944B915F500,C43827BB94B59CE61987310F80A035C5AB9DF002,2020-09-26 22:35:22.001000,2020-09-26 22:35:23.092000
j3lmce2vfdnvwglx,failed,not_found,381,EBE718E1A49EE229071702964F8DB1F318075FF8,24F97F98C45E4754655BE66799049763DAEE99CE,4D52A12D9AD22A7E1BE5B564953A7CA9C31DA675,C414F28FD2BEC1553024299B31D4E726BEB8E788,2020-09-26 22:35:23.092000,2020-09-26 22:35:23.936000
j3lmce2vfdnvwglx,failed,not_found,391,EBE718E1A49EE229071702964F8DB1F318075FF8,9ECF0C8EEA5C07DE54A346EDB371B48845A3FD0F,5B1F0DAF378A1FAFCFD5FA9CDC66D1023DC0276E,A613E402885F5D248889CD6EA85DE61D022D760E,2020-09-26 22:35:23.937000,2020-09-26 22:35:24.822000
2xbjvkt5pwgqvklf,failed,not_found,348,EBE718E1A49EE229071702964F8DB1F318075FF8,762A03C056C10D8EDEEF52AC2949800EEC65E6C8,6B88E20FEE8EB47F1A8E30207F327005C61A013D,FC5B4F90D1A9BB6B5885CA6B4F4EC47D1783952D,2020-09-26 22:35:20.496000,2020-09-26 22:35:22.150000
2xbjvkt5pwgqvklf,failed,not_found,366,EBE718E1A49EE229071702964F8DB1F318075FF8,7ED3D8AFAC750F8CC0BDF8C87FE3BCBA2BBE2209,4CE6D83FFA8AD24767007E8C972F371F2468F09A,FC627D21D5AFB33C146F77474ACC33CF119A60FB,2020-09-26 22:35:22.150000,2020-09-26 22:35:23.269000
2xbjvkt5pwgqvklf,failed,not_found,375,EBE718E1A49EE229071702964F8DB1F318075FF8,F7B024DB02C601185C202E26DFFD2AD525C16A36,6B13A4EC169E4FB0F3141E1AE4307966569FA47C,FC4D03403ECD90463198B9F2F81E0B37ED7AFE1D,2020-09-26 22:35:23.270000,2020-09-26 22:35:24.175000
2xbjvkt5pwgqvklf,failed,not_found,394,EBE718E1A49EE229071702964F8DB1F318075FF8,B9E72BCD9BF7B1EF5706A852B0378702664E2569,E1468D867FA3230EC1DACFCA87A800BAF22E79E0,D983EC97264C0FB1C979C84ACD91C70273C41272,2020-09-26 22:35:24.175000,2020-09-26 22:35:25.654000
2xbjvkt5pwgqvklf,failed,not_found,415,EBE718E1A49EE229071702964F8DB1F318075FF8,D1B1A550FEE3A05E71CA9080D14CCA3B746C0C17,BF37445EA2A9F3D04F4B87DFAC624AEF21B559D5,D9D6C35E932FEF7100A00C99C199356E82DAB7E6,2020-09-26 22:35:25.654000,2020-09-26 22:35:26.638000
2xbjvkt5pwgqvklf,failed,not_found,423,EBE718E1A49EE229071702964F8DB1F318075FF8,103336165A0D2EFCAD3605339843A0A7710B8B92,638D91FC9EF661348A6994D04C3499BC03F50BBE,D9B91878B46BB80E6D752E876BF9D481EFEAC5BF,2020-09-26 22:35:26.638000,2020-09-26 22:35:27.266000
atlqhl3smlnpaame,failed,not_found,349,EBE718E1A49EE229071702964F8DB1F318075FF8,A6C983C2F7EEADD55CE9169E540EBD95423FC260,E88F8E72100709E226F22DF6A50365480054ECD2,D54247E35545388D9C42E4716EDC59F67907789F,2020-09-26 22:35:20.496000,2020-09-26 22:35:21.177000
atlqhl3smlnpaame,failed,not_found,355,EBE718E1A49EE229071702964F8DB1F318075FF8,695D811B130673C2DE8DCFC5A9E742790BD25066,5B1F0DAF378A1FAFCFD5FA9CDC66D1023DC0276E,D568EAA2A7017AFCD3FBAD64111C92CB8FD3A418,2020-09-26 22:35:21.178000,2020-09-26 22:35:21.891000
atlqhl3smlnpaame,failed,not_found,364,EBE718E1A49EE229071702964F8DB1F318075FF8,1258D0A9D95582B7666FC0AF6E9A798109A9A29D,425835370C1FBE178C21CB53C76672F12BDE091A,D5607ADD1FDDB657482E23F09AB173310C802590,2020-09-26 22:35:21.891000,2020-09-26 22:35:22.508000
atlqhl3smlnpaame,failed,not_found,374,EBE718E1A49EE229071702964F8DB1F318075FF8,E7EF73B4722CFAF0E8AA2151D3AA78701DE5F19B,874D84382C892F3F61CC9E106BF08843DE0B865A,9FF43973692ABA9F600E9B17880201D09DEED19C,2020-09-26 22:35:22.509000,2020-09-26 22:35:23.553000
atlqhl3smlnpaame,failed,not_found,387,EBE718E1A49EE229071702964F8DB1F318075FF8,F12F8DFDDE1969D4E5940781E3DAB326D28C1220,41E041EC676622FFEE59F56BC75B99CD0D47F653,A016192D0A87FC9354A7523A211BBD9CF859708B,2020-09-26 22:35:23.554000,2020-09-26 22:35:24.492000
atlqhl3smlnpaame,failed,not_found,450,EBE718E1A49EE229071702964F8DB1F318075FF8,1CD48F4ED0F1821FFBF1940802A13EEFD4C27502,B76A047C20D3E4F9B5A64428298DA55A90D62472,9FD640851514532C1CFCFF6B0240FA453B930FF7,2020-09-26 22:35:24.493000,2020-09-26 22:35:32.401000
zhivhcmxwdbe6izw,failed,not_found,360,EBE718E1A49EE229071702964F8DB1F318075FF8,EAA823552F959DFD038E9AC8FA89345A738B6C00,43E187B8C7361F47EA968ED5389435865D7F4FE7,B138ECF12483CF1933A2EAD5966BC7C01B5C64E3,2020-09-26 22:35:21.490000,2020-09-26 22:35:22.263000
zhivhcmxwdbe6izw,failed,not_found,370,EBE718E1A49EE229071702964F8DB1F318075FF8,7FF1A673A5E1F7E9D2495A36C185B890DBD96553,11ABDB4D0B944F186A898560CB82C70439957DCA,B13C2C569F3FD0C530B7D96E5FF7933DF7A0E834,2020-09-26 22:35:22.263000,2020-09-26 22:35:23.039000
zhivhcmxwdbe6izw,failed,not_found,379,EBE718E1A49EE229071702964F8DB1F318075FF8,BF37445EA2A9F3D04F4B87DFAC624AEF21B559D5,CDA2C336AD87E22DF02983887A3F74B21070D02D,B143D439B72D239A419F8DCE07B8A8EB1B486FA7,2020-09-26 22:35:23.039000,2020-09-26 22:35:23.642000
zhivhcmxwdbe6izw,failed,not_found,388,EBE718E1A49EE229071702964F8DB1F318075FF8,B0A63BC3FDA67A7ADD1BE08BAA8309C4B204D29B,67458CBE6A595F5620AE39EDF538E2994793E130,D24FB714345D4B9061CEA89ACBAD343081F14928,2020-09-26 22:35:23.642000,2020-09-26 22:35:24.362000
zhivhcmxwdbe6izw,failed,not_found,397,EBE718E1A49EE229071702964F8DB1F318075FF8,79D110419709C4B3D1F92FC3CE121B5317DBE8B3,E617AD78CD262D6F68817BE6B178063B35F5FF77,D255268BACBB4562554CF20147731BDA0D8C452B,2020-09-26 22:35:24.362000,2020-09-26 22:35:25.343000
zhivhcmxwdbe6izw,failed,not_found,411,EBE718E1A49EE229071702964F8DB1F318075FF8,B85E6AB2B5F115536B2DA847A3FB99B8A985D437,C5F214F7F9CCBF09324C9AA032760150243A196C,D245C3E824456945C6759599CB8A0547135A066D,2020-09-26 22:35:25.343000,2020-09-26 22:35:26.260000
b5w44m4hmxotoibi,failed,not_found,361,EBE718E1A49EE229071702964F8DB1F318075FF8,53A2A51C378B4B849510C1A2A27AAB5E953027C9,7C22E89AB620E77DF1B4A33787A5EC3F2AB4A8D1,4352D58B2641E8C1787750EFD3A07A88224967AC,2020-09-26 22:35:21.503000,2020-09-26 22:35:22.208000
b5w44m4hmxotoibi,failed,not_found,368,EBE718E1A49EE229071702964F8DB1F318075FF8,EE7CD2A763435C7006095BD167C790ABE5BC4DEA,AE70B5E3AFA1D1A1F3B7327D17D931BE310ACC10,4340B1D4E9118619F97DB0E54D38ED919E11C7B9,2020-09-26 22:35:22.208000,2020-09-26 22:35:23.785000
b5w44m4hmxotoibi,failed,not_found,390,EBE718E1A49EE229071702964F8DB1F318075FF8,7044955A4D7B04CF70011D73B467B13CE5E69D41,4B351545DD58473F36B0A20E5500AC6ED51E8CD5,435B0937725ECC8252F906800E46C90974408B63,2020-09-26 22:35:23.785000,2020-09-26 22:35:24.601000
b5w44m4hmxotoibi,failed,not_found,404,EBE718E1A49EE229071702964F8DB1F318075FF8,6DA5D1B9B239501838E19CC0ACBAFAE737AEEC5B,86574D634A6EFA80D43177C0DC31EF75027C2C96,FD47FA4A74C2BA062EC731286930B97FA873A7D6,2020-09-26 22:35:24.602000,2020-09-26 22:35:29.043000
b5w44m4hmxotoibi,failed,not_found,448,EBE718E1A49EE229071702964F8DB1F318075FF8,8701E70AC4C0C9E1FE47EA853FC997D29BE5D65C,CDA2C336AD87E22DF02983887A3F74B21070D02D,FD2F9B881AC640100C428DF47DC9A863DC2F2536,2020-09-26 22:35:29.044000,2020-09-26 22:35:29.611000
b5w44m4hmxotoibi,failed,not_found,460,EBE718E1A49EE229071702964F8DB1F318075FF8,F6D600CF13B3BBE2A91A0653F1EC9D00E7CB3A6B,EC4AD91674B5AFECCA117A396776F120651E55BF,FD79B7F9230858B48E75F389661840C702511078,2020-09-26 22:35:29.611000,2020-09-26 22:35:30.317000
2eeyfwda4bozcipa,failed,not_found,372,EBE718E1A49EE229071702964F8DB1F318075FF8,4CE6D83FFA8AD24767007E8C972F371F2468F09A,4A60B05738087419BFF41A41D2059873EE16E1E9,270835EE49A6090065A7555A734C414F8E5F03FE,2020-09-26 22:35:22.490000,2020-09-26 22:35:23.350000
2eeyfwda4bozcipa,failed,not_found,383,EBE718E1A49EE229071702964F8DB1F318075FF8,56927E61B51E6F363FB55498150A6DDFCF7077F2,8358BDDA9C9A680B4E3A2809E5C24F5B3624D5C2,270934A4F7B669AA387F2D475FBE793D03694547,2020-09-26 22:35:23.351000,2020-09-26 22:35:24.148000
2eeyfwda4bozcipa,failed,not_found,393,EBE718E1A49EE229071702964F8DB1F318075FF8,EAA823552F959DFD038E9AC8FA89345A738B6C00,516034FF15C96CE841ECCD876EF604802AA5C650,271454031B99A7F5DDE486C554D40DBC4F050D29,2020-09-26 22:35:24.148000,2020-09-26 22:35:25.032000
2eeyfwda4bozcipa,failed,not_found,405,EBE718E1A49EE229071702964F8DB1F318075FF8,575F15A0A41B951BEE03E25B2A0A3FC3E8D7C7D1,8B64F593CAC2ED05C0FA703AEF50FF71925B569C,578E007E5E4535FBFEF7758D8587B07B4C8C5D06,2020-09-26 22:35:25.033000,2020-09-26 22:35:25.309000
2eeyfwda4bozcipa,failed,not_found,410,EBE718E1A49EE229071702964F8DB1F318075FF8,16DB78459B845F4E728405EB694E32929E2B318A,F6691E3EB7CAB3C876AAA885E6801B63DC998C39,575F15A0A41B951BEE03E25B2A0A3FC3E8D7C7D1,2020-09-26 22:35:25.310000,2020-09-26 22:35:27.491000
2eeyfwda4bozcipa,failed,not_found,431,EBE718E1A49EE229071702964F8DB1F318075FF8,A2166EBF7C49ED87F29823EC3B3FF36D21DBC070,5B0DBAC2C854B8EB0E0DD39AD94B66F2FEDC4871,5786D04C5A2885D19E606F13C4203F60AEE38110,2020-09-26 22:35:27.491000,2020-09-26 22:35:29.383000
5moikf6iabuceawa,failed,not_found,373,EBE718E1A49EE229071702964F8DB1F318075FF8,63B32F7E5389E8DBC5E1BCEFE48312DA7CCEF5D6,4FF53BC47097B50DA5B68D72C5B25CC079F4A787,2659ACAA140B6845E38F189B4080817B9819EB9A,2020-09-26 22:35:22.499000,2020-09-26 22:35:23.159000
5moikf6iabuceawa,failed,not_found,382,EBE718E1A49EE229071702964F8DB1F318075FF8,D08660B6D70B6249A57D89BB7A8F2EA2C952BD35,1D81272219B679D511930499AD8286BCD8F6C445,08C6EED76C8938B738316A34AA2923C432EC05B1,2020-09-26 22:35:23.159000,2020-09-26 22:35:24.033000
5moikf6iabuceawa,,,,,,,26ACD3A1EFECBB695CE8DF2EB769DB9242964C6C,2020-09-26 22:35:24.033000,
s7pkbkadtc4pwevl,failed,not_found,384,EBE718E1A49EE229071702964F8DB1F318075FF8,221F035A330AC4231A2E3D901F1CB11483C19F66,6CC25EF1B7BA8E6AB5B4F62B3D7D1B6C2E5DB6F3,9370F55D4BBF72FBDF13C41D65C8B814B4300CC8,2020-09-26 22:35:23.499000,2020-09-26 22:35:24.439000
s7pkbkadtc4pwevl,failed,not_found,398,EBE718E1A49EE229071702964F8DB1F318075FF8,890480E14E634C8B4467C475E355A6FBF3D99CD5,E130296683B896A117CE5DA531A5645644178734,8BE58BA7A28DC6B4F211CE8EE86783B85133488D,2020-09-26 22:35:24.440000,2020-09-26 22:35:25.343000
s7pkbkadtc4pwevl,failed,not_found,412,EBE718E1A49EE229071702964F8DB1F318075FF8,3028C537418D439A163666D2624F0672A3DA7F70,7C494B5BBC1558303DB1CFB840D980A0B4BCC324,937F201D2797314953F268D252F5C98D3FA9F71E,2020-09-26 22:35:25.344000,2020-09-26 22:35:27.608000
s7pkbkadtc4pwevl,failed,not_found,435,EBE718E1A49EE229071702964F8DB1F318075FF8,D87698D8E2276C7E93D531B7C2A1B27D58C71876,6AE6C0AF05A3F2688CD6241FAAF5F2027E8032B0,8C00FA7369A7A308F6A137600F0FA07990D9D451,2020-09-26 22:35:27.609000,2020-09-26 22:35:28.557000
s7pkbkadtc4pwevl,failed,not_found,445,EBE718E1A49EE229071702964F8DB1F318075FF8,F3F3F4900B87CF4A6B4A7F9402502FC457B7B1FC,070D387230C1B95A05811C5B722FBD21A1076BDB,939126EA4D25CB212A79746C133194F8A24C435B,2020-09-26 22:35:28.558000,2020-09-26 22:35:29.972000
s7pkbkadtc4pwevl,failed,not_found,463,EBE718E1A49EE229071702964F8DB1F318075FF8,E00DFD54DC165D5452FBD3530D30186DAD016A0C,875F74A3DC14737BECA06F8B500022154D1A29D1,8BE79CE3261C027CE94F84D6CBE45F03BE9B8B59,2020-09-26 22:35:29.973000,2020-09-26 22:35:30.958000
32dl3u7bueewwkn3,failed,not_found,385,EBE718E1A49EE229071702964F8DB1F318075FF8,CE863C22AD5ABBEAF606AE35A22781C409D895E5,D8C80A5F43C650C98640A5C2E1590949CC96A47B,0515C09FF6F72644B922C8D99128489FA53BA1FC,2020-09-26 22:35:23.499000,2020-09-26 22:35:24.448000
32dl3u7bueewwkn3,failed,not_found,399,EBE718E1A49EE229071702964F8DB1F318075FF8,B576A394DFC12B7E900D643C900484765D58C30F,62ABC3D1B0D5DE48DE4B8AF5E76D5AA8F535CCDF,8BE58BA7A28DC6B4F211CE8EE86783B85133488D,2020-09-26 22:35:24.449000,2020-09-26 22:35:25.069000
32dl3u7bueewwkn3,failed,not_found,406,EBE718E1A49EE229071702964F8DB1F318075FF8,F836446663F1EB816F13708955F105D0B2F5C8E0,ACC874AD6D4D3AC308CB6C044620A159A1123196,0512FE6BE9CCA0ED133152E64010B2FBA141EB10,2020-09-26 22:35:25.069000,2020-09-26 22:35:25.779000
32dl3u7bueewwkn3,failed,not_found,417,EBE718E1A49EE229071702964F8DB1F318075FF8,A96DA63E4415E776FBFCCF3DA7154C804534B6E7,7E460670C18752F8F69A9FC4550E9BFBB90BB81E,8C00FA7369A7A308F6A137600F0FA07990D9D451,2020-09-26 22:35:25.780000,2020-09-26 22:35:27.078000
32dl3u7bueewwkn3,failed,not_found,425,EBE718E1A49EE229071702964F8DB1F318075FF8,D08660B6D70B6249A57D89BB7A8F2EA2C952BD35,B872BA6804C8C6E140AE1897B44CF32B42FD2397,8BE79CE3261C027CE94F84D6CBE45F03BE9B8B59,2020-09-26 22:35:27.079000,2020-09-26 22:35:27.474000
32dl3u7bueewwkn3,failed,not_found,430,EBE718E1A49EE229071702964F8DB1F318075FF8,5C5D61F279AA0816F506FD5CE86C30F256291DDE,8FA37B93397015B2BC5A525C908485260BE9F422,0516085D6CAC40ED4CDCEFDFC5CCF6B00DE61DED,2020-09-26 22:35:27.474000,2020-09-26 22:35:28.106000
phlg43i4mnw3gyax,failed,not_found,402,EBE718E1A49EE229071702964F8DB1F318075FF8,B8F6E68B36BEE2BF548750BDCCC3C2A7DB56A623,72270EB58EDEBE727AA29E67417628DBCE889FAE,EAB20BD4083C820EC8329ED5AEBF12019A7749F3,2020-09-26 22:35:24.504000,2020-09-26 22:35:25.176000
phlg43i4mnw3gyax,failed,not_found,407,EBE718E1A49EE229071702964F8DB1F318075FF8,16DB78459B845F4E728405EB694E32929E2B318A,E97D754577161C2BEF19042F6E1931D8F3E57DFE,4F95B7313679ECC000F38F870CF0CF39C7386C50,2020-09-26 22:35:25.177000,2020-09-26 22:35:26.083000
phlg43i4mnw3gyax,failed,not_found,418,EBE718E1A49EE229071702964F8DB1F318075FF8,BADDC94299A1D8D4F4F22B200EAD9ED2E20CA31D,D14EC16949648CEE84EA1664445029EA4B597074,EAA823552F959DFD038E9AC8FA89345A738B6C00,2020-09-26 22:35:26.083000,2020-09-26 22:35:27.492000
phlg43i4mnw3gyax,failed,not_found,432,EBE718E1A49EE229071702964F8DB1F318075FF8,40A60D1F1E8AFBED22FCB30B3FBE2E275A14CF99,3BAACE149DB31574B327BF835B594B707D12CD58,4F7A7A61D20234B2C453FB8CD3014C100F1E0DE3,2020-09-26 22:35:27.492000,2020-09-26 22:35:28.182000
phlg43i4mnw3gyax,failed,not_found,437,EBE718E1A49EE229071702964F8DB1F318075FF8,9556C2C62CA9A9A296C049BA7BDC10ABD3FF0170,DBE82FA23B9FE3CB2462A6FCF5289DED3CBF4AEE,EABB390323F80D4457BAA5CEEE511455700E929D,2020-09-26 22:35:28.182000,2020-09-26 22:35:28.608000
phlg43i4mnw3gyax,failed,not_found,446,EBE718E1A49EE229071702964F8DB1F318075FF8,5D544F4055C6FD2F2F692D519CFA7A627D8D3903,C1DCC470C80F6D702C5ED11515936444BD3A0255,4F9BE3A549730D4B5705E1B89D637CA824A57DA1,2020-09-26 22:35:28.608000,2020-09-26 22:35:30.177000
lxyv7znu3y2tuunr,failed,not_found,403,EBE718E1A49EE229071702964F8DB1F318075FF8,89FD4FB2A5FD73B50F2E5D85C4707883F8CD5130,BE9B12FAAB7429842D643E2308390ECD8961E0A1,7B2FD4FFD565993CB4C4334AC0A0C42985EBEADB,2020-09-26 22:35:24.514000,2020-09-26 22:35:25.287000
lxyv7znu3y2tuunr,failed,not_found,409,EBE718E1A49EE229071702964F8DB1F318075FF8,1BB9F857B41ABFB3BE0570F8A86DDCFD198713A2,5C8B811887778DCF705F3D39F19E40A21889451F,F1A7CE1B1D558DC24E39B6B30FF217ECCEECF141,2020-09-26 22:35:25.287000,2020-09-26 22:35:26.112000
lxyv7znu3y2tuunr,failed,not_found,419,EBE718E1A49EE229071702964F8DB1F318075FF8,19FFF04C4B4448A993F5C908C99704881DCD4767,D8A2D0080B0C73E1DC0EC9F33B497F64E5FB3F52,7B046CEA50092F9AB2F712D84F52E8FA00D83877,2020-09-26 22:35:26.113000,2020-09-26 22:35:27.450000
lxyv7znu3y2tuunr,failed,not_found,429,EBE718E1A49EE229071702964F8DB1F318075FF8,18EA6AFA3609A0B24752FBF411A2DAADE27DE129,C8F402FDF89E5B51D862AD68D8C17DFA5A371BA0,7B2904FE8AA12E45EA3D65658ED8CECA4A51F7F8,2020-09-26 22:35:27.450000,2020-09-26 22:35:28.244000
lxyv7znu3y2tuunr,failed,not_found,439,EBE718E1A49EE229071702964F8DB1F318075FF8,D076561769F5C93D628777E3E05D4633D783EB8E,929BB84A68198CE35E2F2828812840AF5C2CBC4A,F1B1E1267A9301244120EF7D47CD4174FD94FD60,2020-09-26 22:35:28.245000,2020-09-26 22:35:29.113000
lxyv7znu3y2tuunr,failed,not_found,452,EBE718E1A49EE229071702964F8DB1F318075FF8,68773D3FF7B8CEFCEEFCA32AE72015E2D38C62C1,DC9564AE8BC7BF5F722E3677C897ED1B578C8D81,F1C8901A569F67638748D7BE97969541B3ECC59D,2020-09-26 22:35:29.113000,2020-09-26 22:35:29.952000
usuctokfdoxdxmm5,failed,not_found,413,EBE718E1A49EE229071702964F8DB1F318075FF8,36EFABA1FFE1D0246B36C141F9226F4F09B8951C,1FDF4D0660A7497222C3BA24FEEA316244093CD7,311A4533F7A2415F42346A6C8FA77E6FD279594C,2020-09-26 22:35:25.491000,2020-09-26 22:35:26.653000
usuctokfdoxdxmm5,failed,not_found,424,EBE718E1A49EE229071702964F8DB1F318075FF8,A1400B309B434D18AF611C379F4DB0FC65C58F17,8E7ACAD878BBD61097C0E0D557160F5D59BCE5CA,316DE45EFFB53671C9FD53CE0992952846709A29,2020-09-26 22:35:26.653000,2020-09-26 22:35:27.299000
usuctokfdoxdxmm5,failed,not_found,428,EBE718E1A49EE229071702964F8DB1F318075FF8,E1468D867FA3230EC1DACFCA87A800BAF22E79E0,9E6BA60AFBF9A4946A52770ABCDFC95703DAD6CB,310056E3539B2EE9F227B0D230B0835554051475,2020-09-26 22:35:27.299000,2020-09-26 22:35:27.897000
usuctokfdoxdxmm5,failed,not_found,438,EBE718E1A49EE229071702964F8DB1F318075FF8,DD0AA66DD9E4E71FFAFAB658DF8300F1CEEA0364,25370B6EB383700E46FCC6AD85274120D46F7F65,64B05F9A2122B5DB4ADCB0E6F083193F3170A902,2020-09-26 22:35:27.897000,2020-09-26 22:35:28.758000
usuctokfdoxdxmm5,failed,not_found,449,EBE718E1A49EE229071702964F8DB1F318075FF8,B058FBDEA69774C28EAC1111E167BC0AD4A904E0,876C7CE43774366250D3E768E690DAB9D4B5D5A3,64AE86C40EF69D3777E16792C8294C5F125187F5,2020-09-26 22:35:28.758000,2020-09-26 22:35:29.383000
usuctokfdoxdxmm5,failed,not_found,455,EBE718E1A49EE229071702964F8DB1F318075FF8,F52B8C77AC5885566C06E5ADB33A5A09C5E8B534,0B25110BA3473A6DC04AB58A3A0D5E4D6922A0E0,64AFFBBE017853193E190EF89D64602307B7C4D8,2020-09-26 22:35:29.384000,2020-09-26 22:35:30.628000
mgzf2w3kzu7y6yqt,failed,not_found,414,EBE718E1A49EE229071702964F8DB1F318075FF8,2F6AE174B58695171DB61569E7F7C17D27A24F3F,C5A1D5B7CB0D12A7B7334F2915134E6DA8F5C46D,D568EAA2A7017AFCD3FBAD64111C92CB8FD3A418,2020-09-26 22:35:25.502000,2020-09-26 22:35:26.215000
mgzf2w3kzu7y6yqt,failed,not_found,416,EBE718E1A49EE229071702964F8DB1F318075FF8,7E44E0D39CE8666A98EA5DEBCBB8E12B3906410F,8685144AB7D8587718973AD1C3C33F957081B70B,63540827C4832D214984EA47B7A68C593F9F862F,2020-09-26 22:35:26.216000,2020-09-26 22:35:26.966000
mgzf2w3kzu7y6yqt,failed,not_found,426,EBE718E1A49EE229071702964F8DB1F318075FF8,8CAA470B905758742203E3EB45941719FCA9FEEC,1079E628FC6B0025656AC024F2D9975C441498CD,63584BC1EF29E794A63C264136D7825C33F0889D,2020-09-26 22:35:26.966000,2020-09-26 22:35:27.664000
mgzf2w3kzu7y6yqt,failed,not_found,436,EBE718E1A49EE229071702964F8DB1F318075FF8,624B7391B9790E7CD2AF6A7238239BA3D6928A57,A98ADD972045D3CCAEE65C788C3F175BAEA3E324,636794E0F8F1067E550FA51BF457163FFE2AC335,2020-09-26 22:35:27.664000,2020-09-26 22:35:29.432000
mgzf2w3kzu7y6yqt,failed,not_found,456,EBE718E1A49EE229071702964F8DB1F318075FF8,425835370C1FBE178C21CB53C76672F12BDE091A,F50CF02A0E6A9D9B25F7EB220FC26F7BD1B74999,D5607ADD1FDDB657482E23F09AB173310C802590,2020-09-26 22:35:29.432000,2020-09-26 22:35:30.364000
mgzf2w3kzu7y6yqt,failed,not_found,465,EBE718E1A49EE229071702964F8DB1F318075FF8,0AAF0B549639B01EDB6E190C8551EDC2C8EDA2A5,263907E9D48FBEAE6E64B10C628AE8BDF466869B,D57751F73AE9DBFEAFAC282473615E5F6D269614,2020-09-26 22:35:30.364000,2020-09-26 22:35:31.223000
z4p6twkkwdi262a2,failed,not_found,421,EBE718E1A49EE229071702964F8DB1F318075FF8,310056E3539B2EE9F227B0D230B0835554051475,1D04FF920CE804CE357FE62C665901C578BC26D6,E81993EA52B73285CFFD02FEC003569D21483001,2020-09-26 22:35:26.492000,2020-09-26 22:35:27.202000
z4p6twkkwdi262a2,failed,not_found,427,EBE718E1A49EE229071702964F8DB1F318075FF8,9638D8A46D8CBA79F8122D77E038ED99EBFDAEAD,66BD39FE805AED414ADE400CAAD862C9CC3AC34E,E8130F7A29B624A70A0EC506671D66BAA32F1A5F,2020-09-26 22:35:27.203000,2020-09-26 22:35:28.459000
z4p6twkkwdi262a2,failed,not_found,442,EBE718E1A49EE229071702964F8DB1F318075FF8,144CCCE4EFE85215BC0866E797BEA8F85929CFED,114FB145113A8D53818F0BA9363DFBC81DC8447F,E81AE352A41ECB6C1C67A00816A7B22EDE206F01,2020-09-26 22:35:28.459000,2020-09-26 22:35:29.776000
z4p6twkkwdi262a2,failed,not_found,462,EBE718E1A49EE229071702964F8DB1F318075FF8,3B90AE3B2D1AF41DE00C6B9FBCBAA96AAE81BEA9,FD9075FB5DE09BE53EE3C7781729C8EB97C62E1D,05FEA2DB1FD29DE229B589DFEF5E80A5C6C7EE9E,2020-09-26 22:35:29.776000,2020-09-26 22:35:32.475000
z4p6twkkwdi262a2,failed,not_found,489,EBE718E1A49EE229071702964F8DB1F318075FF8,8B51EF7AD52443F873211BF86C7D789406D59F2F,40A60D1F1E8AFBED22FCB30B3FBE2E275A14CF99,061370AE41C1084B2910EB0522C8B2DB1C2CB96E,2020-09-26 22:35:32.475000,2020-09-26 22:35:34.421000
z4p6twkkwdi262a2,failed,not_found,510,EBE718E1A49EE229071702964F8DB1F318075FF8,DEA84F08432800346BADB35F1EAC1B2A4D5B165D,7B28971D4A29995784E3066B9D87E42E9C685F3A,05F5BB75DA007361CE03770393033D4D52836D8A,2020-09-26 22:35:34.421000,2020-09-26 22:35:36.243000
lcca27lnkrw5zitm,failed,not_found,422,EBE718E1A49EE229071702964F8DB1F318075FF8,A2C6C931D8627C6605288970889DDB88C7BA2142,036A7CD36D6F7A97C7B4AF896D9F11AB719F0DF7,73010D9C5A330C7D3E65057E88B871C4D5D233D5,2020-09-26 22:35:26.503000,2020-09-26 22:35:28.365000
lcca27lnkrw5zitm,failed,not_found,441,EBE718E1A49EE229071702964F8DB1F318075FF8,66BD39FE805AED414ADE400CAAD862C9CC3AC34E,6B5A63BFEEA8EF58DA812F4F05BE98C869809DFB,7327876AE79C997DFE311A7B15B4FA875736BBD1,2020-09-26 22:35:28.365000,2020-09-26 22:35:29.088000
lcca27lnkrw5zitm,failed,not_found,451,EBE718E1A49EE229071702964F8DB1F318075FF8,4623A9EC53BFD83155929E56D6F7B55B5E718C24,12FD624EE73CEF37137C90D38B2406A66F68FAA2,D48DC22A810BF47E66C678A63AA54715DD3E9879,2020-09-26 22:35:29.089000,2020-09-26 22:35:30.943000
lcca27lnkrw5zitm,failed,not_found,473,EBE718E1A49EE229071702964F8DB1F318075FF8,6521A3AEF9AC4B83361411F769EEDCBAB124F162,FBD20387F64D67ED53AC5BD2E0302D44B2DA360C,72FF4C64E28396446B58892C356B61A8018C5C95,2020-09-26 22:35:30.943000,2020-09-26 22:35:31.905000
lcca27lnkrw5zitm,failed,not_found,484,EBE718E1A49EE229071702964F8DB1F318075FF8,09A70E396DE93F54D4541BBB0EC8E2B23761F34F,980B28A19B0A66948035A3FE143E5CF613C84122,D4825DF61F9C8FC64C57CFAE943BF1D705B06ACE,2020-09-26 22:35:31.905000,2020-09-26 22:35:32.902000
lcca27lnkrw5zitm,failed,not_found,494,EBE718E1A49EE229071702964F8DB1F318075FF8,F0F5074A6DADD3DC22E1FAA18FD6D89CBC52771A,1CD48F4ED0F1821FFBF1940802A13EEFD4C27502,D46F368FDCFB9363A2A9B8279FFC2331B540BD0E,2020-09-26 22:35:32.903000,2020-09-26 22:35:33.652000
eciqjmizz227dm3s,failed,not_found,433,EBE718E1A49EE229071702964F8DB1F318075FF8,2076359FC3BEB6AB4D0F26C5419712A30CDE85D0,2BB85DC5BD3C6F0D81A4F2B5882176C6BF7ECF5A,C08DE49658E5B3CFC6F2A952B453C4B608C9A16A,2020-09-26 22:35:27.502000,2020-09-26 22:35:29.456000
eciqjmizz227dm3s,failed,not_found,457,EBE718E1A49EE229071702964F8DB1F318075FF8,9E1E4F5B5F94812D02C4D18CB4086CE71CA5C614,400C053623F36C5C3D1CFC73F1AB9DA6E24DEEB7,B9877C7A9EAD7439C186B6B4C2885612BA379874,2020-09-26 22:35:29.456000,2020-09-26 22:35:30.157000
eciqjmizz227dm3s,failed,not_found,464,EBE718E1A49EE229071702964F8DB1F318075FF8,A59AD84F92B2E5A76EBFE3BE62D3B28AF9BFD127,4B68D0E5392ED6F3469A37880631353A96558631,B9CF104FE30CC987D0A5FF725770D134EBDB17CD,2020-09-26 22:35:30.157000,2020-09-26 22:35:31.364000
eciqjmizz227dm3s,failed,not_found,477,EBE718E1A49EE229071702964F8DB1F318075FF8,7A3E534C033E3836BD5AF223B642853C502AB33A,E8BAE7393740A700D50B010DED9D9EC9A66B390D,C0833D395E81F19EC5F3BBC60D89470BE2F15199,2020-09-26 22:35:31.364000,2020-09-26 22:35:33.544000
eciqjmizz227dm3s,failed,not_found,502,EBE718E1A49EE229071702964F8DB1F318075FF8,E3D61BAEA0B7CB12CACEDC8821C520557BDFCEA3,CD39C258265B25EAA4ABA4FDCB2DF98104CAA362,C0A0FEB6473F3F31822BB8F008049718CA017627,2020-09-26 22:35:33.544000,2020-09-26 22:35:34.196000
eciqjmizz227dm3s,failed,not_found,503,EBE718E1A49EE229071702964F8DB1F318075FF8,7B28971D4A29995784E3066B9D87E42E9C685F3A,4E9796481C1E75F75D57E8C1FC8C8ED111433316,B9962C193AE4313D625E9BFB9415C4306214D330,2020-09-26 22:35:34.196000,2020-09-26 22:35:35.264000
aj37mg7klnz76z4t,failed,not_found,434,EBE718E1A49EE229071702964F8DB1F318075FF8,FE9CB0E0629636EBD8D0C71F46E387B944C01BCF,C013F6A7A2297FA4CD00D05EF4A1C5222B844B25,520C85ABE6E731CECC28B1055854053FAA28061B,2020-09-26 22:35:27.512000,2020-09-26 22:35:28.339000
aj37mg7klnz76z4t,failed,not_found,440,EBE718E1A49EE229071702964F8DB1F318075FF8,8275CE20C53D79EC51CA87292E7FC58F238F100C,B76A047C20D3E4F9B5A64428298DA55A90D62472,525D5386F858580E93B88D21727869555DFC654C,2020-09-26 22:35:28.340000,2020-09-26 22:35:29.191000
aj37mg7klnz76z4t,failed,not_found,454,EBE718E1A49EE229071702964F8DB1F318075FF8,970F0966DAA7EBDEE44E3772045527A6854E997B,F148A022E5E2BAD006E29C82C8D47C047A29958F,51A8A22944F228EA2D601434D127864B1B0B0F8C,2020-09-26 22:35:29.191000,2020-09-26 22:35:30.692000
aj37mg7klnz76z4t,failed,not_found,470,EBE718E1A49EE229071702964F8DB1F318075FF8,58F3E2956EABB81F673E2FB90E16E001DB4AC3AE,47175EA5C1B830AD72F2ED14C089B443758376E1,521C30A968743B13E17E22E39BE52DA020FB92E1,2020-09-26 22:35:30.692000,2020-09-26 22:35:31.615000
aj37mg7klnz76z4t,failed,not_found,480,EBE718E1A49EE229071702964F8DB1F318075FF8,331452F317390D3C78BCD759170699E55C5570C9,E3F98C86C9E01138DD8EA06B1E660A0CDB4B2782,51C367582993D68F8215610B85A99902C945324B,2020-09-26 22:35:31.615000,2020-09-26 22:35:32.210000
aj37mg7klnz76z4t,failed,not_found,481,EBE718E1A49EE229071702964F8DB1F318075FF8,FB13B3060516E4C50E5E178227A036977103E4AD,4FCF975D71A8663E8066BD1431D8E9459DBE2EAB,51BD25EE06C46E4466427D4ABF94F2964514EB2F,2020-09-26 22:35:32.211000,2020-09-26 22:35:32.815000
uoeqvy3ljwp43on6,failed,not_found,443,EBE718E1A49EE229071702964F8DB1F318075FF8,A6365A78A592DCA0726E4A86792324F04891A948,88CF8D42D49B7C8E9D03ABE5DAE7AF25E9902008,51F8C25ECF3A632CA8AB43EE243D606BB7C05812,2020-09-26 22:35:28.497000,2020-09-26 22:35:30.714000
uoeqvy3ljwp43on6,failed,not_found,471,EBE718E1A49EE229071702964F8DB1F318075FF8,6F7E602D79D16C871F8984B98658F2C9928F2FD9,34DE7F9028A53D5238D779B00DAF7438FDE1D7A0,71026B999E15ECC0BCCA56B972E210CCA76AD96A,2020-09-26 22:35:30.714000,2020-09-26 22:35:31.963000
uoeqvy3ljwp43on6,failed,not_found,485,EBE718E1A49EE229071702964F8DB1F318075FF8,C2FB346ECEA48FC980AD442BADB7CD10E14E53A6,CD0F9AA1A5064430B1DE8E645CBA7A502B27ED5F,70FF4E669EC69F8E324537D05ADDAAED76303D8D,2020-09-26 22:35:31.963000,2020-09-26 22:35:33.712000
uoeqvy3ljwp43on6,failed,not_found,505,EBE718E1A49EE229071702964F8DB1F318075FF8,FD449127D30D8F5D124653D9EF736EDF4A12B4DC,44FE825405384A8CE396D3369F45A4D62ECDAF66,51F733EAC4DFD128CF957A14D5F2DC023803D1A2,2020-09-26 22:35:33.712000,2020-09-26 22:35:34.856000
uoeqvy3ljwp43on6,failed,not_found,518,EBE718E1A49EE229071702964F8DB1F318075FF8,4DB0490A0420809A8149E778BBAC8F1E9349D9EC,438E8C214576AF13480A550D45C116F43333C319,51E1CF613FD6F9F11FE24743C91D6F9981807D82,2020-09-26 22:35:34.856000,2020-09-26 22:35:36.306000
uoeqvy3ljwp43on6,failed,not_found,535,EBE718E1A49EE229071702964F8DB1F318075FF8,6B13A4EC169E4FB0F3141E1AE4307966569FA47C,6B13A2C3331FB5F8B37F0AEE9341D5CF1C21F3AD,70F09E981D6D4A34A35F248F0C873CBA356A0612,2020-09-26 22:35:36.307000,2020-09-26 22:35:38.040000
rrvmkllm6edr4dgm,failed,not_found,444,EBE718E1A49EE229071702964F8DB1F318075FF8,CDAF0B74C45FD5B1955198A8D92C8A518A53D07B,C3799054BC7F0D201FB7C0F9DE31BF1F3D868A37,A066E7983758C7CC0097E16ACF4F7B71BAFA44E9,2020-09-26 22:35:28.507000,2020-09-26 22:35:29.163000
rrvmkllm6edr4dgm,failed,not_found,453,EBE718E1A49EE229071702964F8DB1F318075FF8,954666871AF443730E97772E183DAD1F45583FB7,3D636FB9D24EA781C3C2766C051064C6CA1C0D96,A016192D0A87FC9354A7523A211BBD9CF859708B,2020-09-26 22:35:29.164000,2020-09-26 22:35:29.914000
rrvmkllm6edr4dgm,failed,not_found,461,EBE718E1A49EE229071702964F8DB1F318075FF8,BF0FB582E37F738CD33C3651125F2772705BB8E8,853E2DF3997D6215ACBB86D53E5630669961A39A,A024E420DD146541D5D7F6CFEB554C3A64F985EE,2020-09-26 22:35:29.914000,2020-09-26 22:35:31.067000
rrvmkllm6edr4dgm,failed,not_found,469,EBE718E1A49EE229071702964F8DB1F318075FF8,BB60F5BA113A0B8B44B7B37DE3567FE561E92F78,B8F6E68B36BEE2BF548750BDCCC3C2A7DB56A623,6E8E5CA9B6F567416ADA21E990E7746BC223B0C0,2020-09-26 22:35:31.067000,2020-09-26 22:35:31.765000
rrvmkllm6edr4dgm,failed,not_found,483,EBE718E1A49EE229071702964F8DB1F318075FF8,E5CC91BAFE7CCD68003E873D32E38027638D49D7,211310CD09EC290505C1F24018AE5330076412A0,6E66D978514FF86CDEF01FE30C23A1002925AA02,2020-09-26 22:35:31.766000,2020-09-26 22:35:32.457000
rrvmkllm6edr4dgm,failed,not_found,488,EBE718E1A49EE229071702964F8DB1F318075FF8,EE7CD2A763435C7006095BD167C790ABE5BC4DEA,316DE45EFFB53671C9FD53CE0992952846709A29,6E4DC86BC268306583E6C5640F11F17677663EDE,2020-09-26 22:35:32.457000,2020-09-26 22:35:33.235000
yuqegorrqc3rcv77,failed,not_found,458,EBE718E1A49EE229071702964F8DB1F318075FF8,41CEB66108B70108F148BF7778260A87723AACA1,7158836DCC91AAA4FAA293FFF0F645DCD0D4EFF9,C4FD2403CC929297B559A49E582516944F75C6A9,2020-09-26 22:35:29.500000,2020-09-26 22:35:30.416000
yuqegorrqc3rcv77,failed,not_found,466,EBE718E1A49EE229071702964F8DB1F318075FF8,573051CAA3EEEE2B75EBD096BB1F70D3FDAC5F3A,E3D61BAEA0B7CB12CACEDC8821C520557BDFCEA3,C51701910DEA998F4F51287A71B7E94449A3E9BC,2020-09-26 22:35:30.417000,2020-09-26 22:35:31.096000
yuqegorrqc3rcv77,failed,not_found,474,EBE718E1A49EE229071702964F8DB1F318075FF8,303509AB910EF207B7438C27435C4A2FD579F1B1,7A2A6F39F485C4FC95FB885FFF37C436FD2BB7E5,B204DE75B37064EF6A4C6BAF955C5724578D0B32,2020-09-26 22:35:31.096000,2020-09-26 22:35:31.963000
yuqegorrqc3rcv77,failed,not_found,527,EBE718E1A49EE229071702964F8DB1F318075FF8,62A60158A2C302E3DA792D7A4F5339F41321E5D9,5CCC3569C67B7F1BB733664D43DF4645F2A4B04D,C4D43EC18179F7B2E8187D7E284D6D547217B39E,2020-09-26 22:35:31.964000,2020-09-26 22:35:36.488000
yuqegorrqc3rcv77,failed,not_found,528,EBE718E1A49EE229071702964F8DB1F318075FF8,07623013C3361FE566B71C8CFCC6483D7587A827,FF8F56B5E1A36341F84FF72927CEB3F0AC6BC6A9,B1E43B11A955CBA31F5261A22CBFCE204C95D5DE,2020-09-26 22:35:36.488000,2020-09-26 22:35:37.443000
yuqegorrqc3rcv77,failed,not_found,547,EBE718E1A49EE229071702964F8DB1F318075FF8,40C773D9F2B16143CDB2ADB661DDC6BB12EF3E2C,4E9796481C1E75F75D57E8C1FC8C8ED111433316,B2002D5C75A0FAD8F33962614718F35CB672CC57,2020-09-26 22:35:37.444000,2020-09-26 22:35:38.851000
nztk6gr5yk2qti2x,failed,not_found,459,EBE718E1A49EE229071702964F8DB1F318075FF8,070229A4CC2CFFB24EB667298A7DB5E8D11EB701,BE40A5C8EB81704DBC1586190159AA7EDC1DA11D,5CE3AD8AD04ADE66C0037A3CF5F7F7A40D48A20B,2020-09-26 22:35:29.500000,2020-09-26 22:35:30.811000
nztk6gr5yk2qti2x,failed,not_found,472,EBE718E1A49EE229071702964F8DB1F318075FF8,6CDF81E5A9BF270CDF4C989D5F7917113591C355,503431F94FF8FB69F10AD59DE31F3B2C3449D990,5CBD45394573828291C8FE9780232FDFD0D202DF,2020-09-26 22:35:30.812000,2020-09-26 22:35:31.711000
nztk6gr5yk2qti2x,failed,not_found,482,EBE718E1A49EE229071702964F8DB1F318075FF8,9ECF0C8EEA5C07DE54A346EDB371B48845A3FD0F,BAF223E9DF62D3261F1675C6CFC4E5D50F15FA57,5CCC3569C67B7F1BB733664D43DF4645F2A4B04D,2020-09-26 22:35:31.712000,2020-09-26 22:35:32.476000
nztk6gr5yk2qti2x,failed,not_found,490,EBE718E1A49EE229071702964F8DB1F318075FF8,4CE6D83FFA8AD24767007E8C972F371F2468F09A,F8DE8132E599A194E20DDB738AF64A7200CD5949,3239007CE1FB2ECDFDF2067DF23B949295DC5EF6,2020-09-26 22:35:32.476000,2020-09-26 22:35:33.236000
nztk6gr5yk2qti2x,failed,not_found,497,EBE718E1A49EE229071702964F8DB1F318075FF8,9E4CC64C4F94C359D43C5BA09094323FDBEFD975,75FE5236E67FFA4A44C1152C35EAB36360E4D7DF,3246ECCAEDC4FF2949B655E0245AFFF42F8C9DFC,2020-09-26 22:35:33.236000,2020-09-26 22:35:34.224000
nztk6gr5yk2qti2x,failed,not_found,508,EBE718E1A49EE229071702964F8DB1F318075FF8,69B53A5AE5025DA8947F7C32F69CA90375ED2A4E,C2B45199FC6F98E21BFAFE0833348F288FA337E3,32437FADA2B55E6F446870203311860AD8588569,2020-09-26 22:35:34.224000,2020-09-26 22:35:35.226000
akksg6hikvthdg7l,failed,not_found,467,EBE718E1A49EE229071702964F8DB1F318075FF8,A541C211909264081DC3A4F8E105F06139DDCD8B,6CC25EF1B7BA8E6AB5B4F62B3D7D1B6C2E5DB6F3,CDDEC3CC4B0FD5054C99B2D2843DE8B609A4CABA,2020-09-26 22:35:30.491000,2020-09-26 22:35:31.312000
akksg6hikvthdg7l,failed,not_found,476,EBE718E1A49EE229071702964F8DB1F318075FF8,A1DAA9D3975D1EBB231277ECDEF68720D3F00C8F,8AFFEAE2A917D35C4E98395F5F3BDC3A55472632,CDE4149F0DC65A7BE1AE440340BE1C7A18135E29,2020-09-26 22:35:31.312000,2020-09-26 22:35:33.071000
akksg6hikvthdg7l,failed,not_found,493,EBE718E1A49EE229071702964F8DB1F318075FF8,562434D987CF49D45649B76ADCA993BEA8F78471,D5039E1EBFD96D9A3F9846BF99EC9F75EDDE902A,562C61C7F885741D599DB7A1235791D928BEADFD,2020-09-26 22:35:33.071000,2020-09-26 22:35:33.520000
akksg6hikvthdg7l,failed,not_found,501,EBE718E1A49EE229071702964F8DB1F318075FF8,20CD933EDC7260B19040475B24FD6B01B73E94BB,66DFC51E724E38DDCB3AB67DDF4C0BB0F1F49C0B,5628495D9939A8C139DD441402DE42F7012B7092,2020-09-26 22:35:33.521000,2020-09-26 22:35:34.819000
akksg6hikvthdg7l,failed,not_found,517,EBE718E1A49EE229071702964F8DB1F318075FF8,8E7ACAD878BBD61097C0E0D557160F5D59BCE5CA,4E559E30279092315BF907DABDF00720473F8320,CDE4C5DC9D639E915B99B461EE243044FCA264B6,2020-09-26 22:35:34.819000,2020-09-26 22:35:38.006000
akksg6hikvthdg7l,failed,not_found,551,EBE718E1A49EE229071702964F8DB1F318075FF8,3151FB419FAB0FD86D7BE4F7DFD620E99E105D92,ACA0B8702A6A0B890217A3D26B7220EB6E1CFFD1,563C8868165186D2F7BA1FCF982EB20DEB82B350,2020-09-26 22:35:38.007000,2020-09-26 22:35:38.828000
xhy5o3pdkqkvscof,failed,not_found,468,EBE718E1A49EE229071702964F8DB1F318075FF8,D907BCD0B9510C462EEB0688FD5421CD2E172B77,4E98AA295B7171996D18DD1F6A19F64AB4036B4A,84D361B736A8CD1E8818D0FC186892E91AB76881,2020-09-26 22:35:30.503000,2020-09-26 22:35:31.208000
xhy5o3pdkqkvscof,failed,not_found,475,EBE718E1A49EE229071702964F8DB1F318075FF8,9B2BC7EFD661072AFADC533BE8DCF1C19D8C2DCC,8A59027657872BC7CB7A5F3E24EB3EAEE60467BB,84CB0782C8CA81A7263EE86F321EDFECC611369A,2020-09-26 22:35:31.208000,2020-09-26 22:35:32.456000
xhy5o3pdkqkvscof,failed,not_found,487,EBE718E1A49EE229071702964F8DB1F318075FF8,28B39D67BD18D13694DE03679EA4A864EB6977E9,33AA6CFE161A698169B548C9D973DAE6DED6BF0E,84D4A8CCE76EEAC3FC45ED7A78A05F7DCD68CE72,2020-09-26 22:35:32.457000,2020-09-26 22:35:33.450000
xhy5o3pdkqkvscof,failed,not_found,498,EBE718E1A49EE229071702964F8DB1F318075FF8,13EE0E14C6A2751633138277C1443A4C37DD55D4,BE40A5C8EB81704DBC1586190159AA7EDC1DA11D,6F7E602D79D16C871F8984B98658F2C9928F2FD9,2020-09-26 22:35:33.451000,2020-09-26 22:35:35.194000
xhy5o3pdkqkvscof,failed,not_found,514,EBE718E1A49EE229071702964F8DB1F318075FF8,B8805CBDBE91A5E68D268FC62DC617B5BD7CC9E7,835FFE642EFA3BB7936663D2365A15D319FB6226,6F4E9FD00D4251D98BE96FB1AA546FE34676A95B,2020-09-26 22:35:35.195000,2020-09-26 22:35:36.667000
xhy5o3pdkqkvscof,failed,not_found,540,EBE718E1A49EE229071702964F8DB1F318075FF8,CB92FA4D7D71F134CE1F1FFF2BFF53E88DD4A1DB,0ED0EA324C931CF41CB5272BFB1D015B3D5772A9,6F6586F1631CAC1115B9561656E7664D386B7F4B,2020-09-26 22:35:36.667000,2020-09-26 22:35:37.322000
ngmlfm7bulz44c6o,failed,not_found,478,EBE718E1A49EE229071702964F8DB1F318075FF8,90A40EAF6090BD260237BDFE9391A2EFF35E8733,A3AFBDEE30238E44899C9F8B7666D12B09C8EE32,0CFC3C013E3C49587843796106C5E3AD093F55FE,2020-09-26 22:35:31.493000,2020-09-26 22:35:32.959000
ngmlfm7bulz44c6o,failed,not_found,495,EBE718E1A49EE229071702964F8DB1F318075FF8,2464456C287E71583A6EADFCF82959722B6E96FF,AE17FAAF8F302A506AF2167666EC62882804403F,0CF8F3E6590F45D50B70F2F7DA6605ECA6CD408F,2020-09-26 22:35:32.960000,2020-09-26 22:35:33.734000
ngmlfm7bulz44c6o,failed,not_found,506,EBE718E1A49EE229071702964F8DB1F318075FF8,27C61AE08EBDD8B26B78992C7647D890269E9E03,3BA07FCB32A0151EF9B76507213E43D8ABD3BE5F,0D13FEFB150903100AF2F9E52A5852EC105A817E,2020-09-26 22:35:33.734000,2020-09-26 22:35:34.728000
ngmlfm7bulz44c6o,failed,not_found,516,EBE718E1A49EE229071702964F8DB1F318075FF8,8A6F5A21493685B50F1B46A87A2099D6C410F237,3CEA56B817455E13C4B063E7D3E7726C286F7C9B,DC7E7D9AB7AD52F03B856E6DC278E9D92BF19B33,2020-09-26 22:35:34.729000,2020-09-26 22:35:35.420000
ngmlfm7bulz44c6o,failed,not_found,524,EBE718E1A49EE229071702964F8DB1F318075FF8,D00AC7CD91B2F1345EADB0132D823967E2646DDF,F5F4019509109A07E90C45A022CEED9ECA1643C8,DC818C243B318D19D07DACFC2E7CAD327C7E0B3E,2020-09-26 22:35:35.420000,2020-09-26 22:35:36.384000
ngmlfm7bulz44c6o,failed,not_found,536,EBE718E1A49EE229071702964F8DB1F318075FF8,4CE6D83FFA8AD24767007E8C972F371F2468F09A,BC238DA10F427C21685F766317F7E0946954B88F,DC7BABFF3C5E49C922D239DE1A5C5252F51D2F81,2020-09-26 22:35:36.385000,2020-09-26 22:35:37.304000
ymfliri6wmtqs57d,failed,not_found,479,EBE718E1A49EE229071702964F8DB1F318075FF8,65E40F7EDD28E2CF28684E30E0BAB7706819CFC3,AC6A78BAE7BBCAC798C7AD17460147214F9EA0CD,0367E1FFAB716AC3F418CFB7CBB3BDB9403CD9CB,2020-09-26 22:35:31.505000,2020-09-26 22:35:33.013000
ymfliri6wmtqs57d,failed,not_found,496,EBE718E1A49EE229071702964F8DB1F318075FF8,98BCA63DD82E13A637FF8D0EC28135663DB08CA1,B96B5141004995295FE87DCCE1A54519BD0BB48A,034AA4B30F77DF0FE183602EA7F8251FF2CF1BA2,2020-09-26 22:35:33.013000,2020-09-26 22:35:33.690000
ymfliri6wmtqs57d,failed,not_found,504,EBE718E1A49EE229071702964F8DB1F318075FF8,BE8737597F2E6B4F805893202C935125829A902E,98BCA63DD82E13A637FF8D0EC28135663DB08CA1,036A7CD36D6F7A97C7B4AF896D9F11AB719F0DF7,2020-09-26 22:35:33.690000,2020-09-26 22:35:34.344000
ymfliri6wmtqs57d,failed,not_found,509,EBE718E1A49EE229071702964F8DB1F318075FF8,9E1E4F5B5F94812D02C4D18CB4086CE71CA5C614,3212FA08FB2358B271606E21B1DFBD6717B94FA3,89094DFA4158C7A1583EC3A332CDCBC74A28CC0E,2020-09-26 22:35:34.345000,2020-09-26 22:35:35.258000
ymfliri6wmtqs57d,failed,not_found,522,EBE718E1A49EE229071702964F8DB1F318075FF8,0F6E56C326DC9719942E8BBA58C22F71332DA891,B87D46124FCB8BD887CC774349F335ED1F8419F6,890480E14E634C8B4467C475E355A6FBF3D99CD5,2020-09-26 22:35:35.259000,2020-09-26 22:35:36.181000
ymfliri6wmtqs57d,failed,not_found,534,EBE718E1A49EE229071702964F8DB1F318075FF8,5944BE10FF49A3CFC865D2F0700394C2877F197D,8B1CC76D6D1370A67263628D4CBC01B62903D0BF,890530C5B510A506F5CF206EFEC1595F96E727A5,2020-09-26 22:35:36.181000,2020-09-26 22:35:37.223000
phmpdlt75rowgbyt,failed,not_found,491,EBE718E1A49EE229071702964F8DB1F318075FF8,0BD524A66A928A093AD1ADD79AD24C5DA6D805CE,54F5D800DD9783FCF2200E80EF3D1A867A3F6D6B,8358BDDA9C9A680B4E3A2809E5C24F5B3624D5C2,2020-09-26 22:35:32.500000,2020-09-26 22:35:34.128000
phmpdlt75rowgbyt,failed,not_found,507,EBE718E1A49EE229071702964F8DB1F318075FF8,083C52051140DB8AF770BD40C7C8883EFFF4CAF3,EAA823552F959DFD038E9AC8FA89345A738B6C00,54A4820B46E65509BF3E2B892E66930A41759DE9,2020-09-26 22:35:34.129000,2020-09-26 22:35:35.224000
phmpdlt75rowgbyt,failed,not_found,520,EBE718E1A49EE229071702964F8DB1F318075FF8,9EA4649400C7D35E20C734FA737CF615E925F1E4,D87698D8E2276C7E93D531B7C2A1B27D58C71876,54A403A1B015F6E5A641AD121530966BD873136E,2020-09-26 22:35:35.225000,2020-09-26 22:35:35.895000
phmpdlt75rowgbyt,failed,not_found,529,EBE718E1A49EE229071702964F8DB1F318075FF8,B27115A20B05D40730A4020145EFA63381D9D51B,B9233588917C5F6B7DA771118707090591BC4C87,54A35E582F9E178542ECCFA48DBE14F401729969,2020-09-26 22:35:35.895000,2020-09-26 22:35:37.884000
phmpdlt75rowgbyt,failed,not_found,553,EBE718E1A49EE229071702964F8DB1F318075FF8,980B28A19B0A66948035A3FE143E5CF613C84122,38F21DEE29E40DCDF9460A80662B7723562CA008,83381B9F72D753F3F57A5380F6C6D2EB07A4837F,2020-09-26 22:35:37.884000,2020-09-26 22:35:39.048000
phmpdlt75rowgbyt,failed,not_found,565,EBE718E1A49EE229071702964F8DB1F318075FF8,9B24B2149631167704362E07356A9E9BFC1F0F05,A8D68ED61673B314CC8CD31C2275ABF1E07387CC,834C91DEEB2FE4FEFCE55A99C378968FB659115C,2020-09-26 22:35:39.048000,2020-09-26 22:35:40.309000
uobuqqe7xld4ugap,failed,not_found,515,EBE718E1A49EE229071702964F8DB1F318075FF8,104DC15ACFA69CF94F89E8ED0F6CDB2D298234D2,B02F0126ABB2BA22371DD96BCBAFA91AD3EB4DDF,D0BF6A6400081DA6031536ECEAD59F79BDABEB65,2020-09-26 22:35:32.511000,2020-09-26 22:35:36.051000
uobuqqe7xld4ugap,failed,not_found,532,EBE718E1A49EE229071702964F8DB1F318075FF8,BD60B8F5EA0B8DF59A6B20B7CB3F28E5C2A1DD7A,F3936F97C14EFCFD18154DF4443B91FEDD071F47,7226BE09B7A81000BBF7D959E360B2FE41CCC639,2020-09-26 22:35:36.051000,2020-09-26 22:35:36.691000
uobuqqe7xld4ugap,failed,not_found,543,EBE718E1A49EE229071702964F8DB1F318075FF8,88F5FD94C520B22A1A5B98EC20003F046ED601DD,E5507444DAC04539B8DC624299616141B0DB64D5,D0CE898B1530C14F9FCE27E1449941579607F1D6,2020-09-26 22:35:36.692000,2020-09-26 22:35:37.984000
uobuqqe7xld4ugap,failed,not_found,554,EBE718E1A49EE229071702964F8DB1F318075FF8,5AD3FB658E490BAD9515F363374AA41D65D31A02,AAAEFD0CB5443776F98971C3E0A854C989E2DA37,721F80504A717309A8EBA47729EB1E474A95A61F,2020-09-26 22:35:37.985000,2020-09-26 22:35:39.098000
uobuqqe7xld4ugap,failed,not_found,566,EBE718E1A49EE229071702964F8DB1F318075FF8,CEA300BA32D38055F2788DEEEF4BC272BAF808FA,C63110BDD8736D2C2A733FF962F58D58FDE63A2D,D0ED5C7031A8F2B0CB5181060D6535C53686C559,2020-09-26 22:35:39.098000,2020-09-26 22:35:40.139000
uobuqqe7xld4ugap,failed,not_found,577,EBE718E1A49EE229071702964F8DB1F318075FF8,EF1A9BE231A6C3AC94B9E2BFC86990B16C923A45,484F666C491BCDE22B45E0E19D1CEA5ACC5A9611,72270EB58EDEBE727AA29E67417628DBCE889FAE,2020-09-26 22:35:40.140000,2020-09-26 22:35:40.636000
42rza24v6hrw4g3z,failed,not_found,499,EBE718E1A49EE229071702964F8DB1F318075FF8,2CE96A8A1DA032664C90F574AFFBECE18A6E8DFC,E947C029087FA1C3499BEF5D4372947C51223D8F,FA69F7C51067D9A84168962C46ACA480A90CD354,2020-09-26 22:35:33.499000,2020-09-26 22:35:34.526000
42rza24v6hrw4g3z,failed,not_found,513,EBE718E1A49EE229071702964F8DB1F318075FF8,2D47F039F04EEC03EABE484CC017796A0AB48240,4CE6D83FFA8AD24767007E8C972F371F2468F09A,FA5F1AB3468F808B2FB05F2155C0481A3532C787,2020-09-26 22:35:34.526000,2020-09-26 22:35:35.419000
42rza24v6hrw4g3z,failed,not_found,523,EBE718E1A49EE229071702964F8DB1F318075FF8,3CCF9573F59137E52787D9C322AC19D2BD090B70,3076FB1CCEB8341322019AD26F69BFC0AA845334,FA5A0820B4D068F37A65B80C9315404553B5A053,2020-09-26 22:35:35.419000,2020-09-26 22:35:36.667000
42rza24v6hrw4g3z,failed,not_found,541,EBE718E1A49EE229071702964F8DB1F318075FF8,7D928720EC0CB5C2AFE04DF0EBC37BD59B00EAB4,4CF9BAEB0DE6D7230D6B7DA0FF420C7CFD863885,02FAEC637620B6DFF329022CEAA4D83BA23CEC6F,2020-09-26 22:35:36.668000,2020-09-26 22:35:38.236000
42rza24v6hrw4g3z,failed,not_found,555,EBE718E1A49EE229071702964F8DB1F318075FF8,A0C59410B9030AC1385C4CA44C8DBFE13AF4BC9B,0289A02185EE16A12E8701563F72EAD3EE225B93,02ED4F8DB11F1303BA21B16AA1CF2A0A48547ACA,2020-09-26 22:35:38.237000,2020-09-26 22:35:42.046000
42rza24v6hrw4g3z,failed,not_found,597,EBE718E1A49EE229071702964F8DB1F318075FF8,A4771CB90024F1870D622960519945A3E49B40FE,A6AA94B4007A0E2919B2DA8ECF2CFA3CA1761A13,02F250898E6213FC6B5BAEA368322BEE015AD677,2020-09-26 22:35:42.046000,2020-09-26 22:35:43.140000
yawj5guntl64leq6,failed,not_found,500,EBE718E1A49EE229071702964F8DB1F318075FF8,3F65766ADE067D9D08920E3B74DAB9040EDD26B2,02648F2F135C7296A27B1F59D2AE4EEC25D9A877,0C475BA4D3AA3C289B716F95954CAD616E50C4E5,2020-09-26 22:35:33.500000,2020-09-26 22:35:34.953000
yawj5guntl64leq6,failed,not_found,519,EBE718E1A49EE229071702964F8DB1F318075FF8,8C9704A8068E46CD91287DE3C332EFE2E21C685A,A597AC866E40CAB5A67759ADE4942192E99DE684,0869EA503377C702669BC75DD7A59094658DFA08,2020-09-26 22:35:34.954000,2020-09-26 22:35:35.946000
yawj5guntl64leq6,failed,not_found,576,EBE718E1A49EE229071702964F8DB1F318075FF8,31788AB4138BBC7B923094A20E925B42E555A7A6,128D16508676598DC8C7465CC5A87A338208466C,085527CBD6485FD475AC983FA8683A2D9028BAA8,2020-09-26 22:35:35.947000,2020-09-26 22:35:41.471000
yawj5guntl64leq6,failed,not_found,591,EBE718E1A49EE229071702964F8DB1F318075FF8,E130296683B896A117CE5DA531A5645644178734,856DAB2FDC9EED88A27BE2265FA6BD5489EF178E,0861F4966E199C0BA9DB1D904DB4BC843508F12C,2020-09-26 22:35:41.472000,2020-09-26 22:35:42.538000
yawj5guntl64leq6,failed,not_found,608,EBE718E1A49EE229071702964F8DB1F318075FF8,9EB3FD84065E5622A57EFEF14E41A01B5B99A022,FF3059E77E5D22F1C3B20CCBE125691AD27588DD,0C41DC37946901C297626C0D1ABF68423947DDE5,2020-09-26 22:35:42.539000,2020-09-26 22:35:43.411000
yawj5guntl64leq6,failed,not_found,618,EBE718E1A49EE229071702964F8DB1F318075FF8,2F26D43258285FEB39E4320888DFAFA8A0D20E11,D52A160303C638D9FB03463F8A6B7934D5787F4C,0C6842CCF836DE08EFEA0BD6C1471AE3463B9B71,2020-09-26 22:35:43.411000,2020-09-26 22:35:44.551000
dv7bvozh2gs2eyoj,failed,not_found,511,EBE718E1A49EE229071702964F8DB1F318075FF8,52026565263963A4DA7C0A737E43850951405CDB,B70BD334FFEE23E653B75219AE12CF0236BCFCBB,648F20B54CF719E6D02FAA07A8DA6CA1C7EEFEEE,2020-09-26 22:35:34.498000,2020-09-26 22:35:35.916000
dv7bvozh2gs2eyoj,failed,not_found,552,EBE718E1A49EE229071702964F8DB1F318075FF8,8358BDDA9C9A680B4E3A2809E5C24F5B3624D5C2,D5FAAC4138272BEE29EA4BA3F1981B25CB6B6F5F,648E97719EDEC4F0E08F1CEB8D24F2C8F587344C,2020-09-26 22:35:35.916000,2020-09-26 22:35:40.946000
dv7bvozh2gs2eyoj,failed,not_found,588,EBE718E1A49EE229071702964F8DB1F318075FF8,EAB20BD4083C820EC8329ED5AEBF12019A7749F3,FF8F56B5E1A36341F84FF72927CEB3F0AC6BC6A9,648F30B3351F17EE9CE6EB1336C8AD3C6490F0F9,2020-09-26 22:35:40.947000,2020-09-26 22:35:41.886000
dv7bvozh2gs2eyoj,failed,not_found,598,EBE718E1A49EE229071702964F8DB1F318075FF8,065E6B20BF87AE6F0E27063BB8AE002ECC3736E9,FC1E441E097BA36930AA2F615EFB325AF76D2595,1211AC1BBB8A1AF7CBA86BCE8689AA3146B86423,2020-09-26 22:35:41.886000,2020-09-26 22:35:42.526000
dv7bvozh2gs2eyoj,failed,not_found,607,EBE718E1A49EE229071702964F8DB1F318075FF8,29DDD25C8383FDA559D4E0E88F820AB88C26212A,BDF3F765BEBC50AA559DE55655896F275A2C67AD,120F89D102F96647D2258166B3BB50CBFCEF20E3,2020-09-26 22:35:42.527000,2020-09-26 22:35:43.554000
dv7bvozh2gs2eyoj,failed,not_found,624,EBE718E1A49EE229071702964F8DB1F318075FF8,EC619D444A7CF48BF09A366EF521F3FF9ADF1949,C1335B1DB938644FCD54EE744D91354F94EDD1BC,120B535E53C4ACF968EF3AE269B224D1CF0F3C1E,2020-09-26 22:35:43.555000,2020-09-26 22:35:44.688000
5zcfx5ydvvtu6arc,failed,not_found,512,EBE718E1A49EE229071702964F8DB1F318075FF8,883F49ECDF48809308C0E5409E5A264B94050140,A99B0D9E5FD5BC3C8F2D006EC91F8C7F40E09CB8,6ED6758622A73F54F0EF59A9D31D71AABD7A70DA,2020-09-26 22:35:34.512000,2020-09-26 22:35:35.225000
5zcfx5ydvvtu6arc,failed,not_found,521,EBE718E1A49EE229071702964F8DB1F318075FF8,0DB061CA620A1B9AD80983D911A419D4A6747625,FC3422292F0BDAF47068C750C1793710F5019B07,E617AD78CD262D6F68817BE6B178063B35F5FF77,2020-09-26 22:35:35.225000,2020-09-26 22:35:36.106000
5zcfx5ydvvtu6arc,failed,not_found,533,EBE718E1A49EE229071702964F8DB1F318075FF8,63BF46A63F9C21FD315CD061B3EAA3EB05283A0A,3A4F8A201036D3F57A0453CA440E20793775EDB9,6EF78BB131DA33F9D266BC4BB5972261E34DBD13,2020-09-26 22:35:36.107000,2020-09-26 22:35:37.283000
5zcfx5ydvvtu6arc,failed,not_found,546,EBE718E1A49EE229071702964F8DB1F318075FF8,B728832F0AB11E5450EC320230E2B7D33EC08F49,1C7D71A2581DE79C5CFC4ED1FF75D5BE30F01BB7,E605E70E86A7777A22DF2259DFA9C5360B54346A,2020-09-26 22:35:37.284000,2020-09-26 22:35:38.448000
5zcfx5ydvvtu6arc,failed,not_found,560,EBE718E1A49EE229071702964F8DB1F318075FF8,82ED9AEC94184EC6DD299A5CDB3378B04BB17489,844AE9CAD04325E955E2BE1521563B79FE7094B7,E61D63442BE06CC8CCA60C972DE1C3AE3DD7871E,2020-09-26 22:35:38.449000,2020-09-26 22:35:39.301000
5zcfx5ydvvtu6arc,failed,not_found,575,EBE718E1A49EE229071702964F8DB1F318075FF8,63B32F7E5389E8DBC5E1BCEFE48312DA7CCEF5D6,8737307DE84C2621E6399E99123967A9590297F2,6EEF8446BF9D43DA7F7D8505BDFC49BBE64BF822,2020-09-26 22:35:39.301000,2020-09-26 22:35:40.660000
r3nkkgltcmunbgza,failed,not_found,525,EBE718E1A49EE229071702964F8DB1F318075FF8,104DC15ACFA69CF94F89E8ED0F6CDB2D298234D2,38F0B34A86E19A2C65B20F95BFB0CBE40E3165C9,6CB7D0F355B60EF166439E96876BCDEBF8FD8E0F,2020-09-26 22:35:35.496000,2020-09-26 22:35:36.407000
r3nkkgltcmunbgza,failed,not_found,537,EBE718E1A49EE229071702964F8DB1F318075FF8,EC469289B6E8B0AAD8A60785551028EC4BB36237,1D361A2F1CAE4FDD5A85E13C168BE7075A100524,6CDE3363F9F9AD5A6EA484DEFB58217CC9685E31,2020-09-26 22:35:36.407000,2020-09-26 22:35:37.097000
r3nkkgltcmunbgza,failed,not_found,542,EBE718E1A49EE229071702964F8DB1F318075FF8,104DC15ACFA69CF94F89E8ED0F6CDB2D298234D2,EE7CD2A763435C7006095BD167C790ABE5BC4DEA,6CBACBF2C525B09A55464D836432812A30FEF414,2020-09-26 22:35:37.098000,2020-09-26 22:35:37.521000
r3nkkgltcmunbgza,failed,not_found,550,EBE718E1A49EE229071702964F8DB1F318075FF8,B568135C5E345BAFB080C11FDDF348E545A722E5,23A2D8DDF761F35CC63BDF65E604B76A7E2F6971,E2BAAFECE5C3D3B4FFE6173B3097948E0F730623,2020-09-26 22:35:37.521000,2020-09-26 22:35:38.425000
r3nkkgltcmunbgza,failed,not_found,559,EBE718E1A49EE229071702964F8DB1F318075FF8,4CE6D83FFA8AD24767007E8C972F371F2468F09A,41CEB66108B70108F148BF7778260A87723AACA1,E2B9BA96723C59E65AE07E82B74C7A31AF874225,2020-09-26 22:35:38.426000,2020-09-26 22:35:39.301000
r3nkkgltcmunbgza,failed,not_found,568,EBE718E1A49EE229071702964F8DB1F318075FF8,41145C3169D810DB360FF2FCA232093B02C0B262,B517198B86B3859C307857C59F6660A281FC8B47,E2B8DEC970657EE1CB872F37E81E59526285EF3F,2020-09-26 22:35:39.301000,2020-09-26 22:35:40.297000
tjd4mmdjz4lvp33a,failed,not_found,526,EBE718E1A49EE229071702964F8DB1F318075FF8,EC619D444A7CF48BF09A366EF521F3FF9ADF1949,8EE28EAF0874AF9B03EBBD79B5EB5059E2547355,2BB85DC5BD3C6F0D81A4F2B5882176C6BF7ECF5A,2020-09-26 22:35:35.508000,2020-09-26 22:35:37.098000
tjd4mmdjz4lvp33a,failed,not_found,544,EBE718E1A49EE229071702964F8DB1F318075FF8,5D765770B4DB110D88787457978AB4008CF65CAC,C5A1D5B7CB0D12A7B7334F2915134E6DA8F5C46D,2BD1936E0B4D5BB615CF99B0CFF74EAF19426888,2020-09-26 22:35:37.098000,2020-09-26 22:35:38.330000
tjd4mmdjz4lvp33a,failed,not_found,558,EBE718E1A49EE229071702964F8DB1F318075FF8,A96DA63E4415E776FBFCCF3DA7154C804534B6E7,7A2A6F39F485C4FC95FB885FFF37C436FD2BB7E5,4B16758168D4F334BE11872F7B6BAE2E44664E5B,2020-09-26 22:35:38.330000,2020-09-26 22:35:39.332000
tjd4mmdjz4lvp33a,failed,not_found,569,EBE718E1A49EE229071702964F8DB1F318075FF8,B91A1EB30E66D52026EFCD1E96BFC0E966C83E6D,D0273C8566CC9AECE4C762376C9B066FE0F1DADD,2BA2C8E96B2590E1072AECE2BDB5C48921BF8510,2020-09-26 22:35:39.332000,2020-09-26 22:35:40.297000
tjd4mmdjz4lvp33a,failed,not_found,578,EBE718E1A49EE229071702964F8DB1F318075FF8,42D47C736518BFA495CA31AEE40AE468F0BDA2A6,9B5ED3370E002AEBB2A9B25E3213C1817CCD2D88,4B170476D09459328438F3E68ED19516C9F75A80,2020-09-26 22:35:40.298000,2020-09-26 22:35:41.080000
tjd4mmdjz4lvp33a,failed,not_found,587,EBE718E1A49EE229071702964F8DB1F318075FF8,62ABC3D1B0D5DE48DE4B8AF5E76D5AA8F535CCDF,25E078CD1E537A7418318168F7E1990EF2A160C8,4B1B02A94C0315F0376E56A6AD3A93C7976E469F,2020-09-26 22:35:41.080000,2020-09-26 22:35:41.425000
2s6imez5fkabsj6r,failed,not_found,586,EBE718E1A49EE229071702964F8DB1F318075FF8,E13F7EE1535ED8AEAB92A5EEAEE9A0C782ED33E2,D2F16CBF1BD891968D65D44CD21507E3371279F3,F6D600CF13B3BBE2A91A0653F1EC9D00E7CB3A6B,2020-09-26 22:35:36.521000,2020-09-26 22:35:42.206000
2s6imez5fkabsj6r,failed,not_found,601,EBE718E1A49EE229071702964F8DB1F318075FF8,41145C3169D810DB360FF2FCA232093B02C0B262,1D54F7CCB7C7A185EE8AA5616C079DD923EB57F2,F6CD4DBF5850AC4386DD9A424918AD3C6BA2716F,2020-09-26 22:35:42.206000,2020-09-26 22:35:42.996000
2s6imez5fkabsj6r,failed,not_found,611,EBE718E1A49EE229071702964F8DB1F318075FF8,9B24B2149631167704362E07356A9E9BFC1F0F05,24B1DF80768332990BA8F1230BA41D95D82D52BD,F6F24800B8494ACCC2EE13B8E6D8E7AFF9B13A50,2020-09-26 22:35:42.996000,2020-09-26 22:35:44.121000
2s6imez5fkabsj6r,failed,not_found,626,EBE718E1A49EE229071702964F8DB1F318075FF8,461D6EA15966C7F99B43D37ADC116B5B8E47D130,DBE82FA23B9FE3CB2462A6FCF5289DED3CBF4AEE,A604086EAE838774F809811925A223DCFDBB1D17,2020-09-26 22:35:44.122000,2020-09-26 22:35:44.467000
2s6imez5fkabsj6r,failed,not_found,636,EBE718E1A49EE229071702964F8DB1F318075FF8,8358BDDA9C9A680B4E3A2809E5C24F5B3624D5C2,FA1845C313B88EF49E8BE1F23B02CD0AC702B636,A60697FF383EEEE2E88505DD4E305C07BF326B11,2020-09-26 22:35:44.468000,2020-09-26 22:35:45.268000
2s6imez5fkabsj6r,failed,not_found,647,EBE718E1A49EE229071702964F8DB1F318075FF8,A59AD84F92B2E5A76EBFE3BE62D3B28AF9BFD127,09F64E00F34C88F604163F24D37BEAF9245702EA,A613E402885F5D248889CD6EA85DE61D022D760E,2020-09-26 22:35:45.268000,2020-09-26 22:35:46.168000
tamfyqztzq4pajbx,failed,not_found,539,EBE718E1A49EE229071702964F8DB1F318075FF8,C1B79C4CD9B713BBB6B0522155B46A7BFE3BFAAE,88DF5D708E931C431902AAABEA981E7951E00085,287E1041DFC3A03E1650A61ADF580EA1C6BF3649,2020-09-26 22:35:36.521000,2020-09-26 22:35:37.186000
tamfyqztzq4pajbx,failed,not_found,545,EBE718E1A49EE229071702964F8DB1F318075FF8,9738F8F5C386CDAF5707D0DCED428F2813CA285F,5820D7E2CC290462233845BA807D616494CF0D7D,0367E1FFAB716AC3F418CFB7CBB3BDB9403CD9CB,2020-09-26 22:35:37.187000,2020-09-26 22:35:38.295000
tamfyqztzq4pajbx,failed,not_found,557,EBE718E1A49EE229071702964F8DB1F318075FF8,7E8BC43AE75EAE16D7EC4676F4A5C355F454B809,45D81A594C458BAA2AFADADC507B6C784EB68D63,285B3195256DEA66C7F58C0596B17D923788056C,2020-09-26 22:35:38.296000,2020-09-26 22:35:39.471000
tamfyqztzq4pajbx,failed,not_found,572,EBE718E1A49EE229071702964F8DB1F318075FF8,3B92ADC24E26522515BD3C15C678A641EA6475B0,2D70583AFDE90C7C3D9CFF9F0C076F0C022CC29C,286F22F5D198AB20C50C65B94A03B52CAE588946,2020-09-26 22:35:39.472000,2020-09-26 22:35:40.446000
tamfyqztzq4pajbx,failed,not_found,580,EBE718E1A49EE229071702964F8DB1F318075FF8,EEFFC0D532AB63BB3E9CAEADA822971F6D3AE8D6,7997C3FC88B02A2C6FEF96C5F5B5C50DD7DA2E2C,034AA4B30F77DF0FE183602EA7F8251FF2CF1BA2,2020-09-26 22:35:40.446000,2020-09-26 22:35:41.614000
tamfyqztzq4pajbx,failed,not_found,596,EBE718E1A49EE229071702964F8DB1F318075FF8,0677DF0B05ECDA2EF45F26C3332731043BB89AB8,061E0496931D23A81A2B685C9339D36857DD0FA1,0338F9F55111FE8E3570E7DE117EF3AF999CC1D7,2020-09-26 22:35:41.615000,2020-09-26 22:35:42.349000
vjr5c54y4fy5z6qe,failed,not_found,548,EBE718E1A49EE229071702964F8DB1F318075FF8,947FFF456CFCEF5DCAB09422E1945A8D21AEEC62,15FEE423DFF8AF9E2E081959B0C6326072C60DA1,E2BAAFECE5C3D3B4FFE6173B3097948E0F730623,2020-09-26 22:35:37.500000,2020-09-26 22:35:38.692000
vjr5c54y4fy5z6qe,failed,not_found,564,EBE718E1A49EE229071702964F8DB1F318075FF8,99339F3E68BCCC1391BF14C821D80766FE0C5956,221E976B546E60048A01950250399B8534D4E4B7,F9246DEF2B653807236DA134F2AEAB103D58ABFE,2020-09-26 22:35:38.693000,2020-09-26 22:35:39.440000
vjr5c54y4fy5z6qe,failed,not_found,571,EBE718E1A49EE229071702964F8DB1F318075FF8,42D47C736518BFA495CA31AEE40AE468F0BDA2A6,ABCD041C95994C8F82DE4DB464C9A778736A9BF6,F91931C25343C1B073641B5C46D2BDDBFE04B9F1,2020-09-26 22:35:39.440000,2020-09-26 22:35:41.545000
vjr5c54y4fy5z6qe,failed,not_found,595,EBE718E1A49EE229071702964F8DB1F318075FF8,DBE82FA23B9FE3CB2462A6FCF5289DED3CBF4AEE,761A60D0364D9AA03114F72550483287ED060B2D,F919A0CB490DA12BB8C34C273FD765FA32C69E55,2020-09-26 22:35:41.545000,2020-09-26 22:35:42.464000
vjr5c54y4fy5z6qe,failed,not_found,604,EBE718E1A49EE229071702964F8DB1F318075FF8,60CA295745930AFA59DB73F877834B4100C7B712,8358BDDA9C9A680B4E3A2809E5C24F5B3624D5C2,E2B9BA96723C59E65AE07E82B74C7A31AF874225,2020-09-26 22:35:42.464000,2020-09-26 22:35:43.138000
vjr5c54y4fy5z6qe,failed,not_found,613,EBE718E1A49EE229071702964F8DB1F318075FF8,EFF7FB34C593A9D347DDC7A53F20DAC9FB8E9AD3,874D84382C892F3F61CC9E106BF08843DE0B865A,E2B8DEC970657EE1CB872F37E81E59526285EF3F,2020-09-26 22:35:43.139000,2020-09-26 22:35:44.770000
ub357al2fk5rvq2a,failed,not_found,549,EBE718E1A49EE229071702964F8DB1F318075FF8,F37374DB9FA6EF14CED64FD294E8D8683F032EC8,5A224EFAC453F7EF2D0435E336890DECDC5CEBFD,0006DE2E77E3C3EC5E1825B076E5257FD200ED0A,2020-09-26 22:35:37.500000,2020-09-26 22:35:38.250000
ub357al2fk5rvq2a,failed,not_found,556,EBE718E1A49EE229071702964F8DB1F318075FF8,903044B185D293317A0CB4E7EB7FF898B076E3CB,FD79B7F9230858B48E75F389661840C702511078,FFF78C44BA6E6B6F7525095BBE14EF7CBEB89744,2020-09-26 22:35:38.250000,2020-09-26 22:35:39.162000
ub357al2fk5rvq2a,failed,not_found,563,EBE718E1A49EE229071702964F8DB1F318075FF8,25990FC54D7268C914170A118EE4EE75025451DA,EFF7FB34C593A9D347DDC7A53F20DAC9FB8E9AD3,059208418A85DAEA537027F54AF9DB8A01AFF381,2020-09-26 22:35:39.162000,2020-09-26 22:35:40.520000
ub357al2fk5rvq2a,failed,not_found,583,EBE718E1A49EE229071702964F8DB1F318075FF8,13B2354C74CCE29815B4E1F692F2F0E86C7F13DD,3EEEB7021D974D38B6D97BEFB55E5E48551A8FEA,0011BD2485AD45D984EC4159C88FC066E5E3300E,2020-09-26 22:35:40.520000,2020-09-26 22:35:41.916000
ub357al2fk5rvq2a,failed,not_found,599,EBE718E1A49EE229071702964F8DB1F318075FF8,E459E02374D0385D2E2515CBBE707EA208966BCF,3F43D0584A2613C9DB631382FF486DC6B95EA1C8,05976EAC91BC67A6C0628476EE24DAC1CC378A10,2020-09-26 22:35:41.917000,2020-09-26 22:35:44.208000
ub357al2fk5rvq2a,failed,not_found,634,EBE718E1A49EE229071702964F8DB1F318075FF8,3D6C776E8BE9E8AE5D0591594117999E3C5498C8,80F72F97967806AD5AD4C1E61C88B43DC47F6609,05B451C0562FDE23307AFA84FD6A37652E615233,2020-09-26 22:35:44.209000,2020-09-26 22:35:45.547000
35pla45h6exsmase,failed,not_found,561,EBE718E1A49EE229071702964F8DB1F318075FF8,F836446663F1EB816F13708955F105D0B2F5C8E0,908D9BA8BAD0A1BE77C6937357ADB595EE51F7FD,474648D2DFC1C060A5CA74C8A5976807B7FB5FE0,2020-09-26 22:35:38.495000,2020-09-26 22:35:40.555000
35pla45h6exsmase,failed,not_found,584,EBE718E1A49EE229071702964F8DB1F318075FF8,2FFE5FAF70D20E76B0474AE9E40C2A0B53F8D9F0,FA1845C313B88EF49E8BE1F23B02CD0AC702B636,475C893CCA9661B407865B6DBB30C021AE45F1DA,2020-09-26 22:35:40.556000,2020-09-26 22:35:41.485000
35pla45h6exsmase,failed,not_found,592,EBE718E1A49EE229071702964F8DB1F318075FF8,8A59027657872BC7CB7A5F3E24EB3EAEE60467BB,8BE79CE3261C027CE94F84D6CBE45F03BE9B8B59,AD76F68E461FAF90D9A93221A994A0F6F84DD6A3,2020-09-26 22:35:41.485000,2020-09-26 22:35:42.919000
35pla45h6exsmase,failed,not_found,610,EBE718E1A49EE229071702964F8DB1F318075FF8,DBE82FA23B9FE3CB2462A6FCF5289DED3CBF4AEE,B4A96C0852DD0841579D33E09A98D641EACCD73E,AD86CD1A49573D52A7B6F4A35750F161AAD89C88,2020-09-26 22:35:42.920000,2020-09-26 22:35:43.433000
35pla45h6exsmase,failed,not_found,619,EBE718E1A49EE229071702964F8DB1F318075FF8,055E271A48AA082E6A9FE88EA58DB73A600CDF24,A4771CB90024F1870D622960519945A3E49B40FE,AD7C011CE0280249FA05053C1AC8E770E242ADF8,2020-09-26 22:35:43.434000,2020-09-26 22:35:44.414000
35pla45h6exsmase,failed,not_found,633,EBE718E1A49EE229071702964F8DB1F318075FF8,B291D30517D23299AD7CEE3E60DFE60D0E3A4664,FE1AF5E909002134BFF834F4AD5E1DE723779002,475B34D76756910C11EB7752EB8285F6BE00C1EE,2020-09-26 22:35:44.414000,2020-09-26 22:35:45.128000
tlxmxbunlxlkop6z,failed,not_found,562,EBE718E1A49EE229071702964F8DB1F318075FF8,8EB722FA1AE9DDE1914BC21FEA22819D4DE99DB4,8C00FA7369A7A308F6A137600F0FA07990D9D451,DCB5A6BF7EC2D8277459E288115706286C4B9C86,2020-09-26 22:35:38.511000,2020-09-26 22:35:39.427000
tlxmxbunlxlkop6z,failed,not_found,570,EBE718E1A49EE229071702964F8DB1F318075FF8,1E1A7C9134637383BE653C41973995A229D81595,6CA1E52071B159D74AF35AD3B0DCE128A1B32AE9,DCC6C70E8F4340CBD633F506BC9E7D99818601D9,2020-09-26 22:35:39.428000,2020-09-26 22:35:40.636000
tlxmxbunlxlkop6z,failed,not_found,585,EBE718E1A49EE229071702964F8DB1F318075FF8,E5AA85FA69CDC31900C86E6427C7E5DE11DE9E2D,70B547336C6AC4ADD674EACEB4B9CCA8C02C04F1,82D561E064237EE8DDE0FF229F3C18ECEA95225F,2020-09-26 22:35:40.636000,2020-09-26 22:35:42.435000
tlxmxbunlxlkop6z,failed,not_found,603,EBE718E1A49EE229071702964F8DB1F318075FF8,E0F638ECCE918B5455CE29D2CD9ECC9DBD8F8B21,836460C721577873AD1FF8AB000112A9360EB3A0,82B94663F141978FB2252A166A7FCFF0BA3A1701,2020-09-26 22:35:42.435000,2020-09-26 22:35:43.333000
tlxmxbunlxlkop6z,failed,not_found,617,EBE718E1A49EE229071702964F8DB1F318075FF8,FF8F56B5E1A36341F84FF72927CEB3F0AC6BC6A9,14E72D4DA10B66353E583F26EE04AC0D563EA7EF,DCB6273B2D2AD09AAC021141136CD461994D1533,2020-09-26 22:35:43.333000,2020-09-26 22:35:44.148000
tlxmxbunlxlkop6z,failed,not_found,630,EBE718E1A49EE229071702964F8DB1F318075FF8,3028C537418D439A163666D2624F0672A3DA7F70,FC1E441E097BA36930AA2F615EFB325AF76D2595,82ACC2C54FA8E53FB1A9C990CD0CD00077329DFD,2020-09-26 22:35:44.149000,2020-09-26 22:35:45.748000
czrohby62qbaa6hp,failed,not_found,573,EBE718E1A49EE229071702964F8DB1F318075FF8,1079E628FC6B0025656AC024F2D9975C441498CD,2E72EEABE4EE19183BEFAA10D88B3C16829C9F99,7992F172EDBE69B99F0190651BAC14DD0FD9E5C8,2020-09-26 22:35:39.495000,2020-09-26 22:35:40.344000
czrohby62qbaa6hp,failed,not_found,579,EBE718E1A49EE229071702964F8DB1F318075FF8,12CF6DB4DAE106206D6C6B09988E865C0509843B,FD449127D30D8F5D124653D9EF736EDF4A12B4DC,7997D73272295C1322F30FFD1F32D093E1E19795,2020-09-26 22:35:40.345000,2020-09-26 22:35:41.352000
czrohby62qbaa6hp,failed,not_found,590,EBE718E1A49EE229071702964F8DB1F318075FF8,9EB3FD84065E5622A57EFEF14E41A01B5B99A022,7B0D94D348D9F98C50B6674C5CB17AF35EA2605F,798A57B4E129699A521A03E7F72BC0FDEC31F4D6,2020-09-26 22:35:41.353000,2020-09-26 22:35:42.220000
czrohby62qbaa6hp,failed,not_found,602,EBE718E1A49EE229071702964F8DB1F318075FF8,92BBADCB0697F5EB1792C607EE2DC1C291A98ADC,7272FA27A7F99E88D59BE2018E3F14FB88BF9786,359853389CE231359EBCB4940CBF8E5DA8439FF9,2020-09-26 22:35:42.220000,2020-09-26 22:35:43.162000
czrohby62qbaa6hp,failed,not_found,614,EBE718E1A49EE229071702964F8DB1F318075FF8,63BF46A63F9C21FD315CD061B3EAA3EB05283A0A,BBBBBAD453263D786EC34AB68A06214288910345,35919E197C6C7F372A26C747D66ACA6A39642B3E,2020-09-26 22:35:43.163000,2020-09-26 22:35:43.901000
czrohby62qbaa6hp,failed,not_found,628,EBE718E1A49EE229071702964F8DB1F318075FF8,5DB9AE27A44EB7B476CC04A66C67A71C97A001E6,0BCCF364C4EE7338B6E920E63E951922C85F91F7,35B503FB546815CC9EDE91022555B5D0ED04E389,2020-09-26 22:35:43.902000,2020-09-26 22:35:45.005000
yyxuxb7lmb325ihy,failed,not_found,625,EBE718E1A49EE229071702964F8DB1F318075FF8,AE5E67C546EAAA31ADC429F3FC2CC70ECC4E2849,9A48EC8AAFB2E8C9E20408596383DB74F1196747,1D89A810BDF84522B6036034F499A766EF294DB1,2020-09-26 22:35:39.509000,2020-09-26 22:35:45.071000
yyxuxb7lmb325ihy,failed,not_found,645,EBE718E1A49EE229071702964F8DB1F318075FF8,21E9162916687FDC3CD966D11F34766F51902B45,5B1F0DAF378A1FAFCFD5FA9CDC66D1023DC0276E,1D8ED54EA9DF2D46558AD0096DD5D9DD297F13A8,2020-09-26 22:35:45.072000,2020-09-26 22:35:45.903000
yyxuxb7lmb325ihy,failed,not_found,659,EBE718E1A49EE229071702964F8DB1F318075FF8,AEF6C1FBA0FC16F4931638BF065085B974D3E90F,1C7215BC0123DDA23BDED0F9D2849D3AD80183CB,1D8DE4EF4BFA38D366FCE7249DC41A540D8E1EB9,2020-09-26 22:35:45.904000,2020-09-26 22:35:46.655000
yyxuxb7lmb325ihy,failed,not_found,668,EBE718E1A49EE229071702964F8DB1F318075FF8,3D9CE80399B68C01377FEC42395E399B9ED16E18,F740DDDB1A6B536B5CC47111BFE4E2F7CF9B4C28,554E9EE1586220B016B7C43490E7398F57C254D5,2020-09-26 22:35:46.655000,2020-09-26 22:35:47.707000
yyxuxb7lmb325ihy,failed,not_found,683,EBE718E1A49EE229071702964F8DB1F318075FF8,13EE0E14C6A2751633138277C1443A4C37DD55D4,288C100FFA656938C23F32207CAF0DA932ECD247,55580D71B317A072F4A4DCF6EA4EDB015734AEE7,2020-09-26 22:35:47.707000,2020-09-26 22:35:48.592000
yyxuxb7lmb325ihy,failed,not_found,692,EBE718E1A49EE229071702964F8DB1F318075FF8,211310CD09EC290505C1F24018AE5330076412A0,0A58B05D403A2663EB56124F8C7AAB0CABFAA115,5558F546D2A996DD2F4B6A62A218DF23848452E3,2020-09-26 22:35:48.592000,2020-09-26 22:35:49.391000
all6bmxrxg6sevo2,failed,not_found,581,EBE718E1A49EE229071702964F8DB1F318075FF8,8679CBAFD3F447F9E9CD05A5701501248C24AA4F,BE9B12FAAB7429842D643E2308390ECD8961E0A1,EA43347E0DA7CEDD595029B511066628C7C8A653,2020-09-26 22:35:40.496000,2020-09-26 22:35:41.307000
all6bmxrxg6sevo2,failed,not_found,589,EBE718E1A49EE229071702964F8DB1F318075FF8,35513B1D2EA70649346C3C6D34F63D6982E3948A,E5CC91BAFE7CCD68003E873D32E38027638D49D7,2E72EEABE4EE19183BEFAA10D88B3C16829C9F99,2020-09-26 22:35:41.308000,2020-09-26 22:35:42.121000
all6bmxrxg6sevo2,failed,not_found,600,EBE718E1A49EE229071702964F8DB1F318075FF8,0745857B06337B7F343635608975972A9EC14901,A6E0F950CAC74AF867CA21976069529D6D4D3E30,E9CA6548917DE6961B09B257D2AA803C8A5BC657,2020-09-26 22:35:42.122000,2020-09-26 22:35:43.333000
all6bmxrxg6sevo2,failed,not_found,681,EBE718E1A49EE229071702964F8DB1F318075FF8,035396269F6D00503D1765DF36ED1B203A028D74,1DE8E81240D20D9755B29A8AEA131BE2CD537FB8,2E6EE0D63EEAA9FF044AA92F951E5767106FF738,2020-09-26 22:35:43.333000,2020-09-26 22:35:48.748000
all6bmxrxg6sevo2,,,,,,,2E5B5397CDD7F02798F9713B2C3D85C3FEFBAFBE,2020-09-26 22:35:48.749000,
wbbmovi6cyrsymua,failed,not_found,582,EBE718E1A49EE229071702964F8DB1F318075FF8,FDAB3722A4EA6A86E35D9AC84222F3E11F2F6D6D,BFF1F641C59DB761DE375B349699AFB91A7DEF93,6610C977840BA8B53C18DF9DCB27B1123AF86A37,2020-09-26 22:35:40.509000,2020-09-26 22:35:43.453000
wbbmovi6cyrsymua,failed,not_found,620,EBE718E1A49EE229071702964F8DB1F318075FF8,E8BAE7393740A700D50B010DED9D9EC9A66B390D,8BE58BA7A28DC6B4F211CE8EE86783B85133488D,661E08534FABDBE09BA505F7A73848371C6EF732,2020-09-26 22:35:43.454000,2020-09-26 22:35:44.290000
wbbmovi6cyrsymua,failed,not_found,632,EBE718E1A49EE229071702964F8DB1F318075FF8,31D270A38505D4BFBBCABF717E9FB4BCA6DDF2FF,94318CC2299A3826D81899EB23C25A2B7D6B1FFE,9AA3FF35E7A549D2337E962333D366E102FE4D50,2020-09-26 22:35:44.291000,2020-09-26 22:35:45.038000
wbbmovi6cyrsymua,failed,not_found,642,EBE718E1A49EE229071702964F8DB1F318075FF8,D14EC16949648CEE84EA1664445029EA4B597074,7ED3D8AFAC750F8CC0BDF8C87FE3BCBA2BBE2209,9AB93B5422149E5DFF4BE6A3814E2F6D9648DB6A,2020-09-26 22:35:45.038000,2020-09-26 22:35:45.540000
wbbmovi6cyrsymua,failed,not_found,652,EBE718E1A49EE229071702964F8DB1F318075FF8,EC65D72BB9668553999DE4E6CF380207ACA941EA,00C22D3BC1822EB8EA380AF04245337399E796E2,6600C560E7E2A7601F6F4B019942C9E4D47872CE,2020-09-26 22:35:45.540000,2020-09-26 22:35:46.322000
wbbmovi6cyrsymua,failed,not_found,656,EBE718E1A49EE229071702964F8DB1F318075FF8,66BD39FE805AED414ADE400CAAD862C9CC3AC34E,55580D71B317A072F4A4DCF6EA4EDB015734AEE7,9ACD9D526D1F82D7A00225742F1BDB374D7D17D4,2020-09-26 22:35:46.322000,2020-09-26 22:35:46.699000
7hiao3ovpioc4bfm,failed,not_found,593,EBE718E1A49EE229071702964F8DB1F318075FF8,B872BA6804C8C6E140AE1897B44CF32B42FD2397,EFEACD781604EB80FBC025EDEDEA2D523AEAAA2F,18AE6D2FF062CACFD9F7E5942DE71787021B10B8,2020-09-26 22:35:41.496000,2020-09-26 22:35:44.848000
7hiao3ovpioc4bfm,failed,not_found,643,EBE718E1A49EE229071702964F8DB1F318075FF8,484A10BA2B8D48A5F0216674C8DD50EF27BC32F3,14D57DEDF0A4554A2D21AD53CCCC43E31158C733,4B4D7C727B603EF6777DC0BC3D169179CA977140,2020-09-26 22:35:44.849000,2020-09-26 22:35:45.567000
7hiao3ovpioc4bfm,failed,not_found,653,EBE718E1A49EE229071702964F8DB1F318075FF8,782936C16BF876F5F59A1793ADB1C5B251DB65E7,39BD825F627DDF78E322EB4378C17615506AD3A1,4B550F757A5904939280CB85DE61F125A08AE5DE,2020-09-26 22:35:45.567000,2020-09-26 22:35:46.362000
7hiao3ovpioc4bfm,failed,not_found,662,EBE718E1A49EE229071702964F8DB1F318075FF8,B849824F8FCD7AEB130DF356F592BA40C686CA08,EA43347E0DA7CEDD595029B511066628C7C8A653,4B351545DD58473F36B0A20E5500AC6ED51E8CD5,2020-09-26 22:35:46.362000,2020-09-26 22:35:47.258000
7hiao3ovpioc4bfm,failed,not_found,672,EBE718E1A49EE229071702964F8DB1F318075FF8,C333C56EAAD404ACDDE2FB3A675C5F5DA46A81E2,58F3E2956EABB81F673E2FB90E16E001DB4AC3AE,18B160CD5E22BFC345AEE7BA84B7EA45BF457FCA,2020-09-26 22:35:47.258000,2020-09-26 22:35:48.631000
7hiao3ovpioc4bfm,failed,not_found,693,EBE718E1A49EE229071702964F8DB1F318075FF8,198F12E2DEFBE6BEEBC38B2FEDD615AECB38DA7A,8BE79CE3261C027CE94F84D6CBE45F03BE9B8B59,18BB2DB12A0BCC19EA8E4F4D835A2B31F9966A1C,2020-09-26 22:35:48.632000,2020-09-26 22:35:49.726000
utasggmpblkq6vbw,failed,not_found,594,EBE718E1A49EE229071702964F8DB1F318075FF8,AAC6AE4A8ED164C3657D64E3EF980EEBB4BBC8A1,7EC4C310D1FB2A7C0943B810946EA354D64A2165,03E0F4EE272731601773F48E64240D3A8896A5E3,2020-09-26 22:35:41.513000,2020-09-26 22:35:43.113000
utasggmpblkq6vbw,failed,not_found,612,EBE718E1A49EE229071702964F8DB1F318075FF8,79E3B585803DE805CCBC00C1EF36B1E74372861D,10231E08F19C03D5A2FE3AAD03D863ABDE2081BC,BF50E09EED25B82861CF95E1AAA42DCFEF53E5D1,2020-09-26 22:35:43.113000,2020-09-26 22:35:43.825000
utasggmpblkq6vbw,failed,not_found,627,EBE718E1A49EE229071702964F8DB1F318075FF8,12CF6DB4DAE106206D6C6B09988E865C0509843B,32F3621E84AEE1A211DBE70B0EAB89E41A7A8B9F,BF3E9B97D3CE4099F73AA4BD70CA14B635FA3CEA,2020-09-26 22:35:43.825000,2020-09-26 22:35:45.055000
utasggmpblkq6vbw,failed,not_found,644,EBE718E1A49EE229071702964F8DB1F318075FF8,7C22E89AB620E77DF1B4A33787A5EC3F2AB4A8D1,82ED9AEC94184EC6DD299A5CDB3378B04BB17489,BF5659C316C5BA0C047D877A8265B8A3764A280F,2020-09-26 22:35:45.055000,2020-09-26 22:35:45.814000
utasggmpblkq6vbw,failed,not_found,657,EBE718E1A49EE229071702964F8DB1F318075FF8,E4A23FEACFA0D7064C6694BE91BF94805E3CE487,C6E1453B8CAF796E4CF65DB6A81283BDDD722F88,03DC081E4409631006EFCD3AF13AFAAF2B553FFC,2020-09-26 22:35:45.814000,2020-09-26 22:35:47.468000
utasggmpblkq6vbw,failed,not_found,676,EBE718E1A49EE229071702964F8DB1F318075FF8,B6D4916A98D99027DA25D42D70D686F0B3663F35,B09E23C2597234F6EB494B6EDD7334DB64221FA1,03E9F7E669C8F911C5EEC3EC094533151F857420,2020-09-26 22:35:47.469000,2020-09-26 22:35:48.542000
zsaalwsmjwwj72e6,failed,not_found,605,EBE718E1A49EE229071702964F8DB1F318075FF8,CE1FD7659F2DFE92B883083C0C6C974616D17F3D,12CF6DB4DAE106206D6C6B09988E865C0509843B,5F276A6F7AA74AFB2AF100EADA28C7A6F48BA50F,2020-09-26 22:35:42.503000,2020-09-26 22:35:43.258000
zsaalwsmjwwj72e6,failed,not_found,615,EBE718E1A49EE229071702964F8DB1F318075FF8,8EA58F28DCA60F56C6F2131BDFE9BF5FAF2233CE,BDD1B4801294D81C1F89C9AB488BA993DDF1B520,5F1998428291E761EFF15B57B1EB7749D9113145,2020-09-26 22:35:43.259000,2020-09-26 22:35:43.970000
zsaalwsmjwwj72e6,failed,not_found,629,EBE718E1A49EE229071702964F8DB1F318075FF8,FE1AF5E909002134BFF834F4AD5E1DE723779002,9423A72BBC8B5C6AC9DE9F57735EB2B08E4156E8,5F29C863F69E9C3B7BD1841B3504FD4173BFA475,2020-09-26 22:35:43.970000,2020-09-26 22:35:44.638000
zsaalwsmjwwj72e6,failed,not_found,641,EBE718E1A49EE229071702964F8DB1F318075FF8,7A3E534C033E3836BD5AF223B642853C502AB33A,F6CD4DBF5850AC4386DD9A424918AD3C6BA2716F,C58DE93ED11CBB74823669F7C6E41D513F2049BE,2020-09-26 22:35:44.638000,2020-09-26 22:35:45.299000
zsaalwsmjwwj72e6,failed,not_found,687,EBE718E1A49EE229071702964F8DB1F318075FF8,7A2A6F39F485C4FC95FB885FFF37C436FD2BB7E5,4E98AA295B7171996D18DD1F6A19F64AB4036B4A,C59E079437340E3AD14E6785C0A91A5B6F328566,2020-09-26 22:35:45.300000,2020-09-26 22:35:48.854000
zsaalwsmjwwj72e6,failed,not_found,700,EBE718E1A49EE229071702964F8DB1F318075FF8,B058FBDEA69774C28EAC1111E167BC0AD4A904E0,872B18761953254914F77C71846E8A2623C52591,C577C56EAD654C829D1FF2F86133F89A1A59AA89,2020-09-26 22:35:48.854000,2020-09-26 22:35:49.580000
z7fmna4r2d6hajbo,failed,not_found,606,EBE718E1A49EE229071702964F8DB1F318075FF8,AE6A8C18E7499B586CD36246AC4BCAFFBBF93AB2,7E47D28F07443B57F8262E1412936B3E258694A3,7737A40305131AD8B5E60CFB9126E4BBE1ED7F76,2020-09-26 22:35:42.514000,2020-09-26 22:35:43.062000
z7fmna4r2d6hajbo,failed,not_found,609,EBE718E1A49EE229071702964F8DB1F318075FF8,761A60D0364D9AA03114F72550483287ED060B2D,0F52E9652F96AD1D500AC062350A149902C128B9,3AD29FE1241B73595F99BA2C6D830AF0B6874043,2020-09-26 22:35:43.063000,2020-09-26 22:35:43.498000
z7fmna4r2d6hajbo,failed,not_found,622,EBE718E1A49EE229071702964F8DB1F318075FF8,7674C383F7F551E065E3E95BBCFC067157546A17,34B84952AFCDB00444F27805A5EDEF5F7DD549C7,3AE9B85D5945000C2A65F4E054171928D5BDE91E,2020-09-26 22:35:43.498000,2020-09-26 22:35:44.549000
z7fmna4r2d6hajbo,failed,not_found,640,EBE718E1A49EE229071702964F8DB1F318075FF8,9DB400402B545DC41DE342E14644F74B7DA4F789,61B8BDC91AA7BC9A05EB5A3D652FFF88C98E6911,3AF69B3ECCB000879CA1BCD0B36B619DBF712291,2020-09-26 22:35:44.550000,2020-09-26 22:35:45.623000
z7fmna4r2d6hajbo,failed,not_found,675,EBE718E1A49EE229071702964F8DB1F318075FF8,E5D13B726489E91A260F70B95B7AD9949BB6A95F,1079E628FC6B0025656AC024F2D9975C441498CD,77375E4B8A1B4838D5A65C0E9638C4856D5137B3,2020-09-26 22:35:45.624000,2020-09-26 22:35:48.384000
z7fmna4r2d6hajbo,failed,not_found,688,EBE718E1A49EE229071702964F8DB1F318075FF8,431702B3A68A6015F9955DD4FD0129175B43EA0F,54FF87E18CF4B351BB078A640A4DC5265969485E,7731E125924324B7405BA20E2759EE16780237E2,2020-09-26 22:35:48.384000,2020-09-26 22:35:49.623000
rj77b7zeqmqzm7x5,failed,not_found,621,EBE718E1A49EE229071702964F8DB1F318075FF8,370B15E4932CF76C7ACB9B240A960C20267C2430,D5C6F62A5D1B3C711CA5E6F9D3772A432E96F6C2,882D5F210B798BA3133B1B69ACD9591DD5FB5B60,2020-09-26 22:35:43.497000,2020-09-26 22:35:44.437000
rj77b7zeqmqzm7x5,failed,not_found,635,EBE718E1A49EE229071702964F8DB1F318075FF8,80C113BCE9356B4DECF94E7CF4A8C0BD315EE8E8,A3AFBDEE30238E44899C9F8B7666D12B09C8EE32,427DEDAA28D39672F3D9B7714170C724634671F3,2020-09-26 22:35:44.437000,2020-09-26 22:35:45.091000
rj77b7zeqmqzm7x5,failed,not_found,646,EBE718E1A49EE229071702964F8DB1F318075FF8,37C1D66559D0C7884E3D21F7DEB58C75D79B98A8,4623A9EC53BFD83155929E56D6F7B55B5E718C24,8839E8FBE28219B85392EEA5A4DBC41D315F4B83,2020-09-26 22:35:45.091000,2020-09-26 22:35:45.943000
rj77b7zeqmqzm7x5,failed,not_found,660,EBE718E1A49EE229071702964F8DB1F318075FF8,D80EA21626BFAE8044E4037FE765252E157E3586,9A7417BA401B8C7EFDE24945E18145A1EDA730E7,4273E6D162ED2717A1CF4207A254004CD3F5307B,2020-09-26 22:35:45.944000,2020-09-26 22:35:46.767000
rj77b7zeqmqzm7x5,failed,not_found,670,EBE718E1A49EE229071702964F8DB1F318075FF8,67CDF7A4D06E98E55AAE595BBEBF38E64C4CCBF3,C5F214F7F9CCBF09324C9AA032760150243A196C,883F49ECDF48809308C0E5409E5A264B94050140,2020-09-26 22:35:46.767000,2020-09-26 22:35:47.495000
rj77b7zeqmqzm7x5,failed,not_found,677,EBE718E1A49EE229071702964F8DB1F318075FF8,46E0487EEEFD694CE625CC6E12D032395C01DB82,BF7BFCB3096FC81FBD0B7ADA66164431EC7FD117,427E5C8ADC43B09582DDDA80EA8EDFBD05DF5003,2020-09-26 22:35:47.495000,2020-09-26 22:35:48.289000
zjqnex3gl5aicpxo,failed,not_found,623,EBE718E1A49EE229071702964F8DB1F318075FF8,18B160CD5E22BFC345AEE7BA84B7EA45BF457FCA,A231513B758330E6E6DB18F5B6EC6DAAA406C31D,7E6E9A6FDDB8DC7C92F0CFCC3CBE76C29F061799,2020-09-26 22:35:43.516000,2020-09-26 22:35:44.492000
zjqnex3gl5aicpxo,failed,not_found,637,EBE718E1A49EE229071702964F8DB1F318075FF8,13B2354C74CCE29815B4E1F692F2F0E86C7F13DD,E03E581AA42A211F69DC63608B1980F10AE52C26,7E6DAE6BDCBDEB693612704BBFBF164C50F65E53,2020-09-26 22:35:44.492000,2020-09-26 22:35:46.477000
zjqnex3gl5aicpxo,failed,not_found,663,EBE718E1A49EE229071702964F8DB1F318075FF8,97B7BA747B62A9962DEDCE404FF33106D4032F91,66BD39FE805AED414ADE400CAAD862C9CC3AC34E,A0919C4EA28A6A6E2137902D44A7CEABC48C2612,2020-09-26 22:35:46.477000,2020-09-26 22:35:47.392000
zjqnex3gl5aicpxo,failed,not_found,674,EBE718E1A49EE229071702964F8DB1F318075FF8,00962D2DD0B9BF3A6AF1D5EB201132388ACA1424,F4F605AA21C4633CCB5B8DBBC1CEEE5C590C6DCE,7E44E0D39CE8666A98EA5DEBCBB8E12B3906410F,2020-09-26 22:35:47.392000,2020-09-26 22:35:48.117000
zjqnex3gl5aicpxo,failed,not_found,682,EBE718E1A49EE229071702964F8DB1F318075FF8,ACAE2A7000B2BEB08704AAA0A2DDCADD68E58A63,5AD3FB658E490BAD9515F363374AA41D65D31A02,A0C59410B9030AC1385C4CA44C8DBFE13AF4BC9B,2020-09-26 22:35:48.118000,2020-09-26 22:35:48.675000
zjqnex3gl5aicpxo,failed,not_found,695,EBE718E1A49EE229071702964F8DB1F318075FF8,638D91FC9EF661348A6994D04C3499BC03F50BBE,8BE58BA7A28DC6B4F211CE8EE86783B85133488D,A0BA38A5AB64350CEC343872F852EDF30D941326,2020-09-26 22:35:48.676000,2020-09-26 22:35:49.552000
gmfg3t3tiyi3ir53,failed,not_found,638,EBE718E1A49EE229071702964F8DB1F318075FF8,03FC5C52D9A4577F28762E7BE642BB5A8F1E9803,5262556D44A7F2434990FDE1AE7973C67DF49E58,AFC69ACD47E4CBD5CF8EA47F9B5622C91BF2DA60,2020-09-26 22:35:44.515000,2020-09-26 22:35:45.299000
gmfg3t3tiyi3ir53,failed,not_found,648,EBE718E1A49EE229071702964F8DB1F318075FF8,C239952D0C8E4EABC3E6B0A8E0B623689174E3C6,D16162311822511464E9C6CE2FC62E48A0548B26,AFA9E5B8D77B736CCA77704B465F9FA4B9566924,2020-09-26 22:35:45.299000,2020-09-26 22:35:45.846000
gmfg3t3tiyi3ir53,failed,not_found,658,EBE718E1A49EE229071702964F8DB1F318075FF8,A0DFB31231C718829FA18EAB4D0CD51DEDBAE08C,B0DB2F173F0DB364BABF7A465D796B3C048F1F33,AFD8484F0D84F95EAA11D62D822767FE6381A95D,2020-09-26 22:35:45.846000,2020-09-26 22:35:46.633000
gmfg3t3tiyi3ir53,,,,,,,A6AA94B4007A0E2919B2DA8ECF2CFA3CA1761A13,2020-09-26 22:35:46.634000,
simwlxrhxr7db3yh,failed,not_found,639,EBE718E1A49EE229071702964F8DB1F318075FF8,FBD20387F64D67ED53AC5BD2E0302D44B2DA360C,DE4F6E528A9FEB1B79BC3D7D24E8BF5BCDEDA0A1,C51701910DEA998F4F51287A71B7E94449A3E9BC,2020-09-26 22:35:44.528000,2020-09-26 22:35:45.591000
simwlxrhxr7db3yh,failed,not_found,654,EBE718E1A49EE229071702964F8DB1F318075FF8,883F49ECDF48809308C0E5409E5A264B94050140,F6740DEABFD5F62612FA025A5079EA72846B1F67,C4FD2403CC929297B559A49E582516944F75C6A9,2020-09-26 22:35:45.592000,2020-09-26 22:35:46.633000
simwlxrhxr7db3yh,failed,not_found,666,EBE718E1A49EE229071702964F8DB1F318075FF8,F1D2914852B0E05452E93C80D57E0F713C4C98F4,11DF0017A43AF1F08825CD5D973297F81AB00FF3,C4D43EC18179F7B2E8187D7E284D6D547217B39E,2020-09-26 22:35:46.633000,2020-09-26 22:35:48.542000
simwlxrhxr7db3yh,failed,not_found,691,EBE718E1A49EE229071702964F8DB1F318075FF8,A79F94117D73D4AFA4BCE340A3CB6E345C817594,7D31D5118D47BF86C550ABB79EDDE865EC31B67F,DA4B488C2826DFBBD04D635DA1E71A2BA5B20747,2020-09-26 22:35:48.542000,2020-09-26 22:35:49.428000
simwlxrhxr7db3yh,failed,not_found,704,EBE718E1A49EE229071702964F8DB1F318075FF8,A86EC24F5B8B964F67AC7C27CE92842025983274,6C251FA7F45E9DEDF5F69BA3D167F6BA736F49CD,DA5C9A58DBD49E83821BC56FCBC8AD9209680CA3,2020-09-26 22:35:49.428000,2020-09-26 22:35:50.410000
simwlxrhxr7db3yh,,,,,,,DA53984DBA28420169F34F4F44CB24E3A0946747,2020-09-26 22:35:50.410000,
tyjm5olgksdsgmlu,failed,not_found,650,EBE718E1A49EE229071702964F8DB1F318075FF8,11DF0017A43AF1F08825CD5D973297F81AB00FF3,E947C029087FA1C3499BEF5D4372947C51223D8F,CA4E9DFE87DE87E502F3B503D07EC8EFCAEE2549,2020-09-26 22:35:45.496000,2020-09-26 22:35:46.361000
tyjm5olgksdsgmlu,failed,not_found,661,EBE718E1A49EE229071702964F8DB1F318075FF8,6ED3BE22B2261258017B3F0584706265985D7AE9,504F23DC734459DBBA58B2F11A4799EB945188A3,84ABF6381FD0F96B882764F176B85980EBC31FE1,2020-09-26 22:35:46.362000,2020-09-26 22:35:47.219000
tyjm5olgksdsgmlu,failed,not_found,671,EBE718E1A49EE229071702964F8DB1F318075FF8,5DB9AE27A44EB7B476CC04A66C67A71C97A001E6,2E12778C3FBE28C9E9C8AC6A76FF4509DC41599B,84A8E41D03865822272F647D378AFF4AC73187F2,2020-09-26 22:35:47.220000,2020-09-26 22:35:47.960000
tyjm5olgksdsgmlu,failed,not_found,686,EBE718E1A49EE229071702964F8DB1F318075FF8,26220AEA188B8D0E47BB541E1A616EB3AD70295F,461D6EA15966C7F99B43D37ADC116B5B8E47D130,CA37CD46799449D83B6B98B8C22C649906307888,2020-09-26 22:35:47.960000,2020-09-26 22:35:48.650000
tyjm5olgksdsgmlu,failed,not_found,694,EBE718E1A49EE229071702964F8DB1F318075FF8,A7112F8CC2F9299C72212EB0FFB85725004333B5,856DAB2FDC9EED88A27BE2265FA6BD5489EF178E,84AFAE19244541A404F763BA0E2F0CAD8A3FACF0,2020-09-26 22:35:48.650000,2020-09-26 22:35:50.362000
tyjm5olgksdsgmlu,,,,,,,CA4DF2B63A43080C57CF9A561D4A155F97EC5A4F,2020-09-26 22:35:50.362000,
ukqr7xopaof73tek,failed,not_found,651,EBE718E1A49EE229071702964F8DB1F318075FF8,094FDE9DCED7994406A8AE81F212BC8A89ADEAD8,21E9162916687FDC3CD966D11F34766F51902B45,126E438B6921882FC17F1FC32AAC617300561938,2020-09-26 22:35:45.510000,2020-09-26 22:35:47.273000
ukqr7xopaof73tek,failed,not_found,673,EBE718E1A49EE229071702964F8DB1F318075FF8,4E98AA295B7171996D18DD1F6A19F64AB4036B4A,3CFAD0798FF5D3B994F40B8971D4A79D84165A0D,1258D0A9D95582B7666FC0AF6E9A798109A9A29D,2020-09-26 22:35:47.274000,2020-09-26 22:35:47.937000
ukqr7xopaof73tek,failed,not_found,685,EBE718E1A49EE229071702964F8DB1F318075FF8,5CCC3569C67B7F1BB733664D43DF4645F2A4B04D,EAA823552F959DFD038E9AC8FA89345A738B6C00,809440FFD575696239DF53F45D49580E4E613395,2020-09-26 22:35:47.937000,2020-09-26 22:35:48.853000
ukqr7xopaof73tek,failed,not_found,699,EBE718E1A49EE229071702964F8DB1F318075FF8,84D164A906CD165C77F6A49C97E2F4CA17C3AB3F,0B19BBFDC498CCEA23027B1D7BD8E20121B95E60,80C113BCE9356B4DECF94E7CF4A8C0BD315EE8E8,2020-09-26 22:35:48.853000,2020-09-26 22:35:49.810000
ukqr7xopaof73tek,,,,,,,80AAF8D5956A43C197104CEF2550CD42D165C6FB,2020-09-26 22:35:49.810000,
h4rekhzfv7jb5rc2,failed,not_found,664,EBE718E1A49EE229071702964F8DB1F318075FF8,80C113BCE9356B4DECF94E7CF4A8C0BD315EE8E8,708A968F3644F8A547156368FEA3DB664110E631,ED6AF8CE8CF4126A6F33572376B6D8977FED2DD9,2020-09-26 22:35:46.504000,2020-09-26 22:35:47.126000
h4rekhzfv7jb5rc2,failed,not_found,669,EBE718E1A49EE229071702964F8DB1F318075FF8,C6EF115D997317A32C784AC0F9944AE0581CA37E,B70BD334FFEE23E653B75219AE12CF0236BCFCBB,F8957D61E29A626400029A03A6348400E7502604,2020-09-26 22:35:47.127000,2020-09-26 22:35:47.937000
h4rekhzfv7jb5rc2,failed,not_found,684,EBE718E1A49EE229071702964F8DB1F318075FF8,708A968F3644F8A547156368FEA3DB664110E631,724E86E7F5DA715529DC0ECAA013AE4BDC680E4C,F84661C6C715DA2ECFB00CFE5859AE5733229BC0,2020-09-26 22:35:47.937000,2020-09-26 22:35:49.011000
h4rekhzfv7jb5rc2,failed,not_found,696,EBE718E1A49EE229071702964F8DB1F318075FF8,CDAF0B74C45FD5B1955198A8D92C8A518A53D07B,B70629C29A032979E5AD00CC51D2330845AAFD6A,ED664A0DB3B686FAAFEBD905DFFCE0E1981F3F1A,2020-09-26 22:35:49.011000,2020-09-26 22:35:49.671000
h4rekhzfv7jb5rc2,failed,not_found,707,EBE718E1A49EE229071702964F8DB1F318075FF8,75FE5236E67FFA4A44C1152C35EAB36360E4D7DF,8DCB526722FBE2B3F4C0CE9D020B0589170F8BDA,F86A29330A705B0279EA3577784018AB0E18D5AF,2020-09-26 22:35:49.672000,2020-09-26 22:35:50.363000
h4rekhzfv7jb5rc2,,,,,,,ED4325A6DB8D579CFF70F5A5630FD368464B0D64,2020-09-26 22:35:50.363000,
jx53s7hjvxewljug,failed,not_found,665,EBE718E1A49EE229071702964F8DB1F318075FF8,02758CD398E3F842EF82478078AAAE0273770DB2,427E5C8ADC43B09582DDDA80EA8EDFBD05DF5003,9B22542BA085F8ECCC8B6D0F8897B8DB1C6E6D65,2020-09-26 22:35:46.520000,2020-09-26 22:35:47.549000
jx53s7hjvxewljug,failed,not_found,680,EBE718E1A49EE229071702964F8DB1F318075FF8,82DA9678A0BAE60087AA68A3E1D6E6A2C4246D6D,F23DBB7FD2C2109AAFF8AE23A454657A13D7202E,BD3FBEC1D67C48A2583DB378B92A59C5E9AB4DA2,2020-09-26 22:35:47.549000,2020-09-26 22:35:48.820000
jx53s7hjvxewljug,failed,not_found,698,EBE718E1A49EE229071702964F8DB1F318075FF8,3D7B08458C7BC081358BC9FAA4FFB2593FFE0576,DA7D794AC20E958D64E3292E36F36F0434F149F2,BD4012B7B05E4E0953AE46EF4D8E265E79B1627E,2020-09-26 22:35:48.821000,2020-09-26 22:35:50.184000
jx53s7hjvxewljug,,,,,,,BD439540C7B86367B7F279C9CDD4BD601A850787,2020-09-26 22:35:50.184000,
sy3mfsn5e2ugy4oq,failed,not_found,678,EBE718E1A49EE229071702964F8DB1F318075FF8,E00764EDD2D5DA338CEA2EED8691E1FCAAF4A6E9,437143A8E2D86B3BEB77B9ECD49AC77CD360FBDA,42215683AE0D359B6BADF2674D09BEA348BE388A,2020-09-26 22:35:47.527000,2020-09-26 22:35:49.234000
sy3mfsn5e2ugy4oq,,,,,,,4201FFF0BAB1DFCDF6FBA710AE2B860859E06A5F,2020-09-26 22:35:49.234000,
lxg3ztoxd5c6dgla,failed,not_found,679,EBE718E1A49EE229071702964F8DB1F318075FF8,335E993222204F6B4817134506494A6441DEFB6B,3B65EEA3DDB890CF4899E675A7B138D04759FAFA,B66214DE9CA232885171EB18702E7BA57AB56FE7,2020-09-26 22:35:47.528000,2020-09-26 22:35:49.995000
lxg3ztoxd5c6dgla,failed,not_found,708,EBE718E1A49EE229071702964F8DB1F318075FF8,0512FE6BE9CCA0ED133152E64010B2FBA141EB10,7B700C0C207EBD0002E00F499BE265519AC3C25A,B665D5F9D3F41CC5AC3F97F306F7D59F90B03AAB,2020-09-26 22:35:49.995000,2020-09-26 22:35:50.493000
lxg3ztoxd5c6dgla,,,,,,,B65CC2B45CE9C934D1E1254736166D6AB64C2ABC,2020-09-26 22:35:50.493000,
rkm7s7sbi4je2sdu,failed,not_found,689,EBE718E1A49EE229071702964F8DB1F318075FF8,2CE96A8A1DA032664C90F574AFFBECE18A6E8DFC,2FFE5FAF70D20E76B0474AE9E40C2A0B53F8D9F0,39F096961ED2576975C866D450373A9913AFDC92,2020-09-26 22:35:48.512000,2020-09-26 22:35:49.288000
rkm7s7sbi4je2sdu,failed,not_found,703,EBE718E1A49EE229071702964F8DB1F318075FF8,A2C6C931D8627C6605288970889DDB88C7BA2142,4B351545DD58473F36B0A20E5500AC6ED51E8CD5,39CF2F22E5018C01FD57DEB1AB8FDFA4592633FB,2020-09-26 22:35:49.289000,2020-09-26 22:35:50.184000
rkm7s7sbi4je2sdu,,,,,,,5C6384C5CA8FA5C39760E8921010CBCCC65FB222,2020-09-26 22:35:50.184000,
ej45cisqnis5q4iv,failed,not_found,690,EBE718E1A49EE229071702964F8DB1F318075FF8,EC4AD91674B5AFECCA117A396776F120651E55BF,62ABC3D1B0D5DE48DE4B8AF5E76D5AA8F535CCDF,5BF170F5773748C783BE4B67DABF5338C03B1AE7,2020-09-26 22:35:48.531000,2020-09-26 22:35:49.153000
ej45cisqnis5q4iv,failed,not_found,701,EBE718E1A49EE229071702964F8DB1F318075FF8,E05EAB588285C01E8807F00A07CDBBC4662A58D9,A1DAA9D3975D1EBB231277ECDEF68720D3F00C8F,5C01B2D72D75F109550963F810C2010BDA208549,2020-09-26 22:35:49.154000,2020-09-26 22:35:50.492000
ej45cisqnis5q4iv,,,,,,,5BF17163CBE73D8CD9FDBE030C944EA05707DA93,2020-09-26 22:35:50.493000,
ll5r5jubhloczeag,failed,not_found,705,EBE718E1A49EE229071702964F8DB1F318075FF8,DA9E02BB8080E473157052F70439B7886AA8569D,7723D99F8DC709AFC1171D5BF8DAD04ADA20F98F,F91931C25343C1B073641B5C46D2BDDBFE04B9F1,2020-09-26 22:35:49.498000,2020-09-26 22:35:50.410000
ll5r5jubhloczeag,,,,,,,9803B536ED203C9AAAFC3E53CD4935BA85FF402F,2020-09-26 22:35:50.411000,
bmqpnvjwalb5sn3o,,,,,,,489606DA64FD4B68A76C49386298695E6C30B5E2,2020-09-26 22:35:49.512000,
y6lo5w7s5ntrfanw,,,,,,,FD127D1014ED3D36AFE50558A88BD5E8DB34A645,2020-09-26 22:35:50.517000,
4ltnnn4cbifkf2q6,,,,,,,9E41448CE0DDE186CE05D2DED5F34428C99A8D70,2020-09-26 22:35:50.517000,
