addr,status,reason,circ,guard_fp,middle_fp,exit_fp,hsdir_fp,start,end
7ucb3vbaodfy2z3g,failed,not_found,,,,,1A61BF490CA2F3BE6E1F90D57E688E75B90F0E7B,2020-10-08 11:15:35.879000,2020-10-08 11:15:37.051000
7ucb3vbaodfy2z3g,failed,not_found,19,94890F37CE0CD5D020773CA7A0E397AA592E5AF3,EAB20BD4083C820EC8329ED5AEBF12019A7749F3,746B3C4BADCCA09003DD091AF028560A61E0A48E,B8123550BE6A39FF7EC2D015C86755517907557E,2020-10-08 11:15:37.052000,2020-10-08 11:15:38.611000
7ucb3vbaodfy2z3g,failed,not_found,56,94890F37CE0CD5D020773CA7A0E397AA592E5AF3,F836446663F1EB816F13708955F105D0B2F5C8E0,7E102AAA6F8D6151060A977CB2B8824B7D5647D6,B81B38902BF026BF2591CA2D73B99CEEB03F0869,2020-10-08 11:15:38.612000,2020-10-08 11:15:40.201000
7ucb3vbaodfy2z3g,failed,not_found,90,94890F37CE0CD5D020773CA7A0E397AA592E5AF3,C2B45199FC6F98E21BFAFE0833348F288FA337E3,BF7BFCB3096FC81FBD0B7ADA66164431EC7FD117,B8240A4C715A2595CE54C82AB175C80214768B4A,2020-10-08 11:15:40.202000,2020-10-08 11:15:42.116000
7ucb3vbaodfy2z3g,failed,not_found,130,94890F37CE0CD5D020773CA7A0E397AA592E5AF3,84D164A906CD165C77F6A49C97E2F4CA17C3AB3F,37DDF1906EE3DB96130A717EA54667C64DAC78DF,1A6CD4A78BC5A4F19CF2F27C4AB32E44C8B20769,2020-10-08 11:15:42.117000,2020-10-08 11:15:43.990000
7ucb3vbaodfy2z3g,failed,not_found,638,94890F37CE0CD5D020773CA7A0E397AA592E5AF3,4F0E5D4E184C40E2B9A89664005B308A1DEE3756,E6C04728E9339DF22F331B7017D4A7AA3F252F0B,1A53700BD1F3E7BF6CBB1B6FCB3F4AB32F88C915,2020-10-08 11:15:43.992000,2020-10-08 11:15:51.711000
j7kqpij2ljowd5g5,failed,not_found,,,,,3F129FB71EB2B019B47403A5552EB2D40E5369F2,2020-10-08 11:15:35.879000,2020-10-08 11:15:37.131000
j7kqpij2ljowd5g5,failed,not_found,22,94890F37CE0CD5D020773CA7A0E397AA592E5AF3,FA1845C313B88EF49E8BE1F23B02CD0AC702B636,18F34AE6567F5FB081C4353D5EDA5CEE155810C4,947FFF456CFCEF5DCAB09422E1945A8D21AEEC62,2020-10-08 11:15:37.132000,2020-10-08 11:15:38.495000
j7kqpij2ljowd5g5,failed,not_found,33,94890F37CE0CD5D020773CA7A0E397AA592E5AF3,276EAD6119C327930C0B8D3E370BF163EFB0244B,B0B26AEDB0D1E21EA8E06530CAAD953B464286FB,3F1581559522B27BD1342F2A3A0022F273FA93D6,2020-10-08 11:15:38.496000,2020-10-08 11:15:39.247000
j7kqpij2ljowd5g5,failed,not_found,72,94890F37CE0CD5D020773CA7A0E397AA592E5AF3,51064561203E97716372E12CAAA85A93CEC70621,355D707F6D6FB9AC4626D4155230DFCB7B22876F,946DFB46168670825EC1A725D178D4BE087BF6E1,2020-10-08 11:15:39.248000,2020-10-08 11:15:41.526000
j7kqpij2ljowd5g5,failed,not_found,99,94890F37CE0CD5D020773CA7A0E397AA592E5AF3,99339F3E68BCCC1391BF14C821D80766FE0C5956,2FFE5FAF70D20E76B0474AE9E40C2A0B53F8D9F0,3F065BB0B02FB2303E144383D16C47A7DED75AE7,2020-10-08 11:15:41.527000,2020-10-08 11:15:42.343000
j7kqpij2ljowd5g5,,,,,,,94890F37CE0CD5D020773CA7A0E397AA592E5AF3,2020-10-08 11:15:42.344000,
i7pnaks3gpsorsja,failed,not_found,,,,,65FBA426CE8126771C5EEB52634F3BB5E6E93B08,2020-10-08 11:15:35.880000,2020-10-08 11:15:37.033000
i7pnaks3gpsorsja,failed,not_found,17,94890F37CE0CD5D020773CA7A0E397AA592E5AF3,9B3E7A0AD9A054984CC87E7CA9D5C117202D45D4,91799AD097018FD5F83B70B978068FB83F72934F,6600C560E7E2A7601F6F4B019942C9E4D47872CE,2020-10-08 11:15:37.034000,2020-10-08 11:15:38.678000
i7pnaks3gpsorsja,failed,not_found,61,94890F37CE0CD5D020773CA7A0E397AA592E5AF3,446FA7DE8A5DC2F2B0EBB9083753D127BB217F60,FDD40AA573AFABB54813BB65F023D75ED49A97E8,42EB556E25A3C33A238AB68AFD043273D0FC6B41,2020-10-08 11:15:38.679000,2020-10-08 11:15:41.100000
i7pnaks3gpsorsja,failed,not_found,104,94890F37CE0CD5D020773CA7A0E397AA592E5AF3,87A2EABEAB0D7E4EB002A42D26000F5CB8D5B937,6C333B5BDBA3DFE7A782E40CB970C271ABFED119,42D47C736518BFA495CA31AEE40AE468F0BDA2A6,2020-10-08 11:15:41.101000,2020-10-08 11:15:42.637000
i7pnaks3gpsorsja,failed,not_found,156,94890F37CE0CD5D020773CA7A0E397AA592E5AF3,D0F7C04A73689ABBE1CBCE1B3D9F861577004E0A,7F4CED11AF2E0A4878B9B533AA0E13C631326181,42D58335381BC9BB8C9ED98D390109EB74DBCBC4,2020-10-08 11:15:42.638000,2020-10-08 11:15:45.086000
i7pnaks3gpsorsja,failed,not_found,639,94890F37CE0CD5D020773CA7A0E397AA592E5AF3,68773D3FF7B8CEFCEEFCA32AE72015E2D38C62C1,6D4D5193A0E290C027FE6B66731133F70946A155,6608B2BC21AFF84BA85E0C014C87821B260E2DEF,2020-10-08 11:15:45.086000,2020-10-08 11:15:51.743000
54ruxgnvblxh4n72,failed,not_found,7,94890F37CE0CD5D020773CA7A0E397AA592E5AF3,D80EA21626BFAE8044E4037FE765252E157E3586,B0A6A5A472B5D787A27A6E860A99DB4632885D41,A932F56F69D24A96A0CBC4F32922A62DEFD28C77,2020-10-08 11:15:36.158000,2020-10-08 11:15:37.811000
54ruxgnvblxh4n72,failed,not_found,36,94890F37CE0CD5D020773CA7A0E397AA592E5AF3,55580D71B317A072F4A4DCF6EA4EDB015734AEE7,D8A2D0080B0C73E1DC0EC9F33B497F64E5FB3F52,A91F3E4D2CCD81F5C865E143525F92A790CDF17E,2020-10-08 11:15:37.811000,2020-10-08 11:15:47.914000
54ruxgnvblxh4n72,failed,not_found,125,94890F37CE0CD5D020773CA7A0E397AA592E5AF3,8C5B316ED73018484765C3E0944E4508DCAE0944,11D3EB91761414F94F3C6BDF8E4875D5E6B783AF,A926970FE1AEF9C6D8D4BF57ED6B88F3F8C66415,2020-10-08 11:15:41.897000,2020-10-08 11:15:44.202000
54ruxgnvblxh4n72,failed,not_found,232,94890F37CE0CD5D020773CA7A0E397AA592E5AF3,3F43D0584A2613C9DB631382FF486DC6B95EA1C8,83B4EEC06A237A43F6E64D4457B930E1B02D48DB,A8D68ED61673B314CC8CD31C2275ABF1E07387CC,2020-10-08 11:15:44.203000,2020-10-08 11:15:46.039000
54ruxgnvblxh4n72,failed,not_found,435,94890F37CE0CD5D020773CA7A0E397AA592E5AF3,6521A3AEF9AC4B83361411F769EEDCBAB124F162,0B19BBFDC498CCEA23027B1D7BD8E20121B95E60,A8CD16B4FD17D2A6943EFF222F0F5F7F4C8C0E31,2020-10-08 11:15:47.915000,2020-10-08 11:15:48.975000
s54ntvrbi3awl5bn,,,,,,,599A708756048993A1029B2775EEF8C9E40BB640,2020-10-08 11:15:36.170000,
xjptwe4y6vialig7,failed,not_found,10,94890F37CE0CD5D020773CA7A0E397AA592E5AF3,FC1E441E097BA36930AA2F615EFB325AF76D2595,FB879E9F83F885D35594F85C5E42EC9CADD8461F,4B16758168D4F334BE11872F7B6BAE2E44664E5B,2020-10-08 11:15:36.190000,2020-10-08 11:15:37.733000
xjptwe4y6vialig7,failed,not_found,15,94890F37CE0CD5D020773CA7A0E397AA592E5AF3,708A968F3644F8A547156368FEA3DB664110E631,63540827C4832D214984EA47B7A68C593F9F862F,4AEC612F43A0402A55F8F196F3593CA04B0003E8,2020-10-08 11:15:37.733000,2020-10-08 11:15:38.350000
xjptwe4y6vialig7,failed,not_found,50,94890F37CE0CD5D020773CA7A0E397AA592E5AF3,14F93E6C94D5732C212877D6A680AED747A5D2BC,EDC579FF076E841057F4F34150596E1572323077,4B170476D09459328438F3E68ED19516C9F75A80,2020-10-08 11:15:38.351000,2020-10-08 11:15:39.695000
xjptwe4y6vialig7,failed,not_found,59,94890F37CE0CD5D020773CA7A0E397AA592E5AF3,A2F7674E837C4131D70A840262AFC269801F14BA,8B889E04C60E30D511013189D3C2ADCE522E1F3C,6DCDE835D65C0CC5F8523B42C9FBB7D130E1472D,2020-10-08 11:15:39.696000,2020-10-08 11:15:40.592000
xjptwe4y6vialig7,failed,not_found,97,94890F37CE0CD5D020773CA7A0E397AA592E5AF3,63C81BCA835570069A7FCD48312DEA707F6CBAA2,562434D987CF49D45649B76ADCA993BEA8F78471,6DA5D1B9B239501838E19CC0ACBAFAE737AEEC5B,2020-10-08 11:15:40.593000,2020-10-08 11:15:42.287000
xjptwe4y6vialig7,failed,not_found,136,94890F37CE0CD5D020773CA7A0E397AA592E5AF3,F8E6613A7AA382960E00FC70A2E15A7B2F3F3FA0,3E53D3979DB07EFD736661C934A1DED14127B684,6DCCA448F8EDC79553CE60E8E21030E942CCC3B9,2020-10-08 11:15:42.288000,2020-10-08 11:15:44.406000
eh7ejosut5qu5nx6,failed,not_found,24,94890F37CE0CD5D020773CA7A0E397AA592E5AF3,D53AE170BF6650A2C6640484FE1B5DD1C0AB895B,9B7BAE325EBDAD859868D2C60BF6588CA5949039,38E48C9509E18F405749859EEF299EBC1B829602,2020-10-08 11:15:37.181000,2020-10-08 11:15:38.679000
eh7ejosut5qu5nx6,failed,not_found,62,94890F37CE0CD5D020773CA7A0E397AA592E5AF3,EF6BBB928C3BA5320145919D01D63AC5098F2BC9,081C9DF6A615A300B382C004DFE2CC37B561C9A0,53C9F4954E7A7332BB0C610C5B8E04CA065AF29B,2020-10-08 11:15:38.680000,2020-10-08 11:15:40.179000
eh7ejosut5qu5nx6,failed,not_found,87,94890F37CE0CD5D020773CA7A0E397AA592E5AF3,963879BB424D9A637A63105D5C26A2453C2C2272,8C5B316ED73018484765C3E0944E4508DCAE0944,38D3D15DAD843AB99CC257ACBABD4FACF9A3F215,2020-10-08 11:15:40.180000,2020-10-08 11:15:41.782000
eh7ejosut5qu5nx6,failed,not_found,122,94890F37CE0CD5D020773CA7A0E397AA592E5AF3,708A968F3644F8A547156368FEA3DB664110E631,C0CBBD17F848C8F9A49104A96DB498013B30F14F,53CBD4285918F168B92D05CAA9BC0CF499DF72C7,2020-10-08 11:15:41.783000,2020-10-08 11:15:43.400000
eh7ejosut5qu5nx6,failed,not_found,184,94890F37CE0CD5D020773CA7A0E397AA592E5AF3,980B28A19B0A66948035A3FE143E5CF613C84122,118496882F58E787DC24F5C219B93F22BA5820D8,38DC78302D5CB107B6D5CCC02EE4D8773AA910DE,2020-10-08 11:15:43.401000,2020-10-08 11:15:45.407000
eh7ejosut5qu5nx6,failed,not_found,314,94890F37CE0CD5D020773CA7A0E397AA592E5AF3,9C1E47FF205F349D69D569AE7ED15366A5554A46,9DB400402B545DC41DE342E14644F74B7DA4F789,53D79BBFEDB5DE1C3CF4839B2875859CE54D7BB1,2020-10-08 11:15:45.408000,2020-10-08 11:15:47.838000
l2g3ayohz5cl3voc,failed,not_found,26,94890F37CE0CD5D020773CA7A0E397AA592E5AF3,D1F2C5C820B3F96BE6144CBFB84FDDF9D0EC0810,81E18725397D620DA548ABBE24D9CD263DEF2FDC,3EAD45A64281E3447EE501B3D88CA8FBB041C749,2020-10-08 11:15:37.224000,2020-10-08 11:15:38.612000
l2g3ayohz5cl3voc,failed,not_found,515,94890F37CE0CD5D020773CA7A0E397AA592E5AF3,DE5DB7401ACCF00A66E9BDFF76E4CA4A85CA2F95,022A5535F42B1A9F9AA755C4EAB5F36FEF9781D8,3EAA79A75F96F4A082DB92E5FA231452BAD3F80C,2020-10-08 11:15:38.612000,2020-10-08 11:15:50.009000
l2g3ayohz5cl3voc,failed,not_found,996,94890F37CE0CD5D020773CA7A0E397AA592E5AF3,9F5068310818ED7C70B0BC4087AB55CB12CB4377,DA9E02BB8080E473157052F70439B7886AA8569D,3E3CBA3F2870CE76A41D3E97A8D838AA703586E3,2020-10-08 11:15:50.010000,2020-10-08 11:15:54.469000
l2g3ayohz5cl3voc,failed,not_found,1310,94890F37CE0CD5D020773CA7A0E397AA592E5AF3,99339F3E68BCCC1391BF14C821D80766FE0C5956,070229A4CC2CFFB24EB667298A7DB5E8D11EB701,3EA4E3EA9699C2231BD9286B7145D2BB9E0EB071,2020-10-08 11:15:54.470000,2020-10-08 11:15:58.527000
l2g3ayohz5cl3voc,failed,not_found,1702,94890F37CE0CD5D020773CA7A0E397AA592E5AF3,C1B513BB5E15A1887B6ADCA8C010630732FC389A,768B488AE2C61B6FA837E3AB8DB7601E1A0B8492,3E50CBCA98A20F637BC4551FD4F132D062DB9A51,2020-10-08 11:15:58.527000,2020-10-08 11:16:03.012000
ddih7kvtuquw4x7d,failed,not_found,28,94890F37CE0CD5D020773CA7A0E397AA592E5AF3,5685F409D9FFFAC2E591BF47AFC0337C4C5FA293,2B75FBE69D300605A5EB4978F15C3EA2508010B4,9A5754CD0C987355EB3D8AD4BEF4A2A841740520,2020-10-08 11:15:37.226000,2020-10-08 11:15:38.567000
ddih7kvtuquw4x7d,failed,not_found,299,94890F37CE0CD5D020773CA7A0E397AA592E5AF3,573051CAA3EEEE2B75EBD096BB1F70D3FDAC5F3A,D8A2D0080B0C73E1DC0EC9F33B497F64E5FB3F52,628732744F45C7C24B94E1E6221545E04BDF48E2,2020-10-08 11:15:38.568000,2020-10-08 11:15:46.834000
ddih7kvtuquw4x7d,failed,not_found,596,94890F37CE0CD5D020773CA7A0E397AA592E5AF3,2076359FC3BEB6AB4D0F26C5419712A30CDE85D0,D8DF9660261B158A9DF6C3D7D63DD92B0FD5B9F7,9A42FEECB06FBE179B2C9FF72B8628DE075B5650,2020-10-08 11:15:46.834000,2020-10-08 11:15:52.360000
ddih7kvtuquw4x7d,failed,not_found,1058,94890F37CE0CD5D020773CA7A0E397AA592E5AF3,022A5535F42B1A9F9AA755C4EAB5F36FEF9781D8,198F12E2DEFBE6BEEBC38B2FEDD615AECB38DA7A,9A48EC8AAFB2E8C9E20408596383DB74F1196747,2020-10-08 11:15:52.360000,2020-10-08 11:15:56.054000
ddih7kvtuquw4x7d,failed,not_found,1444,94890F37CE0CD5D020773CA7A0E397AA592E5AF3,75D77007F098513C70773B5EC46159DD41F2F7ED,0B58A95E539FFA6C05C010F5C1DA35FB8038E3A8,6287129CB9EC475E816A0D283FE4E45D632A4A4B,2020-10-08 11:15:56.055000,2020-10-08 11:15:59.732000
ddih7kvtuquw4x7d,failed,not_found,1839,94890F37CE0CD5D020773CA7A0E397AA592E5AF3,898AA9A17ECBB05FEA4FE7418BD1C64F45D9A614,B778066DAD76D6EEA7D0D31A82F168A84C0D7955,6290A2D08E5EB89C809223C5C7BF52597690751D,2020-10-08 11:15:59.733000,2020-10-08 11:16:05.405000
riih3jnstw7ua6qj,failed,not_found,39,94890F37CE0CD5D020773CA7A0E397AA592E5AF3,CD363D373AC041E3F4CD7C64467FB8E9FAA6FBCA,021E2681BFF2209F222881C27F0DE8508AEEBAD7,3CE91268F607E373482D1BCD33018CF1C77FAFA6,2020-10-08 11:15:38.176000,2020-10-08 11:15:43.472000
riih3jnstw7ua6qj,,,,,,,841DE1E065BCA8C1EBDC4A7140646F47A6257BD8,2020-10-08 11:15:43.473000,
5cn4khcrf3tp72yk,failed,not_found,41,94890F37CE0CD5D020773CA7A0E397AA592E5AF3,9E4CC64C4F94C359D43C5BA09094323FDBEFD975,D1B1A550FEE3A05E71CA9080D14CCA3B746C0C17,891F75C9EA906010BE9097D9573F72F462D88A19,2020-10-08 11:15:38.218000,2020-10-08 11:15:40.178000
5cn4khcrf3tp72yk,failed,not_found,86,94890F37CE0CD5D020773CA7A0E397AA592E5AF3,855BC2DABE24C861CD887DB9B2E950424B49FC34,CDAEBA458F6129776643751934076A51D851C348,872108C52C52CC10217A351C883E991AEDF7C470,2020-10-08 11:15:40.179000,2020-10-08 11:15:41.617000
5cn4khcrf3tp72yk,failed,not_found,78,94890F37CE0CD5D020773CA7A0E397AA592E5AF3,2C6C970E027A99EFF3E6977CD1BCDD9586E0BFB3,104D9F6CE16EF525B994FA6595E0023F8C6A4E08,86FBA753C8D25653E086B98FFF8AA084F862DB67,2020-10-08 11:15:41.618000,2020-10-08 11:15:42.586000
5cn4khcrf3tp72yk,failed,not_found,118,94890F37CE0CD5D020773CA7A0E397AA592E5AF3,AE6A8C18E7499B586CD36246AC4BCAFFBBF93AB2,52A022F16D8CDBF019E132F1538A1798F167973A,872B18761953254914F77C71846E8A2623C52591,2020-10-08 11:15:42.587000,2020-10-08 11:15:43.263000
5cn4khcrf3tp72yk,failed,not_found,178,94890F37CE0CD5D020773CA7A0E397AA592E5AF3,D8A2D0080B0C73E1DC0EC9F33B497F64E5FB3F52,BD4C647508162F59CB44E4DFC1C2B2B8A9387CCA,8917878E1943713F788F9A0D38105725C3917A42,2020-10-08 11:15:43.265000,2020-10-08 11:15:46.685000
5cn4khcrf3tp72yk,failed,not_found,424,94890F37CE0CD5D020773CA7A0E397AA592E5AF3,3E686A78B1B2F815FDECA4FF07674745A68E2CD3,C5D55D11F26C52A6BFEE8DD23C250548AA67E9AC,89188CD95492FF0FB509813A50409CA65CC1404B,2020-10-08 11:15:46.686000,2020-10-08 11:15:49.244000
gpq3vy5u3t5ba3ju,failed,not_found,43,94890F37CE0CD5D020773CA7A0E397AA592E5AF3,F50CF02A0E6A9D9B25F7EB220FC26F7BD1B74999,8DD0956457CF75A49E79F8E434E2DC898182DE79,2E72CDAFA12AE1547795F9BAFF402FC16B653CE0,2020-10-08 11:15:38.220000,2020-10-08 11:15:39.894000
gpq3vy5u3t5ba3ju,failed,not_found,83,94890F37CE0CD5D020773CA7A0E397AA592E5AF3,BBA23BFE816BCB5DC4C2EEB15246204667BA0DAE,91799AD097018FD5F83B70B978068FB83F72934F,8C3AD2C2AAF7F7B7E92B81F13C1A9267B39416DA,2020-10-08 11:15:39.894000,2020-10-08 11:15:41.713000
gpq3vy5u3t5ba3ju,failed,not_found,120,94890F37CE0CD5D020773CA7A0E397AA592E5AF3,383CFCF03B225B3EDCA519197BAA310A58CEAABC,AE95BDA37A5BB4685FEBB7F06649D6CE949B5316,8C4ECFC848AF887DA98641FD649087D865161195,2020-10-08 11:15:41.714000,2020-10-08 11:15:43.315000
gpq3vy5u3t5ba3ju,failed,not_found,636,94890F37CE0CD5D020773CA7A0E397AA592E5AF3,79DEB4E02FD08AE1AEB4D8594AAB082375E9062D,7997C3FC88B02A2C6FEF96C5F5B5C50DD7DA2E2C,8C35B15C1F138BDE4D50A975129E4773B44A503D,2020-10-08 11:15:43.315000,2020-10-08 11:15:51.722000
gpq3vy5u3t5ba3ju,failed,not_found,979,94890F37CE0CD5D020773CA7A0E397AA592E5AF3,B2D03CDF45EB4D74A65FAC4F00EBA785C9663A5F,6C71AC0B8FB6E0255C100DCAE0C283FB3F2F1CC2,2E74F4A6EB5ED3C0182A54900E3A671C5C8DB2D8,2020-10-08 11:15:51.722000,2020-10-08 11:15:54.370000
gpq3vy5u3t5ba3ju,failed,not_found,1443,94890F37CE0CD5D020773CA7A0E397AA592E5AF3,D777D31F95081D0F7223AAD5F8A74977D524145D,F8DE8132E599A194E20DDB738AF64A7200CD5949,2E6EE0D63EEAA9FF044AA92F951E5767106FF738,2020-10-08 11:15:54.370000,2020-10-08 11:15:59.634000
cflare2nge4h4yqr3574crrd7k66lil3torzbisz6uciyuzqc2h2ykyd,received,,64,94890F37CE0CD5D020773CA7A0E397AA592E5AF3,34979DBD475FFED9CF6556E349DDEDEE69104345,81E18725397D620DA548ABBE24D9CD263DEF2FDC,5DE37A3371AAE7638748EB43C9F1CE66E09D4470,2020-10-08 11:15:38.726000,2020-10-08 11:15:40.441000
m67emtrnd3p7quy7,failed,not_found,67,94890F37CE0CD5D020773CA7A0E397AA592E5AF3,41E041EC676622FFEE59F56BC75B99CD0D47F653,ECC17C0BA74113FB7A4F58DAF2FF1EE23CE5DF06,00786179DB0E6514142F44DB4166638712F34DAE,2020-10-08 11:15:39.190000,2020-10-08 11:15:41.025000
m67emtrnd3p7quy7,failed,not_found,102,94890F37CE0CD5D020773CA7A0E397AA592E5AF3,2E35CA0E1CA7937D8CB43A47C9180B592DA43328,BF7BFCB3096FC81FBD0B7ADA66164431EC7FD117,0077BCBA7244DB3E6A5ED2746E86170066684887,2020-10-08 11:15:41.026000,2020-10-08 11:15:42.832000
m67emtrnd3p7quy7,failed,not_found,165,94890F37CE0CD5D020773CA7A0E397AA592E5AF3,32437FADA2B55E6F446870203311860AD8588569,07226079499C8C6538A37A15EA1BBD35357AC63A,005079A42356183CEA5A3ADD239303F44F12E7EA,2020-10-08 11:15:42.833000,2020-10-08 11:15:44.892000
m67emtrnd3p7quy7,failed,not_found,290,94890F37CE0CD5D020773CA7A0E397AA592E5AF3,8554E174D5CDB3E5E194E4A8F8378509255E8243,B22A56D8AE494A20CA0EB8457F3CAC54FC99ACCE,270EECB837AD914C01ACC777152AEEB1EBCDBDE5,2020-10-08 11:15:44.893000,2020-10-08 11:15:47.471000
m67emtrnd3p7quy7,,,,,,,271454031B99A7F5DDE486C554D40DBC4F050D29,2020-10-08 11:15:47.472000,
hlimaqsmxu7hyjbd,failed,not_found,68,94890F37CE0CD5D020773CA7A0E397AA592E5AF3,74AC10CA94E400BA4D69E397562597CA04FC5352,C0E6A667064385B9CB5A685CEB06B85EDDA6AA00,DCB6273B2D2AD09AAC021141136CD461994D1533,2020-10-08 11:15:39.191000,2020-10-08 11:15:41.171000
hlimaqsmxu7hyjbd,failed,not_found,106,94890F37CE0CD5D020773CA7A0E397AA592E5AF3,724E86E7F5DA715529DC0ECAA013AE4BDC680E4C,872108C52C52CC10217A351C883E991AEDF7C470,808B7A04D08C6D2DE38FBE3D25EC7BC745B8D341,2020-10-08 11:15:41.172000,2020-10-08 11:15:42.771000
hlimaqsmxu7hyjbd,failed,not_found,162,94890F37CE0CD5D020773CA7A0E397AA592E5AF3,B6E40167BE842F279B11B2A0F594718387AA75E5,6ED48ED0DD8CB8C626FFD8597C01F2D43AEE8D01,DCC6C70E8F4340CBD633F506BC9E7D99818601D9,2020-10-08 11:15:42.771000,2020-10-08 11:15:44.772000
hlimaqsmxu7hyjbd,failed,not_found,279,94890F37CE0CD5D020773CA7A0E397AA592E5AF3,963879BB424D9A637A63105D5C26A2453C2C2272,99D5C9A5A7238986D1EA1D7771CF81B4A192C4D0,80AAF8D5956A43C197104CEF2550CD42D165C6FB,2020-10-08 11:15:44.773000,2020-10-08 11:15:46.471000
hlimaqsmxu7hyjbd,failed,not_found,399,94890F37CE0CD5D020773CA7A0E397AA592E5AF3,936221243C48CEC2A1203261D30CD81A2171DC52,8111FEB45EF2950EB8F84BFD8FF070AB07AEE9DD,DCAA176F75B04287131C6D78B7CFDDAC6F2691D9,2020-10-08 11:15:46.472000,2020-10-08 11:15:48.065000
hlimaqsmxu7hyjbd,failed,not_found,538,94890F37CE0CD5D020773CA7A0E397AA592E5AF3,81A9D2FABD2BA01C44824432976FAF8FF0BE2909,D5EE4A7A6E174880DD41217E037755DD3752877C,809440FFD575696239DF53F45D49580E4E613395,2020-10-08 11:15:48.066000,2020-10-08 11:15:50.585000
c5za54fsrmt5czo5,failed,not_found,634,94890F37CE0CD5D020773CA7A0E397AA592E5AF3,F94CCEA0042765AA7EE66BEA5B39C9E03E286EA2,91258F0EDB1FF92CF76E6DC38BFE98055A74DBF8,D0354E2C21D9C7D2882262FF2DAF35618ED58DBB,2020-10-08 11:15:39.216000,2020-10-08 11:15:51.627000
c5za54fsrmt5czo5,failed,not_found,1090,94890F37CE0CD5D020773CA7A0E397AA592E5AF3,F0C9513539800F762ECAE37F16370D7CBA5E52C2,3A8557B067FBE53F168BBEAA7D14D1298AE52A52,2083FBB5A67DB15F8ABF0C8319594EE9FBE65DAF,2020-10-08 11:15:51.627000,2020-10-08 11:15:56.629000
c5za54fsrmt5czo5,failed,not_found,1550,94890F37CE0CD5D020773CA7A0E397AA592E5AF3,331452F317390D3C78BCD759170699E55C5570C9,D1C60F9BCF2DBA07A775978F66C9927D3A9490BB,D0273C8566CC9AECE4C762376C9B066FE0F1DADD,2020-10-08 11:15:56.630000,2020-10-08 11:16:01.175000
c5za54fsrmt5czo5,failed,not_found,1872,94890F37CE0CD5D020773CA7A0E397AA592E5AF3,85A3AC041E3FCD796AF5D653953D5E27A56E3719,86CDD0D92AB972538416A382D99666736CDDF141,D02D7FE2550F557FFE9589928A7B7A7A09AFEF1B,2020-10-08 11:16:01.176000,2020-10-08 11:16:06.043000
c5za54fsrmt5czo5,failed,not_found,2504,94890F37CE0CD5D020773CA7A0E397AA592E5AF3,EA3616A0B9BBBDC74121D8D6F01EABDDCF6BE35D,61004152C709672EE739F2667B56EF5550A51332,2076359FC3BEB6AB4D0F26C5419712A30CDE85D0,2020-10-08 11:16:06.043000,2020-10-08 11:16:17.084000
c5za54fsrmt5czo5,,,,,,,206B2B8C1AB1E20C02CFE2A913AA8DE169980FC2,2020-10-08 11:16:17.085000,
wz6oui6cwf5yn5uj,failed,not_found,132,94890F37CE0CD5D020773CA7A0E397AA592E5AF3,CD9BFE309010778D64ED5E55D5EEAA92B2020DE8,88DF5D708E931C431902AAABEA981E7951E00085,5F0563F95CD43623AFD0BDA35DAC565CE9230A01,2020-10-08 11:15:42.219000,2020-10-08 11:15:44.127000
wz6oui6cwf5yn5uj,failed,not_found,225,94890F37CE0CD5D020773CA7A0E397AA592E5AF3,BE4ED4DEACA0F6A3AF64276A67E05517BC63AE07,6521A3AEF9AC4B83361411F769EEDCBAB124F162,316F5BF8EC15CC961E54CC30781A63345D054DF8,2020-10-08 11:15:44.128000,2020-10-08 11:15:45.938000
wz6oui6cwf5yn5uj,failed,not_found,274,94890F37CE0CD5D020773CA7A0E397AA592E5AF3,9492CC046A0BB01638C2332073AA0600B3F31252,D16A75E422664448F8A7E7D536D359D512B91256,316DE45EFFB53671C9FD53CE0992952846709A29,2020-10-08 11:15:45.939000,2020-10-08 11:15:46.980000
wz6oui6cwf5yn5uj,failed,not_found,447,94890F37CE0CD5D020773CA7A0E397AA592E5AF3,58BC63142C881F88D08E071DEB63DBA09DE62141,99112C7424782E8F4882F40A13A3234B329172B2,5EF6450BE81C6B51629B47DD69B382F7CB482C27,2020-10-08 11:15:46.980000,2020-10-08 11:15:49.464000
wz6oui6cwf5yn5uj,failed,not_found,957,94890F37CE0CD5D020773CA7A0E397AA592E5AF3,55E1E19071A6DD27F7C16AC3BE494C5891E1E414,B6D4916A98D99027DA25D42D70D686F0B3663F35,5F0A8E912C919D1964C53971F29A47CD04A34A1E,2020-10-08 11:15:49.465000,2020-10-08 11:15:54.231000
wz6oui6cwf5yn5uj,failed,not_found,1442,94890F37CE0CD5D020773CA7A0E397AA592E5AF3,8C00FA7369A7A308F6A137600F0FA07990D9D451,5CB30C264BB9EB17CF2FC6AEB611593B54C371C2,318CB7FC0EAEB92311EB51B5B78E3CAD45EBCF21,2020-10-08 11:15:54.232000,2020-10-08 11:15:59.854000
4auqn7fpo5ub33dx,failed,not_found,133,94890F37CE0CD5D020773CA7A0E397AA592E5AF3,573CC3D8F1C845AA33AA4593B68CA0D47156AA30,F08A525ACA965CF6A55F0587BF4B7373D98B954E,2CCCE975EAA30BC303DE0B5FCE50A25917F6A531,2020-10-08 11:15:42.220000,2020-10-08 11:15:44.383000
4auqn7fpo5ub33dx,failed,not_found,247,94890F37CE0CD5D020773CA7A0E397AA592E5AF3,770F6F160A05369FF79FA0E8A8F3B2AF335EFFD2,58BC63142C881F88D08E071DEB63DBA09DE62141,30C19B81981F450C402306E2E7CFB6C3F79CB6B2,2020-10-08 11:15:44.383000,2020-10-08 11:15:46.978000
4auqn7fpo5ub33dx,failed,not_found,342,94890F37CE0CD5D020773CA7A0E397AA592E5AF3,91BA193FB362FB7B6679A7A83A3050F3C44A5468,36414078C521BA19168260F6DF23C97995976289,2CD9A9BEFC2FD3BA4A2A53EFA7B16C7C66956D90,2020-10-08 11:15:46.979000,2020-10-08 11:15:48.023000
4auqn7fpo5ub33dx,failed,not_found,533,94890F37CE0CD5D020773CA7A0E397AA592E5AF3,21AC6EF15C86641CE623B8A08D64144BCAC14AEC,CA4E9DFE87DE87E502F3B503D07EC8EFCAEE2549,30C0B4DE58CFBB350485B326A0D67352E0138CCF,2020-10-08 11:15:48.023000,2020-10-08 11:15:50.736000
4auqn7fpo5ub33dx,failed,not_found,1198,94890F37CE0CD5D020773CA7A0E397AA592E5AF3,5FB384605F53DCBF1CB02143D318DA3E8EE38A24,0CF8F3E6590F45D50B70F2F7DA6605ECA6CD408F,2CD317C624803B77EAD32C96382884B0CAD4DB3F,2020-10-08 11:15:50.744000,2020-10-08 11:15:57.065000
4auqn7fpo5ub33dx,failed,not_found,2247,94890F37CE0CD5D020773CA7A0E397AA592E5AF3,1099983E2C5C3ECDAD0B7D5AABD2AC6BF2CBBF70,A59AD84F92B2E5A76EBFE3BE62D3B28AF9BFD127,30C55C496F5C7B9868E0BC6349A1CD5623F0B75F,2020-10-08 11:15:57.066000,2020-10-08 11:16:12.069000
szzskk4xikeujwpw,failed,not_found,134,94890F37CE0CD5D020773CA7A0E397AA592E5AF3,071ACB713A9558A4B5750520B0A738C66033E0B1,3F43D0584A2613C9DB631382FF486DC6B95EA1C8,45DFAB9E1BD65DEF326CE0CB300E6C6F410A67F8,2020-10-08 11:15:42.220000,2020-10-08 11:15:44.204000
szzskk4xikeujwpw,failed,not_found,237,94890F37CE0CD5D020773CA7A0E397AA592E5AF3,575F15A0A41B951BEE03E25B2A0A3FC3E8D7C7D1,0C3D5E19E3C75B505C8ACD26F89DCA2DF970553E,9E198CC6DA30481F42E4A22E29E4A922C12F9F94,2020-10-08 11:15:44.204000,2020-10-08 11:15:46.099000
szzskk4xikeujwpw,failed,not_found,643,94890F37CE0CD5D020773CA7A0E397AA592E5AF3,7C22E89AB620E77DF1B4A33787A5EC3F2AB4A8D1,88E2D25A66ED63030F25819F4ADB7D1AF0E5BD77,45F1CEDD0D81BE2BF908A7CEF8EA799486E42206,2020-10-08 11:15:46.100000,2020-10-08 11:15:51.709000
szzskk4xikeujwpw,failed,not_found,1207,94890F37CE0CD5D020773CA7A0E397AA592E5AF3,31FC0066DA78D1464A2542E8D9EBF6FD6F99AE1E,5CE3AD8AD04ADE66C0037A3CF5F7F7A40D48A20B,9E2D7C6981269404AA1970B53891701A20424EF8,2020-10-08 11:15:51.710000,2020-10-08 11:15:57.372000
szzskk4xikeujwpw,failed,not_found,1663,94890F37CE0CD5D020773CA7A0E397AA592E5AF3,8E0526EEB84057C88897A5B5FEB8199425C0C2EF,BF37445EA2A9F3D04F4B87DFAC624AEF21B559D5,9E41448CE0DDE186CE05D2DED5F34428C99A8D70,2020-10-08 11:15:57.373000,2020-10-08 11:16:02.769000
szzskk4xikeujwpw,failed,not_found,2325,94890F37CE0CD5D020773CA7A0E397AA592E5AF3,A2C6C931D8627C6605288970889DDB88C7BA2142,BCDE75725B927738B6FD34EA2D78F4FA77B99848,45E9240AD4ECE01793A1977C1260503B2C2C861F,2020-10-08 11:16:02.769000,2020-10-08 11:16:12.615000
qffnzr6kbyl4kgaj,failed,not_found,138,94890F37CE0CD5D020773CA7A0E397AA592E5AF3,3EE6BA5394B18AEF14E0D3B959D733B7A1EC3AD5,D0EAB6A2581F1B105F841B96B48A6246CDE6CEB1,2AB9FFCC6618FBBC973C457FC6BE5E8620A60FDC,2020-10-08 11:15:42.343000,2020-10-08 11:15:44.861000
qffnzr6kbyl4kgaj,failed,not_found,319,94890F37CE0CD5D020773CA7A0E397AA592E5AF3,AD7552F2CFBF472F9FFE748D3E82994EA6050A76,8441BEA4057E73E2C9DF82DE61078C88B690760C,C47E8F025645C621BE8BF8B5F6C8564A41259F7B,2020-10-08 11:15:44.862000,2020-10-08 11:15:48.789000
qffnzr6kbyl4kgaj,failed,not_found,622,94890F37CE0CD5D020773CA7A0E397AA592E5AF3,768B488AE2C61B6FA837E3AB8DB7601E1A0B8492,12D552E8AF7AA2B71B218B5BBF6A5FEFA6F26BA0,2AB6F7D59DF6153F4DB1DB6479C3422F5724C4BA,2020-10-08 11:15:48.790000,2020-10-08 11:15:51.619000
qffnzr6kbyl4kgaj,failed,not_found,959,94890F37CE0CD5D020773CA7A0E397AA592E5AF3,6EDBE20897BD02A2D8D654D0440FDB2A3B0643E1,2F26D43258285FEB39E4320888DFAFA8A0D20E11,2AA5F598F9A1812F01CD99E3B59BB87362ED7438,2020-10-08 11:15:51.620000,2020-10-08 11:15:54.637000
qffnzr6kbyl4kgaj,failed,not_found,1326,94890F37CE0CD5D020773CA7A0E397AA592E5AF3,015757E38C2E3043CAC78E80A34601EC8D2FC409,E13F7EE1535ED8AEAB92A5EEAEE9A0C782ED33E2,C46E672994B5319273714C2BAE07411CB4EF5A1F,2020-10-08 11:15:54.638000,2020-10-08 11:15:58.573000
qffnzr6kbyl4kgaj,failed,not_found,1735,94890F37CE0CD5D020773CA7A0E397AA592E5AF3,42B4F52C5B11E4D39855F654955425B0D5A0598B,EF1A9BE231A6C3AC94B9E2BFC86990B16C923A45,C49E3E34591172A5340A1D37E5B4E3D0B91E0F15,2020-10-08 11:15:58.575000,2020-10-08 11:16:04.907000
u3htq7s3cz5csfsj,failed,not_found,142,94890F37CE0CD5D020773CA7A0E397AA592E5AF3,7E44E0D39CE8666A98EA5DEBCBB8E12B3906410F,5184B773C183CBDE68B70E0F36FF4BA076ECA798,E916F2ACBA67EC57AFAF450AA84E528308835418,2020-10-08 11:15:42.374000,2020-10-08 11:15:44.771000
u3htq7s3cz5csfsj,failed,not_found,278,94890F37CE0CD5D020773CA7A0E397AA592E5AF3,2984E4317B844899E1CE143828CC1600F7CE072E,37DDF1906EE3DB96130A717EA54667C64DAC78DF,60F2139EA3E06410A05CBD6E8254E60A9063AD9D,2020-10-08 11:15:44.772000,2020-10-08 11:15:46.597000
u3htq7s3cz5csfsj,failed,not_found,417,94890F37CE0CD5D020773CA7A0E397AA592E5AF3,99D5C9A5A7238986D1EA1D7771CF81B4A192C4D0,FB691D6E3FEE35C6979EE72AF03A53DD861B4CBB,61004152C709672EE739F2667B56EF5550A51332,2020-10-08 11:15:46.598000,2020-10-08 11:15:48.539000
u3htq7s3cz5csfsj,failed,not_found,592,94890F37CE0CD5D020773CA7A0E397AA592E5AF3,C1939D36649DE98A202429631D8EFC70128D5F5F,0A843245862A05E6FFB1F416A6E96F6F12EE46AB,60E4C5E306D2DB22890EE24A09F9B6C30AF396A8,2020-10-08 11:15:48.540000,2020-10-08 11:15:51.052000
u3htq7s3cz5csfsj,failed,not_found,1199,94890F37CE0CD5D020773CA7A0E397AA592E5AF3,19D353B8AA0927DF82CB26E0396C57BE27C0ACC5,3B07C500AC17E7B5A1EE616613E104A094AB87F3,E90F52D29788BD86B5C057EE23383467920FC175,2020-10-08 11:15:51.053000,2020-10-08 11:15:57.213000
u3htq7s3cz5csfsj,failed,not_found,1622,94890F37CE0CD5D020773CA7A0E397AA592E5AF3,A23A7219B1EA9D583E66DFF26D62573DE64A9C29,27EE4854D03F81FAEA3884A44303BE00DEEEE555,E8FA2C9B690F3BC16ADE9A4803CE2C51132F10A6,2020-10-08 11:15:57.214000,2020-10-08 11:16:02.787000
zdsvbhxhn5tqx226,failed,not_found,145,94890F37CE0CD5D020773CA7A0E397AA592E5AF3,63C6AB74A5C288C2159DDC783BB00F88AB44427C,0B25110BA3473A6DC04AB58A3A0D5E4D6922A0E0,D1357EAA7FEDF7F6C4EB03E3A3C41D6A3E8F3C35,2020-10-08 11:15:42.376000,2020-10-08 11:15:43.907000
zdsvbhxhn5tqx226,failed,not_found,159,94890F37CE0CD5D020773CA7A0E397AA592E5AF3,2CE9BE1FC88B9D0FA03F387C9E4F000B5D4B2AE9,8D8E090832FCAFEA083BA150DA6D154E365A590C,D12032F45328C06F053921479CF770A208378B9F,2020-10-08 11:15:43.907000,2020-10-08 11:15:45.493000
zdsvbhxhn5tqx226,failed,not_found,320,94890F37CE0CD5D020773CA7A0E397AA592E5AF3,36FA576EE55BE5F1297370FBECBBBEB6125BBE4A,3E04505D362AA324E6E4E1C8516CCD9EF4D41B9C,9288B75B5FF8861EFF32A6BE8825CC38A4F9F8C2,2020-10-08 11:15:45.494000,2020-10-08 11:15:47.350000
zdsvbhxhn5tqx226,failed,not_found,581,94890F37CE0CD5D020773CA7A0E397AA592E5AF3,E23E5C79354904E66705D9DEC1DE0861D1075F47,5D995EC983ED3DF9DAABD32B9BF1540AFF42A457,928C4709E663B0FF152FD1F1CBDD6AAFA3B548D9,2020-10-08 11:15:47.352000,2020-10-08 11:15:51.217000
zdsvbhxhn5tqx226,failed,not_found,913,94890F37CE0CD5D020773CA7A0E397AA592E5AF3,926955277C7BDB6CD1E1561A91847CBCD5B079E5,3322002CF72E17911FDEFE30E460BF486B0746C6,929BB84A68198CE35E2F2828812840AF5C2CBC4A,2020-10-08 11:15:51.218000,2020-10-08 11:15:54.111000
zdsvbhxhn5tqx226,failed,not_found,1152,94890F37CE0CD5D020773CA7A0E397AA592E5AF3,0B25110BA3473A6DC04AB58A3A0D5E4D6922A0E0,DB6ADA8153DF6B148B1A8843B486E20354499650,D1293A6DBB3A99518FFD0859ACC51B8A0C4D742A,2020-10-08 11:15:54.112000,2020-10-08 11:15:56.820000
erfhecmpib7vubut,failed,not_found,202,94890F37CE0CD5D020773CA7A0E397AA592E5AF3,5D995EC983ED3DF9DAABD32B9BF1540AFF42A457,31FC0066DA78D1464A2542E8D9EBF6FD6F99AE1E,EC1997D51892E4607C68E800549A1E7E4694005A,2020-10-08 11:15:44.605000,2020-10-08 11:15:45.408000
erfhecmpib7vubut,failed,not_found,315,94890F37CE0CD5D020773CA7A0E397AA592E5AF3,928C991C655BF10189FF084C79A41772AE6155C6,11C3D14A1166AEDED6D247A32DE6451F6C95223A,90C1BC10DF081A01D50E382D7271955E01FCF6C9,2020-10-08 11:15:45.409000,2020-10-08 11:15:47.983000
erfhecmpib7vubut,failed,not_found,1104,94890F37CE0CD5D020773CA7A0E397AA592E5AF3,775B0FAFDE71AADC23FFC8782B7BEB1D5A92733E,484F666C491BCDE22B45E0E19D1CEA5ACC5A9611,EC15DB62D9101481F364DE52EB8313C838BDDC29,2020-10-08 11:15:47.984000,2020-10-08 11:15:56.537000
erfhecmpib7vubut,failed,not_found,1526,94890F37CE0CD5D020773CA7A0E397AA592E5AF3,F090D06DD908C91487F0A65DFFDFB1E4CD664288,FF03BFEBD35222D99F842906565504EBC3ABA87B,90BF7147B422A1BABEFA503656EBD17987424441,2020-10-08 11:15:56.537000,2020-10-08 11:16:01.447000
erfhecmpib7vubut,failed,not_found,1998,94890F37CE0CD5D020773CA7A0E397AA592E5AF3,316DE45EFFB53671C9FD53CE0992952846709A29,24F97F98C45E4754655BE66799049763DAEE99CE,90B64F9E18B59AF322EBD28B8F8CD65C53E10CE1,2020-10-08 11:16:01.448000,2020-10-08 11:16:08.580000
erfhecmpib7vubut,failed,not_found,2718,94890F37CE0CD5D020773CA7A0E397AA592E5AF3,B0DB2F173F0DB364BABF7A465D796B3C048F1F33,89FF4A0818D8BE9F8B71338D96A6B854F77F9FEC,EC1EEF4ABBAA11CE8C978E6C87182F63AD27A4F8,2020-10-08 11:16:08.581000,2020-10-08 11:16:22.125000
mzkold6kh63i3tbp,failed,not_found,263,94890F37CE0CD5D020773CA7A0E397AA592E5AF3,D52A160303C638D9FB03463F8A6B7934D5787F4C,2BF341398A55E8C0C4B6BD193A7F50CCE44BF883,D57751F73AE9DBFEAFAC282473615E5F6D269614,2020-10-08 11:15:44.738000,2020-10-08 11:15:46.787000
mzkold6kh63i3tbp,failed,not_found,431,94890F37CE0CD5D020773CA7A0E397AA592E5AF3,872B18761953254914F77C71846E8A2623C52591,EA3616A0B9BBBDC74121D8D6F01EABDDCF6BE35D,D228AE265C966CA4E9A8C4B746A30A9737060A32,2020-10-08 11:15:46.788000,2020-10-08 11:15:48.452000
mzkold6kh63i3tbp,failed,not_found,583,94890F37CE0CD5D020773CA7A0E397AA592E5AF3,CDE4149F0DC65A7BE1AE440340BE1C7A18135E29,567E9785458C605E59202755C74898E3C96FB1CC,D245C3E824456945C6759599CB8A0547135A066D,2020-10-08 11:15:48.453000,2020-10-08 11:15:51.409000
mzkold6kh63i3tbp,failed,not_found,928,94890F37CE0CD5D020773CA7A0E397AA592E5AF3,B1E34EA2AC156AAAA0A1BE2E4F2A38A728891062,0F89912E6A4C4A8ACE43C58FF8B83CA299BFF74F,D23F48B37526F904EECB3C8ED0747EF254C11BB4,2020-10-08 11:15:51.409000,2020-10-08 11:15:53.800000
mzkold6kh63i3tbp,failed,not_found,1167,94890F37CE0CD5D020773CA7A0E397AA592E5AF3,EAB20BD4083C820EC8329ED5AEBF12019A7749F3,624B7391B9790E7CD2AF6A7238239BA3D6928A57,D598E2865164AF6D9958FC9A37D825C283A80C3B,2020-10-08 11:15:53.801000,2020-10-08 11:15:56.930000
mzkold6kh63i3tbp,failed,not_found,1606,94890F37CE0CD5D020773CA7A0E397AA592E5AF3,5FB384605F53DCBF1CB02143D318DA3E8EE38A24,F0A3054C76604DC75D3F57F55C27F1BFB643F107,D59A0355562CCA21F292384F47C3DAE37DF81006,2020-10-08 11:15:56.931000,2020-10-08 11:16:02.598000
7uqtm7k24ruphzv2,failed,not_found,264,94890F37CE0CD5D020773CA7A0E397AA592E5AF3,D228AE265C966CA4E9A8C4B746A30A9737060A32,6E8E5CA9B6F567416ADA21E990E7746BC223B0C0,8B64F593CAC2ED05C0FA703AEF50FF71925B569C,2020-10-08 11:15:44.739000,2020-10-08 11:15:46.833000
7uqtm7k24ruphzv2,failed,not_found,439,94890F37CE0CD5D020773CA7A0E397AA592E5AF3,128D16508676598DC8C7465CC5A87A338208466C,7992F172EDBE69B99F0190651BAC14DD0FD9E5C8,8B80169BEF71450FC4069A190853523B7AEA45E1,2020-10-08 11:15:46.833000,2020-10-08 11:15:49.076000
7uqtm7k24ruphzv2,failed,not_found,649,94890F37CE0CD5D020773CA7A0E397AA592E5AF3,0C8433B6B92E2F1C744F3CFBE49ADA7CBEFEEBFA,6CDFECD2BEF884481FF022C336703FA877267D66,3DCFC8F04E088BB33228FED97662D4E87B0F195A,2020-10-08 11:15:49.077000,2020-10-08 11:15:51.720000
7uqtm7k24ruphzv2,failed,not_found,2244,94890F37CE0CD5D020773CA7A0E397AA592E5AF3,C1939D36649DE98A202429631D8EFC70128D5F5F,638D91FC9EF661348A6994D04C3499BC03F50BBE,8B7C64EC9D8209C142530B3488050B85D55D69D6,2020-10-08 11:15:51.721000,2020-10-08 11:16:11.962000
7uqtm7k24ruphzv2,failed,not_found,2956,94890F37CE0CD5D020773CA7A0E397AA592E5AF3,5E1207FC5BE02728D9D0B540384EB081B53987E6,CD9BFE309010778D64ED5E55D5EEAA92B2020DE8,3DD93E6A1959804D0E36D26E83CA86E3AD3F4DE4,2020-10-08 11:16:11.963000,2020-10-08 11:16:26.332000
7uqtm7k24ruphzv2,,,,,,,3DE14798CDD62F6FA29DF21F418B4DFCEB0D59F4,2020-10-08 11:16:26.332000,
cq3xwts62toahldl,failed,not_found,265,94890F37CE0CD5D020773CA7A0E397AA592E5AF3,5D41BBE918C4DFEEFD620CAD949DF862A21C5653,EFD8DF124A74D2961FBF752BF31EC3A5D411C349,2C6C970E027A99EFF3E6977CD1BCDD9586E0BFB3,2020-10-08 11:15:44.740000,2020-10-08 11:15:46.564000
cq3xwts62toahldl,failed,not_found,413,94890F37CE0CD5D020773CA7A0E397AA592E5AF3,324E2F56E04C2329598EAC512C3455AD45CE4A8C,20571FE948D23E8B62CEDE1B33298F1BF324EE17,2C6E2587287437FA10BFB145CD2691FD605C8709,2020-10-08 11:15:46.565000,2020-10-08 11:15:48.790000
cq3xwts62toahldl,failed,not_found,623,94890F37CE0CD5D020773CA7A0E397AA592E5AF3,C643C72A103C7BF93B1DF9F4F8286512B9C4438C,CD39C258265B25EAA4ABA4FDCB2DF98104CAA362,059208418A85DAEA537027F54AF9DB8A01AFF381,2020-10-08 11:15:48.791000,2020-10-08 11:15:52.258000
cq3xwts62toahldl,failed,not_found,2245,94890F37CE0CD5D020773CA7A0E397AA592E5AF3,59BC32EA48ED1D06A373856434C0C5C4D2D86603,BD60B8F5EA0B8DF59A6B20B7CB3F28E5C2A1DD7A,2C4E15CD40EE3D2D6F062F04ADFE9B85C8C3C52B,2020-10-08 11:15:52.259000,2020-10-08 11:16:12.171000
cq3xwts62toahldl,,,,,,,05976EAC91BC67A6C0628476EE24DAC1CC378A10,2020-10-08 11:16:12.172000,
vyr6szzpbrscnt75,failed,not_found,266,94890F37CE0CD5D020773CA7A0E397AA592E5AF3,221546DAE86B003139B13BD6F6AE1B4B42B59DF8,BE40A5C8EB81704DBC1586190159AA7EDC1DA11D,DA60C85D526374C1DC8A8796E93F12F7CA3019F2,2020-10-08 11:15:44.742000,2020-10-08 11:15:46.209000
vyr6szzpbrscnt75,failed,not_found,370,94890F37CE0CD5D020773CA7A0E397AA592E5AF3,F22994A92E95CE03140117EAAD0ADBC2E2ADF94D,1F768F39EDFA445C14E18E915B0CED7E14E450CF,DA71126E1D0B11605533B7AD399DD5A7EC8E2F0E,2020-10-08 11:15:46.209000,2020-10-08 11:15:48.151000
vyr6szzpbrscnt75,failed,not_found,552,94890F37CE0CD5D020773CA7A0E397AA592E5AF3,8AAD0B090311B7A43D44FD353F32D21628C85D52,EBDD9A8BC45D0543D0FDC93940EE06E56E749A99,F38FB55A8CCA6A00CDD024A5EA2CFECB38A48E15,2020-10-08 11:15:48.151000,2020-10-08 11:15:50.009000
vyr6szzpbrscnt75,failed,not_found,986,94890F37CE0CD5D020773CA7A0E397AA592E5AF3,AEC8A42DE8F9CB115E2479D78AE1CA4BCCF54F4A,62ABC3D1B0D5DE48DE4B8AF5E76D5AA8F535CCDF,DA5C9A58DBD49E83821BC56FCBC8AD9209680CA3,2020-10-08 11:15:50.009000,2020-10-08 11:15:55.121000
vyr6szzpbrscnt75,failed,not_found,1342,94890F37CE0CD5D020773CA7A0E397AA592E5AF3,ECB19658A16F608C8ED7B3AE44720ADE76AF063B,F15F5BBB91175B81980FD0704F1762C04CF6AF1E,F3CEC87ED91E0B0B1D86BE4D7DE90F00B607ECAF,2020-10-08 11:15:55.122000,2020-10-08 11:16:00.541000
vyr6szzpbrscnt75,failed,not_found,1934,94890F37CE0CD5D020773CA7A0E397AA592E5AF3,47A83EC4D144FB8094A57DC5AEB39E9F6F174036,D96DD7272DFF712E6C939BCE69FBF4DD7AA0ECAC,F3BBC088F280FDCDA5C5BD206312FE2DFA7E2DB0,2020-10-08 11:16:00.542000,2020-10-08 11:16:08.283000
so5r3nmsmgwsf5dw,failed,not_found,267,94890F37CE0CD5D020773CA7A0E397AA592E5AF3,FC1E441E097BA36930AA2F615EFB325AF76D2595,EE010EF80A27AC0B02CDC2B8B214A6201BB02D2B,74A19D86DDF63F1133B414B81F36E1F44640811F,2020-10-08 11:15:44.743000,2020-10-08 11:15:46.397000
so5r3nmsmgwsf5dw,failed,not_found,1380,94890F37CE0CD5D020773CA7A0E397AA592E5AF3,3BAACE149DB31574B327BF835B594B707D12CD58,2AA5F598F9A1812F01CD99E3B59BB87362ED7438,3D6C776E8BE9E8AE5D0591594117999E3C5498C8,2020-10-08 11:15:46.398000,2020-10-08 11:15:58.571000
so5r3nmsmgwsf5dw,failed,not_found,1719,94890F37CE0CD5D020773CA7A0E397AA592E5AF3,F244C5F5DDE2F29CA1F88E4C9F9FACCC48BCA857,22775B953E662151549C114CB8EE5FBDBCBDAD02,74A55E12F6A9FD17165A356C00407F4D206E8368,2020-10-08 11:15:58.571000,2020-10-08 11:16:04.634000
so5r3nmsmgwsf5dw,failed,not_found,2251,94890F37CE0CD5D020773CA7A0E397AA592E5AF3,96560F12D1FD54131C59A2352829C2750E5EB796,3B953203AF332D8FE1452E1CE7CB50A3B5297DB2,3D5D6178C44537E3692853B344385F6572A55767,2020-10-08 11:16:04.634000,2020-10-08 11:16:12.319000
so5r3nmsmgwsf5dw,failed,not_found,3041,94890F37CE0CD5D020773CA7A0E397AA592E5AF3,BA38C5688E103AE11F50D7188C8E5FDB4B0E5553,7260949459C2D4D4A5ABC3AC10C1AD6939E6525C,3D636FB9D24EA781C3C2766C051064C6CA1C0D96,2020-10-08 11:16:12.320000,2020-10-08 11:16:27.160000
so5r3nmsmgwsf5dw,,,,,,,749EF4A434DFD00DAB31E93DE86233FB916D31E3,2020-10-08 11:16:27.161000,
4brvampsvu6fgbpx,failed,not_found,268,94890F37CE0CD5D020773CA7A0E397AA592E5AF3,E00764EDD2D5DA338CEA2EED8691E1FCAAF4A6E9,D1E706B9021A0BF8E9663DB207D9D9EC03A70DAC,58BC63142C881F88D08E071DEB63DBA09DE62141,2020-10-08 11:15:44.744000,2020-10-08 11:15:46.474000
4brvampsvu6fgbpx,failed,not_found,403,94890F37CE0CD5D020773CA7A0E397AA592E5AF3,8050142F36144284452018B7B0F6AB238414FD28,ACF165754601059ED2E472F893AD0FA4CAF1142D,311A4533F7A2415F42346A6C8FA77E6FD279594C,2020-10-08 11:15:46.475000,2020-10-08 11:15:48.332000
4brvampsvu6fgbpx,failed,not_found,573,94890F37CE0CD5D020773CA7A0E397AA592E5AF3,462DFAD3B4C7256DC5C90BD5819A12DC448B3C03,AD7552F2CFBF472F9FFE748D3E82994EA6050A76,58C948AFA3065F84D98095CF8C18DE8B53738411,2020-10-08 11:15:48.332000,2020-10-08 11:15:50.389000
4brvampsvu6fgbpx,failed,not_found,988,94890F37CE0CD5D020773CA7A0E397AA592E5AF3,FFA72BD683BC2FCF988356E6BEC1E490F313FB07,0CD9E401F1ACE013988F25E4E4B1BEE3FC1DB7E8,58BC2CFFA7894FC8F4CC5D8A77E38FDCFDB1DC0E,2020-10-08 11:15:50.390000,2020-10-08 11:15:55.242000
4brvampsvu6fgbpx,failed,not_found,1367,94890F37CE0CD5D020773CA7A0E397AA592E5AF3,A18CD278493BB18BEFD8AB54A669BFF6BB73B9CB,A857DA8F3728DE4475BFCD86D91351F5E302B3DF,31243ACD67789C4E5F9C1A8BB8E471DCD7D50E78,2020-10-08 11:15:55.243000,2020-10-08 11:15:59.942000
4brvampsvu6fgbpx,failed,not_found,1880,94890F37CE0CD5D020773CA7A0E397AA592E5AF3,1E7416D0CF37A6661B0130F54C6EBEF071E36C4D,3E53D3979DB07EFD736661C934A1DED14127B684,310723122778237508274A36E9557B060A531BDD,2020-10-08 11:15:59.943000,2020-10-08 11:16:06.267000
waazodnpvda4ckd3,failed,not_found,269,94890F37CE0CD5D020773CA7A0E397AA592E5AF3,81C55D403A82BF6E7C3FBDBD41D102B7088900D9,F37997F89070869A34C456A2F54577A3276AACB2,47B22D6B46447B533E962966B9559E249B6F915C,2020-10-08 11:15:44.744000,2020-10-08 11:15:47.130000
waazodnpvda4ckd3,failed,not_found,461,94890F37CE0CD5D020773CA7A0E397AA592E5AF3,CD0F9AA1A5064430B1DE8E645CBA7A502B27ED5F,912A7C57E05606AF602EC63D1D06BBD5C7AAE516,96CAA917F65BCD62CECD236F67652BFD7C69E52E,2020-10-08 11:15:47.131000,2020-10-08 11:15:49.189000
waazodnpvda4ckd3,failed,not_found,920,94890F37CE0CD5D020773CA7A0E397AA592E5AF3,11D3EB91761414F94F3C6BDF8E4875D5E6B783AF,56927E61B51E6F363FB55498150A6DDFCF7077F2,96A5167371D784ECE979A1E4504D25ABFE853E8C,2020-10-08 11:15:49.190000,2020-10-08 11:15:54.460000
waazodnpvda4ckd3,,,,,,,47E0EEB4E75C2C3633A7E294885F146B1E786DA9,2020-10-08 11:15:54.461000,
ujspigtrkzxy337y,failed,not_found,270,94890F37CE0CD5D020773CA7A0E397AA592E5AF3,41CEB66108B70108F148BF7778260A87723AACA1,929BF37C657D4F69C76324E5FEA760A62483813B,CFDF99EE1923D870329F8DAE54398FD45409F01F,2020-10-08 11:15:44.745000,2020-10-08 11:15:46.207000
ujspigtrkzxy337y,failed,not_found,366,94890F37CE0CD5D020773CA7A0E397AA592E5AF3,7ECA215D5B0611D5A6131F7616C7B60003781B78,64E257D94E739278D5954CC820C9D7EAC4E7A7B7,0F4A3FA5FD093F806349B26F8738C2704ADE953B,2020-10-08 11:15:46.208000,2020-10-08 11:15:48.095000
ujspigtrkzxy337y,failed,not_found,543,94890F37CE0CD5D020773CA7A0E397AA592E5AF3,17CF5B659F2FB7433573F6FD61E3E2228CB3448D,0CD62346D1B5CB1648DDA907F818B0DFEA752E88,0F59911D698D3FFE2433B7AB31362FB1EA10237F,2020-10-08 11:15:48.096000,2020-10-08 11:15:50.824000
ujspigtrkzxy337y,failed,not_found,1159,94890F37CE0CD5D020773CA7A0E397AA592E5AF3,B058FBDEA69774C28EAC1111E167BC0AD4A904E0,88D5F0BD87F9BC1A96FCBFDCEDB1C0E6BAB1D14E,CFD34B1E1C4FE1363C39169D65389CF3856810B1,2020-10-08 11:15:50.825000,2020-10-08 11:15:56.731000
ujspigtrkzxy337y,failed,not_found,1574,94890F37CE0CD5D020773CA7A0E397AA592E5AF3,3E53D3979DB07EFD736661C934A1DED14127B684,B411027C926A9BFFCF7DA91E3CAF1856A321EFFD,CFA7447C66A709932F038FEE6B028B84A6E676E8,2020-10-08 11:15:56.732000,2020-10-08 11:16:01.949000
ujspigtrkzxy337y,failed,not_found,2039,94890F37CE0CD5D020773CA7A0E397AA592E5AF3,DCE8DBF94576272AD10D996C9AA0794A4567F304,03910F285A33F365838EC66EF2C2EF754D046760,0F6A04276CB95D042AEE8D28B745878F827D210D,2020-10-08 11:16:01.950000,2020-10-08 11:16:08.566000
njqzjzljh7fsl3a6,failed,not_found,302,94890F37CE0CD5D020773CA7A0E397AA592E5AF3,F94CCEA0042765AA7EE66BEA5B39C9E03E286EA2,B0DB2F173F0DB364BABF7A465D796B3C048F1F33,F0B8B0371FD44A5CA3B05411176AE7EBD5B025BC,2020-10-08 11:15:45.203000,2020-10-08 11:15:47.021000
njqzjzljh7fsl3a6,failed,not_found,454,94890F37CE0CD5D020773CA7A0E397AA592E5AF3,27452250B484CB90E687227B3274E2BF232158E5,E23E5C79354904E66705D9DEC1DE0861D1075F47,3A209C005F58AF0BCDDEDC4423CFFD3AB3B826F5,2020-10-08 11:15:47.022000,2020-10-08 11:15:48.819000
njqzjzljh7fsl3a6,,,,,,,F0A97AAF092015293EC63D7E75D9C2B70B7C360B,2020-10-08 11:15:48.820000,
iwizjwl2orhajcu3,failed,not_found,306,94890F37CE0CD5D020773CA7A0E397AA592E5AF3,01384A5D9C6D34352701BF86D04E5F406CB256AE,47175EA5C1B830AD72F2ED14C089B443758376E1,9AD12F0E3CC871D59ACA14BB4076CDD8CB28DE57,2020-10-08 11:15:45.267000,2020-10-08 11:15:48.713000
iwizjwl2orhajcu3,failed,not_found,617,94890F37CE0CD5D020773CA7A0E397AA592E5AF3,F6CD4DBF5850AC4386DD9A424918AD3C6BA2716F,F0C9513539800F762ECAE37F16370D7CBA5E52C2,9AC1E6D6D65D8036A42F3F6B88ADC2BEBDE17F17,2020-10-08 11:15:48.715000,2020-10-08 11:15:51.158000
iwizjwl2orhajcu3,failed,not_found,906,94890F37CE0CD5D020773CA7A0E397AA592E5AF3,3033FD18BBD658C5ECE926FB17D2269BFE337358,0B19BBFDC498CCEA23027B1D7BD8E20121B95E60,64AE86C40EF69D3777E16792C8294C5F125187F5,2020-10-08 11:15:51.159000,2020-10-08 11:15:54.055000
iwizjwl2orhajcu3,failed,not_found,1375,94890F37CE0CD5D020773CA7A0E397AA592E5AF3,AD0FCFD83EA4899DB34735E599701592DEA13690,970F0966DAA7EBDEE44E3772045527A6854E997B,64CB2B32C10ADD4B93D725B7DED238CCCD6D6DBA,2020-10-08 11:15:54.056000,2020-10-08 11:15:59.301000
iwizjwl2orhajcu3,failed,not_found,1798,94890F37CE0CD5D020773CA7A0E397AA592E5AF3,970F0966DAA7EBDEE44E3772045527A6854E997B,3FFDFB5A9A278C7C303745606DB5B68FC5B9FADF,64B05F9A2122B5DB4ADCB0E6F083193F3170A902,2020-10-08 11:15:59.302000,2020-10-08 11:16:05.304000
iwizjwl2orhajcu3,failed,not_found,2383,94890F37CE0CD5D020773CA7A0E397AA592E5AF3,855BC2DABE24C861CD887DB9B2E950424B49FC34,86CDD0D92AB972538416A382D99666736CDDF141,9ACD9D526D1F82D7A00225742F1BDB374D7D17D4,2020-10-08 11:16:05.305000,2020-10-08 11:16:15.980000
kw5kmp3ebcht34ta,failed,not_found,310,94890F37CE0CD5D020773CA7A0E397AA592E5AF3,53134D9637D9FBE565FA1E3AF82B23CC964C56D6,3660D91C4DC0F7009B63539666AD09EE4F474427,9454F82D47EBA0CB0C2A4BFE7966181DBF108147,2020-10-08 11:15:45.328000,2020-10-08 11:15:47.304000
kw5kmp3ebcht34ta,failed,not_found,597,94890F37CE0CD5D020773CA7A0E397AA592E5AF3,9F5068310818ED7C70B0BC4087AB55CB12CB4377,94025AB7BA718179205F72A939A4AACB497B6EE6,9446EE28342A8B4502B4DA24DA18851BC9E516E0,2020-10-08 11:15:47.305000,2020-10-08 11:15:50.932000
kw5kmp3ebcht34ta,failed,not_found,1128,94890F37CE0CD5D020773CA7A0E397AA592E5AF3,99339F3E68BCCC1391BF14C821D80766FE0C5956,ECB24A326D382F84B7BD630CFDBE1A0CDCE0245A,9456BBB3FB923DD1CDEC5C8B45D9615BC937DC42,2020-10-08 11:15:50.933000,2020-10-08 11:15:56.816000
kw5kmp3ebcht34ta,failed,not_found,1727,94890F37CE0CD5D020773CA7A0E397AA592E5AF3,5665A3904C89E22E971305EE8C1997BCA4123C69,D14EC16949648CEE84EA1664445029EA4B597074,0D6E25BD8C540178C309EE2A84C7A74496360D6E,2020-10-08 11:15:56.817000,2020-10-08 11:16:04.882000
kw5kmp3ebcht34ta,failed,not_found,2343,94890F37CE0CD5D020773CA7A0E397AA592E5AF3,CD6E8C548704F4CE544CD71365D46F110518FBED,6FC8D3B152054906417CB1EE0642265747C7F689,0D58067912EA84D955565C82A4C00A47CDEF11DC,2020-10-08 11:16:04.883000,2020-10-08 11:16:15.084000
kw5kmp3ebcht34ta,,,,,,,0D7C69551F9186DB589BDF00858314AC136A33DA,2020-10-08 11:16:15.084000,
fb5t45e7krcbx3vh,failed,not_found,1437,94890F37CE0CD5D020773CA7A0E397AA592E5AF3,5B701D5C806F91D8A3C6B3E92624727EC43E26C2,50E43E33EBAB7EB9EAB6B352F3685229DAB25A84,6DFB4AC8B5E7B1AD0B3F5F465F774A421C66CBBA,2020-10-08 11:15:46.364000,2020-10-08 11:15:59.632000
fb5t45e7krcbx3vh,failed,not_found,1823,94890F37CE0CD5D020773CA7A0E397AA592E5AF3,13F1229C41B8A67F4AB949A3AFA5E6F39EF68BFC,F0AE51D182DA3B1FB452666EE3E5EA906C431CBF,D69660417D1BEEC6E9ED2CDCEABC4872BC111ADE,2020-10-08 11:15:59.632000,2020-10-08 11:16:05.506000
fb5t45e7krcbx3vh,failed,not_found,2443,94890F37CE0CD5D020773CA7A0E397AA592E5AF3,BC123DB7F61E9DB31F23B37BF62A16DAA1010FC9,372A38794527887333B52ED1D707609D808C0659,6DFEB41C04CCE846871338E85DD5ACF5CFB6C1DD,2020-10-08 11:16:05.507000,2020-10-08 11:16:16.973000
fb5t45e7krcbx3vh,,,,,,,6DFEB2BFBFA9DBEDCE2DE932F9D16EE7E0530ED1,2020-10-08 11:16:16.974000,
6yeqlpb5e26zkeny,failed,not_found,394,94890F37CE0CD5D020773CA7A0E397AA592E5AF3,6A0A912F7A536B2FC3ACF42356C57EB47678E7FB,8AA959D8DE3A4840E155FCFEDD12A98AC47B615D,52026565263963A4DA7C0A737E43850951405CDB,2020-10-08 11:15:46.450000,2020-10-08 11:15:48.184000
6yeqlpb5e26zkeny,failed,not_found,557,94890F37CE0CD5D020773CA7A0E397AA592E5AF3,43FF3346A3F8E4ED27F631DC956C4CD8D6173D7A,8E5F4EE45E0631A60E59CAA42E1464FD7120459D,8EE28EAF0874AF9B03EBBD79B5EB5059E2547355,2020-10-08 11:15:48.184000,2020-10-08 11:15:50.230000
6yeqlpb5e26zkeny,failed,not_found,987,94890F37CE0CD5D020773CA7A0E397AA592E5AF3,E00764EDD2D5DA338CEA2EED8691E1FCAAF4A6E9,210001EE8A8E086983A3BD48F0D936996451C9CB,51F733EAC4DFD128CF957A14D5F2DC023803D1A2,2020-10-08 11:15:50.231000,2020-10-08 11:15:54.955000
6yeqlpb5e26zkeny,failed,not_found,1334,94890F37CE0CD5D020773CA7A0E397AA592E5AF3,5DE37A3371AAE7638748EB43C9F1CE66E09D4470,28DF1CE408D2E0BA556188E81EC7499DF90B583A,51F8C25ECF3A632CA8AB43EE243D606BB7C05812,2020-10-08 11:15:54.956000,2020-10-08 11:15:58.428000
6yeqlpb5e26zkeny,failed,not_found,1694,94890F37CE0CD5D020773CA7A0E397AA592E5AF3,6C620C35C0EA16657960882DE88B28968EBC8689,40A60D1F1E8AFBED22FCB30B3FBE2E275A14CF99,8EE0534532EA31AA5172B1892F53B2F25C76EB02,2020-10-08 11:15:58.429000,2020-10-08 11:16:04.435000
6yeqlpb5e26zkeny,failed,not_found,2234,94890F37CE0CD5D020773CA7A0E397AA592E5AF3,E7FEC31AE99964103ECC14F37C088A0B6B89132B,7E0839E88526BB0511C84FEA7015B43F4476C845,8EE44717FA55705C12086F3ECD1F8D9C8676FD05,2020-10-08 11:16:04.436000,2020-10-08 11:16:12.404000
e4djt3qgd3kikyv7,failed,not_found,395,94890F37CE0CD5D020773CA7A0E397AA592E5AF3,816E0058746B155EADD0EBD85C0465E3C778051F,00EAAFDC05DCD6EBD1E06E0B4F1F35D16DF0BA80,AA8B7237B4D2C76ED4AF24B3B47B375812AACC83,2020-10-08 11:15:46.452000,2020-10-08 11:15:48.668000
e4djt3qgd3kikyv7,failed,not_found,608,94890F37CE0CD5D020773CA7A0E397AA592E5AF3,2AA5F598F9A1812F01CD99E3B59BB87362ED7438,898AA9A17ECBB05FEA4FE7418BD1C64F45D9A614,AA616315BA97729EA47DAD8718FA59269C7229E7,2020-10-08 11:15:48.668000,2020-10-08 11:15:50.683000
e4djt3qgd3kikyv7,failed,not_found,826,94890F37CE0CD5D020773CA7A0E397AA592E5AF3,0F6E5CA4BF5565D9AA9FDDCA165AFC6A5305763D,FD449127D30D8F5D124653D9EF736EDF4A12B4DC,11C9529C9D0671545EAEF80DFE209AD977BCE908,2020-10-08 11:15:50.684000,2020-10-08 11:15:53.643000
e4djt3qgd3kikyv7,failed,not_found,1120,94890F37CE0CD5D020773CA7A0E397AA592E5AF3,5856DB884578915E7C7A0B7B11E4145B1D2A4E2B,4EEE44AE922B30D0EDA06ABA1BD924CB43E8083E,AA7630738F82C4DF26BB8EFF131564DACDEAC64C,2020-10-08 11:15:53.644000,2020-10-08 11:15:56.549000
e4djt3qgd3kikyv7,failed,not_found,1534,94890F37CE0CD5D020773CA7A0E397AA592E5AF3,3FF98DEAC200C24A02FA92784F677FF74AA4E5C8,7D9C03F812241DB08ADA96635E727A2EF7879384,11DF0017A43AF1F08825CD5D973297F81AB00FF3,2020-10-08 11:15:56.549000,2020-10-08 11:16:00.934000
e4djt3qgd3kikyv7,failed,not_found,1975,94890F37CE0CD5D020773CA7A0E397AA592E5AF3,7C22E89AB620E77DF1B4A33787A5EC3F2AB4A8D1,039003C320D9980E0A740F107A1A9C13C99C5FE3,11C3D14A1166AEDED6D247A32DE6451F6C95223A,2020-10-08 11:16:00.935000,2020-10-08 11:16:08.484000
n3hsbiwuig3ksdzz,failed,not_found,465,94890F37CE0CD5D020773CA7A0E397AA592E5AF3,F94CCEA0042765AA7EE66BEA5B39C9E03E286EA2,38471394F06B2B86404768193C929313962FDC2F,EFAB57D3EBABB4F922F850763E88B447A2F4CC09,2020-10-08 11:15:47.263000,2020-10-08 11:15:49.823000
n3hsbiwuig3ksdzz,failed,not_found,1349,94890F37CE0CD5D020773CA7A0E397AA592E5AF3,0F6E5CA4BF5565D9AA9FDDCA165AFC6A5305763D,1380B3AF22852CCDA1CAEB118A218212F4090B9F,FE268E95288EE3EF58DA606DAB12AB216CF64B68,2020-10-08 11:15:49.823000,2020-10-08 11:16:00.933000
n3hsbiwuig3ksdzz,failed,not_found,2103,94890F37CE0CD5D020773CA7A0E397AA592E5AF3,39AECA37A43E762716C2AE8474220477FBAB7A21,B74DABBE248B935CDC1038CD5C9280878C8C94E7,EF9C4611FAA7C21155A8BA2A721DDC3D27816035,2020-10-08 11:16:00.934000,2020-10-08 11:16:12.780000
n3hsbiwuig3ksdzz,failed,not_found,3185,94890F37CE0CD5D020773CA7A0E397AA592E5AF3,E42D90221523AC8B3C9E0989E072BB54EEEBC708,00B57BF614F7ED3051073B5D4526FF0B23AF217B,FE1AF5E909002134BFF834F4AD5E1DE723779002,2020-10-08 11:16:12.780000,2020-10-08 11:16:29.347000
n3hsbiwuig3ksdzz,,,,,,,EFA2E7B073AA4CE2DAF7160F23C90DB805948F4A,2020-10-08 11:16:29.348000,
sbnoznptngv4le52,failed,not_found,1466,94890F37CE0CD5D020773CA7A0E397AA592E5AF3,543F96D0C17CDBAC326F644DB0C8A17193BCCFC9,9BA9334DA769A7C96D464F9EA38A970088B6FECB,727AA0C630F5F548BB48F36069F2179496682875,2020-10-08 11:15:47.265000,2020-10-08 11:15:59.834000
sbnoznptngv4le52,failed,not_found,1871,94890F37CE0CD5D020773CA7A0E397AA592E5AF3,E46C3F0533709EE2112874B13A4FE3868B33E75E,FD79B7F9230858B48E75F389661840C702511078,863D7DD65F64F06934A8CFB228653E38A061FDCD,2020-10-08 11:15:59.835000,2020-10-08 11:16:05.749000
sbnoznptngv4le52,failed,not_found,2463,94890F37CE0CD5D020773CA7A0E397AA592E5AF3,2BA2C8E96B2590E1072AECE2BDB5C48921BF8510,3FEC03EA94C6B7A944F1358D7953F4A228067271,7292EF58742CC793F7AB3846D87001178328F9A2,2020-10-08 11:16:05.751000,2020-10-08 11:16:16.750000
sbnoznptngv4le52,,,,,,,85FB52CF11DC1F7DB0CF16F5F2F5939AA7736A86,2020-10-08 11:16:16.752000,
cgta4gc2to22opi6,failed,not_found,606,94890F37CE0CD5D020773CA7A0E397AA592E5AF3,F94CCEA0042765AA7EE66BEA5B39C9E03E286EA2,C2E3E1A73D46982994551380919F08EC5021A908,876B69F71C444A4DBD5BD67581789ACE94C9FA98,2020-10-08 11:15:47.266000,2020-10-08 11:15:51.054000
cgta4gc2to22opi6,failed,not_found,2242,94890F37CE0CD5D020773CA7A0E397AA592E5AF3,A59AD84F92B2E5A76EBFE3BE62D3B28AF9BFD127,3A94EFBF4A220B35A92D0A5B4A80D6324C3C306A,876C7CE43774366250D3E768E690DAB9D4B5D5A3,2020-10-08 11:15:51.055000,2020-10-08 11:16:12.412000
cgta4gc2to22opi6,failed,not_found,3089,94890F37CE0CD5D020773CA7A0E397AA592E5AF3,D69660417D1BEEC6E9ED2CDCEABC4872BC111ADE,AC2275831607A95CD8B939C3B8DC466CCF48E2B9,35513B1D2EA70649346C3C6D34F63D6982E3948A,2020-10-08 11:16:12.413000,2020-10-08 11:16:27.388000
cgta4gc2to22opi6,,,,,,,3547FAF7D6526BBE81CC07FACAD612A99BDD9876,2020-10-08 11:16:27.389000,
skf74wzvdlixmnw6,failed,not_found,562,94890F37CE0CD5D020773CA7A0E397AA592E5AF3,E051CA903618F3948034D409FFBB31700DF85A19,F3DF2415A5ECFB57835CF7E629C3AD0E1DA6732B,A066E7983758C7CC0097E16ACF4F7B71BAFA44E9,2020-10-08 11:15:48.240000,2020-10-08 11:15:51.533000
skf74wzvdlixmnw6,,,,,,,A06B527FE05AF6EA0CDF52A43CD4D8C2F0F4862D,2020-10-08 11:15:51.534000,
zr53bioyonb7sqma,failed,not_found,567,94890F37CE0CD5D020773CA7A0E397AA592E5AF3,DA91C260D6A78F748BDF17131A1F1D18443BE1EB,46E0487EEEFD694CE625CC6E12D032395C01DB82,21A183AB1F0B207B50A1E08687685A8D940C5F80,2020-10-08 11:15:48.327000,2020-10-08 11:15:51.694000
zr53bioyonb7sqma,failed,not_found,978,94890F37CE0CD5D020773CA7A0E397AA592E5AF3,499FA01433320491216225801FE0589C250B4D6D,08208ACA4C12AC2390CA8D31ABE40AF7E72BC556,21A125136763F6D8AEA882871D7F7E4547724169,2020-10-08 11:15:51.695000,2020-10-08 11:15:54.397000
zr53bioyonb7sqma,failed,not_found,1426,94890F37CE0CD5D020773CA7A0E397AA592E5AF3,876C7CE43774366250D3E768E690DAB9D4B5D5A3,88417FC2BCDB67BA0142ABF186386FF903123333,E48AD02C54FD3F8C3A4EA37452CE3281A0D246A4,2020-10-08 11:15:54.398000,2020-10-08 11:15:59.650000
zr53bioyonb7sqma,failed,not_found,1831,94890F37CE0CD5D020773CA7A0E397AA592E5AF3,A4E120350425BAD920307FFA74440F95D0172302,5FAA9FC7000138C480F042DE4C602C56C5AA3C42,21AC6EF15C86641CE623B8A08D64144BCAC14AEC,2020-10-08 11:15:59.650000,2020-10-08 11:16:05.954000
zr53bioyonb7sqma,failed,not_found,2494,94890F37CE0CD5D020773CA7A0E397AA592E5AF3,CBD00958A3B897774E333D75C24E6A75F5220DCC,BCDE75725B927738B6FD34EA2D78F4FA77B99848,E4A7CF32D1EC81521E234C8BF46384E75838A8D7,2020-10-08 11:16:05.955000,2020-10-08 11:16:17.202000
zr53bioyonb7sqma,,,,,,,E4B00CD81069AF2C0841B82A582C63AA32F03B0C,2020-10-08 11:16:17.203000,
hhnjfap22yzopnos,failed,not_found,572,94890F37CE0CD5D020773CA7A0E397AA592E5AF3,6A1AF5C55985A32E44462D3F5CFEB1701418D9DC,6C282D35C674A036B79B5F30E90D19B363D3DAB2,7088D485934E8A403B81531F8C90BDC75FA43C98,2020-10-08 11:15:48.329000,2020-10-08 11:15:50.390000
hhnjfap22yzopnos,failed,not_found,989,94890F37CE0CD5D020773CA7A0E397AA592E5AF3,103336165A0D2EFCAD3605339843A0A7710B8B92,955D5C5040EBBA9D3293B11B159DF52DD97ECB73,708A968F3644F8A547156368FEA3DB664110E631,2020-10-08 11:15:50.390000,2020-10-08 11:15:54.624000
hhnjfap22yzopnos,failed,not_found,1318,94890F37CE0CD5D020773CA7A0E397AA592E5AF3,963879BB424D9A637A63105D5C26A2453C2C2272,9B8D08275C852A677E8C65E1DDA74431BE509B4C,70ACA07D9276277B82E909C1439E19CCA2FB16CC,2020-10-08 11:15:54.625000,2020-10-08 11:15:58.530000
hhnjfap22yzopnos,failed,not_found,1710,94890F37CE0CD5D020773CA7A0E397AA592E5AF3,198F12E2DEFBE6BEEBC38B2FEDD615AECB38DA7A,E546C96AEB2258BD0733949027E8F96156F6B290,801FC54687E380C226D35CD7DBBF73FCD442EA6B,2020-10-08 11:15:58.569000,2020-10-08 11:16:04.637000
hhnjfap22yzopnos,failed,not_found,2270,94890F37CE0CD5D020773CA7A0E397AA592E5AF3,EEDC92C8E4F14EFB6200FB4C92D4F957B98652B4,5944BE10FF49A3CFC865D2F0700394C2877F197D,802D2B1B87E3561D971AFD9619CB8F0C257DDDD3,2020-10-08 11:16:04.638000,2020-10-08 11:16:12.485000
hhnjfap22yzopnos,failed,not_found,3384,94890F37CE0CD5D020773CA7A0E397AA592E5AF3,58332DDDA15415CB3D13F5ECA3D54BE961B8C458,3B953203AF332D8FE1452E1CE7CB50A3B5297DB2,8049F8C058587A66246E8A93A56957CE29165F72,2020-10-08 11:16:12.486000,2020-10-08 11:16:33.877000
3o4rgmpuom5bqhl2,failed,not_found,655,94890F37CE0CD5D020773CA7A0E397AA592E5AF3,CF6A6080091BB210AA3892FEFE2F6A396DA08DF3,66BD39FE805AED414ADE400CAAD862C9CC3AC34E,85A3AC041E3FCD796AF5D653953D5E27A56E3719,2020-10-08 11:15:49.157000,2020-10-08 11:15:52.259000
3o4rgmpuom5bqhl2,failed,not_found,1050,94890F37CE0CD5D020773CA7A0E397AA592E5AF3,AE95BDA37A5BB4685FEBB7F06649D6CE949B5316,8D8E090832FCAFEA083BA150DA6D154E365A590C,85BFDBFCF9E711CF0F1A22C115368724D7C101F7,2020-10-08 11:15:52.260000,2020-10-08 11:15:55.908000
3o4rgmpuom5bqhl2,failed,not_found,1409,94890F37CE0CD5D020773CA7A0E397AA592E5AF3,9B5ED3370E002AEBB2A9B25E3213C1817CCD2D88,87C08DDFD32C62F3C56D371F9774D27BFDBB807B,85C29D07636BEBACFCA0DF5AB31B333882745065,2020-10-08 11:15:55.909000,2020-10-08 11:15:59.601000
3o4rgmpuom5bqhl2,failed,not_found,1806,94890F37CE0CD5D020773CA7A0E397AA592E5AF3,03CFF90060461087D34FFB7B485C3AD30143775C,FC3422292F0BDAF47068C750C1793710F5019B07,E2D9035061E3D133B2CA4DA3383AEAACCC0733E1,2020-10-08 11:15:59.602000,2020-10-08 11:16:05.170000
3o4rgmpuom5bqhl2,failed,not_found,2372,94890F37CE0CD5D020773CA7A0E397AA592E5AF3,3D615DEF97F387631F50201FAFA6E7B67FDF3FEF,BD6FFF1AD5A88A8D43870D43EC4450081B4B2BBA,E300CEE2255A22B3DF52E798A3237D53AFAEC2F3,2020-10-08 11:16:05.170000,2020-10-08 11:16:17.012000
3o4rgmpuom5bqhl2,,,,,,,E2CF09F998248C71139B24B2C92740AEDB1C6D2A,2020-10-08 11:16:17.012000,
amuiz4eoh6ujnnau,,,,,,,AD1FC4AE877B2FFEB3C84F1A6B76E9B057AAEF4E,2020-10-08 11:15:49.163000,
7wfkibxbmgx5kzjp,failed,not_found,927,94890F37CE0CD5D020773CA7A0E397AA592E5AF3,6315278A91710062D90B288199EFA06E4AAA9E8F,3FE39429CB7077BBB13D2774591A1B80EE493742,200473B7974E8D78B75B28DBD6C218DA3A0B8059,2020-10-08 11:15:49.168000,2020-10-08 11:15:54.047000
7wfkibxbmgx5kzjp,failed,not_found,1191,94890F37CE0CD5D020773CA7A0E397AA592E5AF3,901CBA6FF3B90618D3FFEFF040353C267F690DF8,C5340E5A64DF5B0270F1C1EEBFE3074C985F6A93,02758CD398E3F842EF82478078AAAE0273770DB2,2020-10-08 11:15:54.047000,2020-10-08 11:15:56.794000
7wfkibxbmgx5kzjp,failed,not_found,1582,94890F37CE0CD5D020773CA7A0E397AA592E5AF3,638D91FC9EF661348A6994D04C3499BC03F50BBE,39A551CD188151147DC4D19523D06A09B5287C29,2022BCB37453DC168E6CB7B4DAD119AC072F2DEE,2020-10-08 11:15:56.795000,2020-10-08 11:16:02.497000
7wfkibxbmgx5kzjp,failed,not_found,1951,94890F37CE0CD5D020773CA7A0E397AA592E5AF3,44BD70C13DAA7513D6F47773804178B009F21ED5,E00764EDD2D5DA338CEA2EED8691E1FCAAF4A6E9,1FE9F0F999FB72F4AFB0D1B9239B78E9519C11F7,2020-10-08 11:16:02.498000,2020-10-08 11:16:07.908000
7wfkibxbmgx5kzjp,failed,not_found,2474,94890F37CE0CD5D020773CA7A0E397AA592E5AF3,547C1CDB516798EC66A01F04A5884DCE1A151919,34979DBD475FFED9CF6556E349DDEDEE69104345,026DD786689D26A4C1B96ABDE3797CF01941D276,2020-10-08 11:16:07.909000,2020-10-08 11:16:17.072000
7wfkibxbmgx5kzjp,,,,,,,02740F472D1DA5C1B77475F18940FE79F15AF4B8,2020-10-08 11:16:17.073000,
w2ethwnnpmftok6c,failed,not_found,2241,94890F37CE0CD5D020773CA7A0E397AA592E5AF3,014E24C0CD21D2B9829E841D5EC1D3C415F866BF,457D6035A953805B82D2A9933EDE3A0EA4B675FE,66905A83A4858A4DD075AEA0514377A9F59E110D,2020-10-08 11:15:50.389000,2020-10-08 11:16:14.951000
w2ethwnnpmftok6c,,,,,,,CCF2FD0048FCC9A842BE881472CEC148BB4EF458,2020-10-08 11:16:14.952000,
3uajzbwt33vy72xt,failed,not_found,879,94890F37CE0CD5D020773CA7A0E397AA592E5AF3,CCF2FD0048FCC9A842BE881472CEC148BB4EF458,CBB5AE37E2927A915D70FA71572D2EA203F03E83,702FD318AEED49702B5C16255ED5F595DA116516,2020-10-08 11:15:50.392000,2020-10-08 11:15:53.707000
3uajzbwt33vy72xt,failed,not_found,1144,94890F37CE0CD5D020773CA7A0E397AA592E5AF3,5EBA4A9F483E07FD717BA81DD6F7344AF82F7D5D,88748052843CC93A02BE1D9E9B5B358AB3A104AA,FF8F56B5E1A36341F84FF72927CEB3F0AC6BC6A9,2020-10-08 11:15:53.708000,2020-10-08 11:15:56.642000
3uajzbwt33vy72xt,failed,not_found,1558,94890F37CE0CD5D020773CA7A0E397AA592E5AF3,ACE29EC7700BD112DEB42B934E5E443476CD577C,7D928720EC0CB5C2AFE04DF0EBC37BD59B00EAB4,703E952794CD9B055391A2372870C280CF7BDA19,2020-10-08 11:15:56.643000,2020-10-08 11:16:01.401000
3uajzbwt33vy72xt,failed,not_found,1990,94890F37CE0CD5D020773CA7A0E397AA592E5AF3,36FA576EE55BE5F1297370FBECBBBEB6125BBE4A,955D5C5040EBBA9D3293B11B159DF52DD97ECB73,FF87E49EF33078B04A5DE26AAE170DDF8BAE139F,2020-10-08 11:16:01.402000,2020-10-08 11:16:07.621000
3uajzbwt33vy72xt,failed,not_found,2373,94890F37CE0CD5D020773CA7A0E397AA592E5AF3,0C8433B6B92E2F1C744F3CFBE49ADA7CBEFEEBFA,73E0EAD7C2A9E9603C0DB7EE4743CCEF935EAC3D,706A7674A217BA905FE677E82236B7B968A23DB7,2020-10-08 11:16:07.622000,2020-10-08 11:16:16.029000
3uajzbwt33vy72xt,,,,,,,FF7A8216F1D5FCE0F8E08E7F584DADEB29C46B8D,2020-10-08 11:16:16.029000,
yvrldwl67gtgq4e5,failed,not_found,1350,94890F37CE0CD5D020773CA7A0E397AA592E5AF3,2ABA928945F7EC1E9DD105A628D5C05609DB5B6D,0990E0F4F2C127BDDA9B6726400FAC077F6C83B0,0D8877392F2FF5AD8D8E5BC438087F02EF97B904,2020-10-08 11:15:50.511000,2020-10-08 11:15:59.825000
yvrldwl67gtgq4e5,failed,not_found,2248,94890F37CE0CD5D020773CA7A0E397AA592E5AF3,4B351545DD58473F36B0A20E5500AC6ED51E8CD5,CB92FA4D7D71F134CE1F1FFF2BFF53E88DD4A1DB,0D97E4B39B1986B688E90BE1FD996E492F2552DB,2020-10-08 11:15:59.825000,2020-10-08 11:16:12.228000
yvrldwl67gtgq4e5,failed,not_found,3004,94890F37CE0CD5D020773CA7A0E397AA592E5AF3,4B483F57D9660EBF33FA3CCA670FFD1BBB0F315A,25370B6EB383700E46FCC6AD85274120D46F7F65,0D7C69551F9186DB589BDF00858314AC136A33DA,2020-10-08 11:16:12.229000,2020-10-08 11:16:26.728000
yvrldwl67gtgq4e5,,,,,,,996F98DDCDA5A303C0832AC8F842D8DD2842D3BF,2020-10-08 11:16:26.729000,
l2sscjdwy6diper2,failed,not_found,941,94890F37CE0CD5D020773CA7A0E397AA592E5AF3,813CA569316D7548AF02310BF3099F98D8A50488,638D91FC9EF661348A6994D04C3499BC03F50BBE,886647272B44A7B37751182ADC48053860FB2AE9,2020-10-08 11:15:51.469000,2020-10-08 11:15:53.977000
l2sscjdwy6diper2,failed,not_found,1183,94890F37CE0CD5D020773CA7A0E397AA592E5AF3,64E257D94E739278D5954CC820C9D7EAC4E7A7B7,76AD361FCE919199F4064A872B666A1FF19A1EA4,04D9CEA8D778ABA130B014F758C2BCADD31DA05E,2020-10-08 11:15:53.977000,2020-10-08 11:15:57.229000
l2sscjdwy6diper2,failed,not_found,1630,94890F37CE0CD5D020773CA7A0E397AA592E5AF3,B1E34EA2AC156AAAA0A1BE2E4F2A38A728891062,4E98AA295B7171996D18DD1F6A19F64AB4036B4A,04DFE047ACDF7A6620ACA782FAFC5EF1AE7F4754,2020-10-08 11:15:57.230000,2020-10-08 11:16:02.496000
l2sscjdwy6diper2,failed,not_found,2079,94890F37CE0CD5D020773CA7A0E397AA592E5AF3,A0EDBDA8F24757429DAC82891181D96870623C4E,3B3F451BD58F96DC0E8EB7D01F209FC8803C33DF,04C3468BE24740347CBCC00534C940DBCBCABC82,2020-10-08 11:16:02.496000,2020-10-08 11:16:09.292000
l2sscjdwy6diper2,failed,not_found,2790,94890F37CE0CD5D020773CA7A0E397AA592E5AF3,2784EB941DEBB8061039B1766A2623B026BACD1A,D14EC16949648CEE84EA1664445029EA4B597074,885CFB6921E6E7716BB64783348DDB06E17E5B5A,2020-10-08 11:16:09.293000,2020-10-08 11:16:22.222000
l2sscjdwy6diper2,,,,,,,8859E68A7C95BD5AB403F16DAD92681E184D3710,2020-10-08 11:16:22.223000,
avttalirwbbg2cn2,failed,not_found,942,94890F37CE0CD5D020773CA7A0E397AA592E5AF3,F6EF161A46B6F9B4FB53ABBEE2E932082C09D196,38DC78302D5CB107B6D5CCC02EE4D8773AA910DE,7D63D5D26F3764F93EBB737E7B94B0A77210521A,2020-10-08 11:15:51.470000,2020-10-08 11:15:54.117000
avttalirwbbg2cn2,failed,not_found,1425,94890F37CE0CD5D020773CA7A0E397AA592E5AF3,20E0DD3AD266195F4620E8334B4CF7F51A3F210D,438F3EA4C9FB0DB63F5377A3271AB5435FAD7E04,73DCA56424912F69F1478D6630DF27CFE8F41439,2020-10-08 11:15:54.117000,2020-10-08 11:15:59.250000
avttalirwbbg2cn2,failed,not_found,1766,94890F37CE0CD5D020773CA7A0E397AA592E5AF3,ADBDA412D33381A9F23368C91097550E2452A2EC,148487C6EBE04EB22496080C20796C51B060F611,73E0EAD7C2A9E9603C0DB7EE4743CCEF935EAC3D,2020-10-08 11:15:59.251000,2020-10-08 11:16:04.927000
avttalirwbbg2cn2,failed,not_found,2353,94890F37CE0CD5D020773CA7A0E397AA592E5AF3,AE3C3B7165B912E1AA5EC4F177CA8E4DA7C8EC18,8859E68A7C95BD5AB403F16DAD92681E184D3710,73CC65219889443C06E06A0B6D427B1FE1C37379,2020-10-08 11:16:04.927000,2020-10-08 11:16:15.400000
avttalirwbbg2cn2,,,,,,,7D41FED58481A0E594C642E74176C811778D91A6,2020-10-08 11:16:15.400000,
mnn6dpj4ujy3ky7b,failed,not_found,949,94890F37CE0CD5D020773CA7A0E397AA592E5AF3,13F1229C41B8A67F4AB949A3AFA5E6F39EF68BFC,57F1B5F9ADF8E0B089246E27626A52F30DC310F8,3EDD00245D93664A33A724BA377150E5531ED033,2020-10-08 11:15:51.533000,2020-10-08 11:15:53.911000
mnn6dpj4ujy3ky7b,failed,not_found,1175,94890F37CE0CD5D020773CA7A0E397AA592E5AF3,0F89912E6A4C4A8ACE43C58FF8B83CA299BFF74F,63CD37872814AD1623C239CB7A0CB9C4E3CEB923,3EEEB7021D974D38B6D97BEFB55E5E48551A8FEA,2020-10-08 11:15:53.911000,2020-10-08 11:15:56.717000
mnn6dpj4ujy3ky7b,failed,not_found,1566,94890F37CE0CD5D020773CA7A0E397AA592E5AF3,73CC65219889443C06E06A0B6D427B1FE1C37379,775B0FAFDE71AADC23FFC8782B7BEB1D5A92733E,3EE2A784ADB2F56E631F281F2688104A656E19C2,2020-10-08 11:15:56.717000,2020-10-08 11:16:01.944000
mnn6dpj4ujy3ky7b,failed,not_found,2030,94890F37CE0CD5D020773CA7A0E397AA592E5AF3,3B953203AF332D8FE1452E1CE7CB50A3B5297DB2,061E0496931D23A81A2B685C9339D36857DD0FA1,EE94030D02AF5A788C62EA56D483540C38460E10,2020-10-08 11:16:01.945000,2020-10-08 11:16:08.826000
mnn6dpj4ujy3ky7b,failed,not_found,2729,94890F37CE0CD5D020773CA7A0E397AA592E5AF3,6C333B5BDBA3DFE7A782E40CB970C271ABFED119,A79F94117D73D4AFA4BCE340A3CB6E345C817594,EE8134DD1697F6A700B450FC3910F636A8FCD07D,2020-10-08 11:16:08.828000,2020-10-08 11:16:22.164000
mnn6dpj4ujy3ky7b,,,,,,,EE859849E8D8EF083EEF2025555396A6C3552A8E,2020-10-08 11:16:22.165000,
rlj33akm2f6jhhnw,failed,not_found,1066,94890F37CE0CD5D020773CA7A0E397AA592E5AF3,4856C97DC4F2271BC896DF9CABD217EE2D869D68,C5340E5A64DF5B0270F1C1EEBFE3074C985F6A93,6E94866ED8CA098BACDFD36D4E8E2B459B8A734E,2020-10-08 11:15:52.372000,2020-10-08 11:15:55.988000
rlj33akm2f6jhhnw,failed,not_found,1417,94890F37CE0CD5D020773CA7A0E397AA592E5AF3,D5C01B85FB3A48D55698CA660A2DE8935388816E,6E4B0D429CD87AB6C25D72E298294C583FF8BA4A,6E8E5CA9B6F567416ADA21E990E7746BC223B0C0,2020-10-08 11:15:55.989000,2020-10-08 11:15:58.924000
rlj33akm2f6jhhnw,failed,not_found,1758,94890F37CE0CD5D020773CA7A0E397AA592E5AF3,58FC2AAB3792AC37897D34331F4F4E00341DEC0C,22775B953E662151549C114CB8EE5FBDBCBDAD02,6E9642DDB353D044931029C036D1CAD832F3DFD7,2020-10-08 11:15:58.925000,2020-10-08 11:16:04.767000
rlj33akm2f6jhhnw,,,,,,,0FBB3C61AB6D93E10ABDE69EB8CCC60518A8BF3A,2020-10-08 11:16:04.768000,
gdap5fjtbs235dxx,failed,not_found,1074,94890F37CE0CD5D020773CA7A0E397AA592E5AF3,BF37445EA2A9F3D04F4B87DFAC624AEF21B559D5,71B9A25F48E53A5C2C85DDCB5C193B4F4D5D19C6,D6670FB54B21818CE7C13524AA003258B8E35D38,2020-10-08 11:15:52.373000,2020-10-08 11:15:56.448000
gdap5fjtbs235dxx,failed,not_found,1502,94890F37CE0CD5D020773CA7A0E397AA592E5AF3,EAA088440B100FF8407266B5D4853FFB16A8CB67,ECB71AE4B08EAB517B9E16D28689974342EEFABB,CACD9D63B759B35555D8C965A3E01071E9DFB44C,2020-10-08 11:15:56.449000,2020-10-08 11:16:00.738000
gdap5fjtbs235dxx,failed,not_found,1942,94890F37CE0CD5D020773CA7A0E397AA592E5AF3,C8A95933320878FCAAACB331915E926BAF78A259,706A7674A217BA905FE677E82236B7B968A23DB7,CAF57EB30FD17389954C9F2B43026734F80E39C0,2020-10-08 11:16:00.739000,2020-10-08 11:16:07.826000
gdap5fjtbs235dxx,failed,not_found,2608,94890F37CE0CD5D020773CA7A0E397AA592E5AF3,5EEE4C799C55FC8BBDB8EB5E65A48C60C8F15640,E130296683B896A117CE5DA531A5645644178734,D69660417D1BEEC6E9ED2CDCEABC4872BC111ADE,2020-10-08 11:16:07.826000,2020-10-08 11:16:20.001000
gdap5fjtbs235dxx,,,,,,,CAFC3C7E9C1BDBEA98D52E01F10D596A09222C1E,2020-10-08 11:16:20.001000,
4yycnqbskxxaszbe,failed,not_found,1452,94890F37CE0CD5D020773CA7A0E397AA592E5AF3,C1A792D0F70DFEFDCE0D9C70A9CE5ACA095693CA,C013F6A7A2297FA4CD00D05EF4A1C5222B844B25,E1BAB4F5B0E9D7891DCD9790C8F186D81728348F,2020-10-08 11:15:52.373000,2020-10-08 11:15:59.604000
4yycnqbskxxaszbe,failed,not_found,1815,94890F37CE0CD5D020773CA7A0E397AA592E5AF3,7158836DCC91AAA4FAA293FFF0F645DCD0D4EFF9,D079D6818926684C5979C18171FB18862A4A5792,CEC92F3BE8A2F3A46D3C042721D6BDBF2F40F4C5,2020-10-08 11:15:59.605000,2020-10-08 11:16:07.653000
4yycnqbskxxaszbe,failed,not_found,2586,94890F37CE0CD5D020773CA7A0E397AA592E5AF3,81E18725397D620DA548ABBE24D9CD263DEF2FDC,4D52A12D9AD22A7E1BE5B564953A7CA9C31DA675,E1B54925C59ECE813269B9A3309B7A5EB57E9B98,2020-10-08 11:16:07.654000,2020-10-08 11:16:19.019000
4yycnqbskxxaszbe,,,,,,,CEACA34874EAD103D27CA6A7650B16112F12B209,2020-10-08 11:16:19.019000,
2hr3n646rchqxo3p,failed,not_found,1099,94890F37CE0CD5D020773CA7A0E397AA592E5AF3,324E2F56E04C2329598EAC512C3455AD45CE4A8C,4825FABA5D4A44E6DFC307544EF15F15FB37FA49,EC80EECFCD599612C9A74678C8001146450141E8,2020-10-08 11:15:53.641000,2020-10-08 11:15:56.146000
2hr3n646rchqxo3p,failed,not_found,1486,94890F37CE0CD5D020773CA7A0E397AA592E5AF3,B204DE75B37064EF6A4C6BAF955C5724578D0B32,CB81BCFD44FC142616BB5983648BD8AF01930789,EC7DF86078FCD97796087E8A8D37131E74A37CBF,2020-10-08 11:15:56.146000,2020-10-08 11:16:04.168000
2hr3n646rchqxo3p,failed,not_found,2208,94890F37CE0CD5D020773CA7A0E397AA592E5AF3,8D89D606CC7057124916A6616C4C1936ABEE9E88,5A8DE0AF6D319C1F1D4E541A3176AC9D70AC35A0,97B7BA747B62A9962DEDCE404FF33106D4032F91,2020-10-08 11:16:04.168000,2020-10-08 11:16:12.071000
2hr3n646rchqxo3p,failed,not_found,2968,94890F37CE0CD5D020773CA7A0E397AA592E5AF3,4B351545DD58473F36B0A20E5500AC6ED51E8CD5,05FEA2DB1FD29DE229B589DFEF5E80A5C6C7EE9E,97AEE1EEFBCBB6FF8FA482029830E8E10A961883,2020-10-08 11:16:12.071000,2020-10-08 11:16:26.334000
2hr3n646rchqxo3p,,,,,,,EC9C4CDB403204731122C9D3FA44DFAE667DC82D,2020-10-08 11:16:26.335000,
u3z6lz6keycdr5gy,failed,not_found,1112,94890F37CE0CD5D020773CA7A0E397AA592E5AF3,3E53D3979DB07EFD736661C934A1DED14127B684,0FEEDF419BE897E746EF7A204997C495FC815E42,27EE4854D03F81FAEA3884A44303BE00DEEEE555,2020-10-08 11:15:53.642000,2020-10-08 11:15:56.552000
u3z6lz6keycdr5gy,failed,not_found,1453,94890F37CE0CD5D020773CA7A0E397AA592E5AF3,0C3D5E19E3C75B505C8ACD26F89DCA2DF970553E,97B7BA747B62A9962DEDCE404FF33106D4032F91,ED325E5B2BBB2785D8DF5FC98BED9CB207A15B45,2020-10-08 11:15:56.552000,2020-10-08 11:15:59.816000
u3z6lz6keycdr5gy,failed,not_found,1847,94890F37CE0CD5D020773CA7A0E397AA592E5AF3,9A48EC8AAFB2E8C9E20408596383DB74F1196747,4AEC612F43A0402A55F8F196F3593CA04B0003E8,27D668BFB3839D8C6E36193FFC3DF4DD6D79B513,2020-10-08 11:15:59.816000,2020-10-08 11:16:05.860000
u3z6lz6keycdr5gy,failed,not_found,2473,94890F37CE0CD5D020773CA7A0E397AA592E5AF3,25DE8C9AE0706FB20C0AFEE4D0B75E72C97F72AE,2BAF092E8667C00CA3D9686C76D8EC3CC6BC7C5B,ED36124515F71E2E2401D70D9EFC3CAEB08D611B,2020-10-08 11:16:05.861000,2020-10-08 11:16:18.103000
u3z6lz6keycdr5gy,,,,,,,ED0BBC5BDDEB3EEF837B7F13BD8BB6AC64D084BB,2020-10-08 11:16:18.104000,
dxx7q3a3opht6nxk,failed,not_found,1136,94890F37CE0CD5D020773CA7A0E397AA592E5AF3,B085FE1700622B72188150C54D066F382359700E,D952BAC96C3FCFB37B7EFF49E615582CD63FF62E,A78E86015376B3F2507E2E6602FDFD278F2871B3,2020-10-08 11:15:53.656000,2020-10-08 11:15:56.923000
dxx7q3a3opht6nxk,failed,not_found,1598,94890F37CE0CD5D020773CA7A0E397AA592E5AF3,7DAC367AF33DBEFEDC684789490E213FD348BE36,8FF57DF4E1D406386E2AED429CA6837024EE3587,A799FDF5FF13D1F655D153A6BA869ECD43F5D70B,2020-10-08 11:15:56.924000,2020-10-08 11:16:02.412000
dxx7q3a3opht6nxk,failed,not_found,2055,94890F37CE0CD5D020773CA7A0E397AA592E5AF3,B8805CBDBE91A5E68D268FC62DC617B5BD7CC9E7,022A5535F42B1A9F9AA755C4EAB5F36FEF9781D8,AF2E60DEEA9971F6956A46CE0B6BC94EF558240E,2020-10-08 11:16:02.413000,2020-10-08 11:16:09.028000
dxx7q3a3opht6nxk,failed,not_found,2753,94890F37CE0CD5D020773CA7A0E397AA592E5AF3,98F0DC374AB8156BD12A03E25DEBCCD5DB85A1C4,9FA37B0A7C6C3651D8E27EB3A5B07C4B7C72234B,A76AEE2C3A724CC1CD05E1B06C948AC2512F4F33,2020-10-08 11:16:09.029000,2020-10-08 11:16:22.360000
dxx7q3a3opht6nxk,,,,,,,AF4997738E0CFC014CD04FB09A670D2C5F1E79A4,2020-10-08 11:16:22.361000,
e25oq4i5yniqjjls,failed,not_found,1461,94890F37CE0CD5D020773CA7A0E397AA592E5AF3,5856DB884578915E7C7A0B7B11E4145B1D2A4E2B,8F0EF738A9B1D9D6F73196551CF7CEBF797D4BE3,53412DCC555335B400DB72750ED0BE08D034D779,2020-10-08 11:15:54.386000,2020-10-08 11:16:00.083000
e25oq4i5yniqjjls,failed,not_found,1895,94890F37CE0CD5D020773CA7A0E397AA592E5AF3,8DC832ABDC9C97B8B71F74AB041D3CB3FA9578AA,B86137AE9681701901C6720E55C16805B46BD8E3,5333C98E703385743AE931ECC929C5E4B32A0CD0,2020-10-08 11:16:00.084000,2020-10-08 11:16:07.657000
e25oq4i5yniqjjls,failed,not_found,2597,94890F37CE0CD5D020773CA7A0E397AA592E5AF3,A23A7219B1EA9D583E66DFF26D62573DE64A9C29,F35D115BDD5987D301BE0FD27DAB05F5F4B2ABAE,531E8E83593968B61F60B122D6D15D09B16FC9FC,2020-10-08 11:16:07.658000,2020-10-08 11:16:20.105000
e25oq4i5yniqjjls,,,,,,,6DFEB41C04CCE846871338E85DD5ACF5CFB6C1DD,2020-10-08 11:16:20.107000,
zben3udrsmquff2f,failed,not_found,1462,94890F37CE0CD5D020773CA7A0E397AA592E5AF3,B74DABBE248B935CDC1038CD5C9280878C8C94E7,83B4EEC06A237A43F6E64D4457B930E1B02D48DB,81132BCB0E58141820EE03BCC5CB39CDC06AE7EA,2020-10-08 11:15:54.387000,2020-10-08 11:15:59.833000
zben3udrsmquff2f,failed,not_found,1863,94890F37CE0CD5D020773CA7A0E397AA592E5AF3,6206ABDDC29EC1D9388223580EB4B0BC81576609,E0EFD66FE7C11EAADF43965AD5D53CB466753E93,29A39144AD141242436D07901F7A8B91F7516A66,2020-10-08 11:15:59.833000,2020-10-08 11:16:05.928000
zben3udrsmquff2f,failed,not_found,2484,94890F37CE0CD5D020773CA7A0E397AA592E5AF3,98E793DE91D00D3BA38286D23A45133B24B799CF,25DE8C9AE0706FB20C0AFEE4D0B75E72C97F72AE,8101421BEFCCF4C271D5483C5AABCAAD245BBB9D,2020-10-08 11:16:05.928000,2020-10-08 11:16:20.344000
zben3udrsmquff2f,,,,,,,8111FEB45EF2950EB8F84BFD8FF070AB07AEE9DD,2020-10-08 11:16:20.344000,
dawbus4xwobrde2l,failed,not_found,1471,94890F37CE0CD5D020773CA7A0E397AA592E5AF3,EA79FFE95F5779A34E9FB14CE934A76B22FE6ACE,C1BB67D3FBED68D4BAD400D1A49C5B79ECE3965E,199937E2431394D8FE1219535763ED45DEEC6F9B,2020-10-08 11:15:54.390000,2020-10-08 11:15:59.943000
dawbus4xwobrde2l,failed,not_found,1711,94890F37CE0CD5D020773CA7A0E397AA592E5AF3,208F39CCF602D9549E57D6A386259C1129B8D244,5AE12CAAA489A0739F56E79CC287526FAB55A6FB,19D353B8AA0927DF82CB26E0396C57BE27C0ACC5,2020-10-08 11:15:59.943000,2020-10-08 11:16:04.482000
dawbus4xwobrde2l,,,,,,,088A6237EED87EDEB0E1E3AD0A4A419F963F0787,2020-10-08 11:16:04.482000,
e2n352asu2g6jne7,failed,not_found,1376,94890F37CE0CD5D020773CA7A0E397AA592E5AF3,1F4105C688E835A56AF3D66C787677B57240FFA2,24D0491A2ADAAB52C17625FBC926D84477AEA322,A14D96E6C4C3A5AF3D7E57AC0A85AE82BDFB0F4B,2020-10-08 11:15:55.498000,2020-10-08 11:15:58.888000
e2n352asu2g6jne7,failed,not_found,1631,94890F37CE0CD5D020773CA7A0E397AA592E5AF3,49CA9262801E9DC9B414A143A58A68255149367A,4CE6D83FFA8AD24767007E8C972F371F2468F09A,A14993020CC672AE519B1F1C9679CE0982C9733F,2020-10-08 11:15:58.889000,2020-10-08 11:16:02.616000
e2n352asu2g6jne7,failed,not_found,2306,94890F37CE0CD5D020773CA7A0E397AA592E5AF3,7F302F0AACC76835768AF068849CA07D1CC38C5E,0FE31E8B143BCA123905993356D1DE49C715E455,AECF23413E12738380C7B61E0AF5126D47DF30E3,2020-10-08 11:16:02.616000,2020-10-08 11:16:12.680000
e2n352asu2g6jne7,,,,,,,AECBAD3537B7E5D2BF2967B627D23E36283B3D2A,2020-10-08 11:16:12.681000,
pq7bhewb73n3ccic,failed,not_found,1393,94890F37CE0CD5D020773CA7A0E397AA592E5AF3,855D23C80D1A2C5DCA44EB6BD3D57BE8F88E4F02,741BD468A18B922A75639FDA6ABE369C080B8B87,3FF0DD5AC13713D319E09C40E93E0D26717B851D,2020-10-08 11:15:55.499000,2020-10-08 11:16:00.377000
pq7bhewb73n3ccic,failed,not_found,1903,94890F37CE0CD5D020773CA7A0E397AA592E5AF3,54A35E582F9E178542ECCFA48DBE14F401729969,EA43347E0DA7CEDD595029B511066628C7C8A653,40108FDFA40EDB013F7291F3B4DA3D412ED3A5EF,2020-10-08 11:16:00.378000,2020-10-08 11:16:08.494000
pq7bhewb73n3ccic,failed,not_found,2674,94890F37CE0CD5D020773CA7A0E397AA592E5AF3,1C7D71A2581DE79C5CFC4ED1FF75D5BE30F01BB7,D405FCCF06ADEDF898DF2F29C9348DCB623031BA,3FFDFB5A9A278C7C303745606DB5B68FC5B9FADF,2020-10-08 11:16:08.495000,2020-10-08 11:16:22.226000
pq7bhewb73n3ccic,,,,,,,C6E184C0983C68B7E8BFC6215E7289E09E97AA0E,2020-10-08 11:16:22.227000,
ihyxmbfo6bothniq,failed,not_found,1401,94890F37CE0CD5D020773CA7A0E397AA592E5AF3,090885B97A4459B7B7B03B67029DE4CA6C3516FE,225A8EA367DF3073433E0A845DDDA26D2357E4C6,0D7C69551F9186DB589BDF00858314AC136A33DA,2020-10-08 11:15:55.572000,2020-10-08 11:15:58.633000
ihyxmbfo6bothniq,failed,not_found,1743,94890F37CE0CD5D020773CA7A0E397AA592E5AF3,D2F2C32E8CF389FBE510067709CFCD1F2D99902D,17CF5B659F2FB7433573F6FD61E3E2228CB3448D,2B377FBBCDFD4A97971150C6053B99E01D4DACCB,2020-10-08 11:15:58.633000,2020-10-08 11:16:04.880000
ihyxmbfo6bothniq,failed,not_found,2298,94890F37CE0CD5D020773CA7A0E397AA592E5AF3,42B4F52C5B11E4D39855F654955425B0D5A0598B,A6C7821BE00C9A951181296EE12EB5AD8B7CFA17,2B31FB827D4CEA734B9F78C16137CFD6F8AEBB7B,2020-10-08 11:16:04.881000,2020-10-08 11:16:12.425000
ihyxmbfo6bothniq,failed,not_found,3101,94890F37CE0CD5D020773CA7A0E397AA592E5AF3,0E2EEC125A6AC8D5EBF5DB36B776A3DA5510E7A0,573051CAA3EEEE2B75EBD096BB1F70D3FDAC5F3A,0D8877392F2FF5AD8D8E5BC438087F02EF97B904,2020-10-08 11:16:12.425000,2020-10-08 11:16:28.937000
ihyxmbfo6bothniq,,,,,,,2B34099ED2BC598C4745C96C873FD73A445646BD,2020-10-08 11:16:28.937000,
uklrysibs6lzhau2,failed,not_found,2246,94890F37CE0CD5D020773CA7A0E397AA592E5AF3,2BCF1BFCB71473B78D44BCD18C8538F406DE30CD,A0B05E1D852D874EFAF3603C83246E00AD65AF20,488E663B4A88C12E6DE6C12F7A6053F09BF7A61A,2020-10-08 11:15:56.448000,2020-10-08 11:16:11.792000
uklrysibs6lzhau2,failed,not_found,2920,94890F37CE0CD5D020773CA7A0E397AA592E5AF3,8A5E7C2D09835974B4D58252BAD51FD8AD54F9CE,ECB71AE4B08EAB517B9E16D28689974342EEFABB,489606DA64FD4B68A76C49386298695E6C30B5E2,2020-10-08 11:16:11.793000,2020-10-08 11:16:25.052000
uklrysibs6lzhau2,,,,,,,29A39144AD141242436D07901F7A8B91F7516A66,2020-10-08 11:16:25.053000,
rzg3wfuc2rn2vdrt,failed,not_found,1510,94890F37CE0CD5D020773CA7A0E397AA592E5AF3,9C7FD5461AE339DAD8A39316ECCD0178C6541D26,998B4B42B96F00E3B068B494D050650BC7AD029B,E79A58AF0DB93B90F97B48963CC4729E4CFA43C5,2020-10-08 11:15:56.535000,2020-10-08 11:16:02.788000
rzg3wfuc2rn2vdrt,failed,not_found,2159,94890F37CE0CD5D020773CA7A0E397AA592E5AF3,F7CF05913E1B573D770185CABF7301AEFFD2A939,5FB384605F53DCBF1CB02143D318DA3E8EE38A24,E7EF73B4722CFAF0E8AA2151D3AA78701DE5F19B,2020-10-08 11:16:02.789000,2020-10-08 11:16:12.323000
rzg3wfuc2rn2vdrt,failed,not_found,3077,94890F37CE0CD5D020773CA7A0E397AA592E5AF3,D2F2C32E8CF389FBE510067709CFCD1F2D99902D,E384748293FC4429E2B427360DB4F9D4C3D619D1,43DDEF0543EC11B7623305908E0BB48E3733F08A,2020-10-08 11:16:12.323000,2020-10-08 11:16:27.887000
rzg3wfuc2rn2vdrt,,,,,,,E798A2EE9F24080ADEBF6879FF47317BED46A006,2020-10-08 11:16:27.887000,
5bpbwo25uw6dr65b,failed,not_found,1518,94890F37CE0CD5D020773CA7A0E397AA592E5AF3,769A297017BB5E92A9A5A3D76725CA12D694AA30,50E43E33EBAB7EB9EAB6B352F3685229DAB25A84,6530C1F5E453CC08EBB1A1D4B5836C921060473B,2020-10-08 11:15:56.537000,2020-10-08 11:16:00.907000
5bpbwo25uw6dr65b,failed,not_found,3346,94890F37CE0CD5D020773CA7A0E397AA592E5AF3,594193E51F382E34080D76B5ECAF5C7B67CF05EF,D6BC16A4ACACA87B81AE00BC28F8AF2DB95E74F7,B1F09810C4F7B9D30F483DCE389180335D40968C,2020-10-08 11:16:00.908000,2020-10-08 11:16:32.447000
5bpbwo25uw6dr65b,,,,,,,B1E43B11A955CBA31F5261A22CBFCE204C95D5DE,2020-10-08 11:16:32.447000,
e5k2yw3nqqx7eo45,failed,not_found,1639,94890F37CE0CD5D020773CA7A0E397AA592E5AF3,8DD0956457CF75A49E79F8E434E2DC898182DE79,59BC32EA48ED1D06A373856434C0C5C4D2D86603,C4FD2403CC929297B559A49E582516944F75C6A9,2020-10-08 11:15:57.246000,2020-10-08 11:16:02.754000
e5k2yw3nqqx7eo45,failed,not_found,2031,94890F37CE0CD5D020773CA7A0E397AA592E5AF3,9FA37B0A7C6C3651D8E27EB3A5B07C4B7C72234B,12C4939FD0B11F864612FBB46E5A1F8576987DEB,C51701910DEA998F4F51287A71B7E94449A3E9BC,2020-10-08 11:16:02.755000,2020-10-08 11:16:09.001000
e5k2yw3nqqx7eo45,failed,not_found,2741,94890F37CE0CD5D020773CA7A0E397AA592E5AF3,A395942C2B86F0C497D04A156806FBD3024D22CF,D079D6818926684C5979C18171FB18862A4A5792,C50ED548D22C1908E58AA194AD3DC966FD267E06,2020-10-08 11:16:09.002000,2020-10-08 11:16:22.854000
e5k2yw3nqqx7eo45,,,,,,,5F0BFF8BF2C7528E41DB149245F4736C75CC7779,2020-10-08 11:16:22.856000,
tw3zbc2q3prtomhm,failed,not_found,1647,94890F37CE0CD5D020773CA7A0E397AA592E5AF3,6206ABDDC29EC1D9388223580EB4B0BC81576609,61991104B5D0F460BFA5E1C0E5E8769B11C0F8A4,719FD0FA327F3CCBCDA0D4EA74C15EA110338942,2020-10-08 11:15:57.331000,2020-10-08 11:16:02.718000
tw3zbc2q3prtomhm,failed,not_found,2316,94890F37CE0CD5D020773CA7A0E397AA592E5AF3,FD449127D30D8F5D124653D9EF736EDF4A12B4DC,AD0FCFD83EA4899DB34735E599701592DEA13690,719E0BA572DE9CA95C6663BFF44297305C5293EC,2020-10-08 11:16:02.719000,2020-10-08 11:16:12.643000
tw3zbc2q3prtomhm,,,,,,,71AB4726D830FAE776D74AEF790CF04D8E0151B4,2020-10-08 11:16:12.650000,
lw4jjipqshffw5ba,failed,not_found,1655,94890F37CE0CD5D020773CA7A0E397AA592E5AF3,D3B72ADA2F3EEDA2BA98F645D620CA1C4060AAF4,FE1AF5E909002134BFF834F4AD5E1DE723779002,5E16EF9247D192830EF696B554B5C633188FFE27,2020-10-08 11:15:57.372000,2020-10-08 11:16:02.735000
lw4jjipqshffw5ba,failed,not_found,2317,94890F37CE0CD5D020773CA7A0E397AA592E5AF3,9CDBC7A3F90350E643EF3B796E9435EEFB7AB492,440805AC6E608880BF7ABFC71294AB8D11E12F67,5E1207FC5BE02728D9D0B540384EB081B53987E6,2020-10-08 11:16:02.736000,2020-10-08 11:16:15.117000
lw4jjipqshffw5ba,,,,,,,94890F37CE0CD5D020773CA7A0E397AA592E5AF3,2020-10-08 11:16:15.118000,
ofrcyykqesxbdhul,failed,not_found,1671,94890F37CE0CD5D020773CA7A0E397AA592E5AF3,0B19BBFDC498CCEA23027B1D7BD8E20121B95E60,13F7EAE731CA4600951986921E08ECAB9B1D2AF6,FDCFEA18CC64461455DE5EA3FC31834C6B42FEC7,2020-10-08 11:15:58.211000,2020-10-08 11:16:02.701000
ofrcyykqesxbdhul,failed,not_found,2307,94890F37CE0CD5D020773CA7A0E397AA592E5AF3,D54247E35545388D9C42E4716EDC59F67907789F,CACD9D63B759B35555D8C965A3E01071E9DFB44C,FDBF608F9A2ECD0C600CAF96398A7D5B08D46CA9,2020-10-08 11:16:02.701000,2020-10-08 11:16:12.226000
ofrcyykqesxbdhul,failed,not_found,2992,94890F37CE0CD5D020773CA7A0E397AA592E5AF3,76D2EBA82BBCCA3DF9F254A9A8372A10A26F3D14,D8C80A5F43C650C98640A5C2E1590949CC96A47B,FDCCAF8E5F3F8D33B633238CFCB7113FB9B7AA78,2020-10-08 11:16:12.227000,2020-10-08 11:16:27.040000
ofrcyykqesxbdhul,,,,,,,E86D858F2AAF9DE2A2B952A0BF864B7F35EDC8A3,2020-10-08 11:16:27.041000,
2owwlwelpczzg2hs,failed,not_found,1679,94890F37CE0CD5D020773CA7A0E397AA592E5AF3,1DC17C4A52A458B5C8B1E79157F8665696210E10,EDFD5FFE9D97ADC0BAFE30A3BD8454F36FFDEF69,D9B91878B46BB80E6D752E876BF9D481EFEAC5BF,2020-10-08 11:15:58.322000,2020-10-08 11:16:02.893000
2owwlwelpczzg2hs,failed,not_found,2333,94890F37CE0CD5D020773CA7A0E397AA592E5AF3,EA3616A0B9BBBDC74121D8D6F01EABDDCF6BE35D,2CD5474E33D12629156B92FBD61FAAB22D07B0F7,D9D6C35E932FEF7100A00C99C199356E82DAB7E6,2020-10-08 11:16:02.894000,2020-10-08 11:16:13.717000
2owwlwelpczzg2hs,,,,,,,D983EC97264C0FB1C979C84ACD91C70273C41272,2020-10-08 11:16:13.717000,
xx2oys6hptd7mnw7,failed,not_found,1535,94890F37CE0CD5D020773CA7A0E397AA592E5AF3,CC2179A97D4EC55BFA56B27F2300C53162CEBB6E,D5607ADD1FDDB657482E23F09AB173310C802590,A2CBEC70217814A9DFB21069F8510BE418ABB094,2020-10-08 11:15:58.323000,2020-10-08 11:16:00.912000
xx2oys6hptd7mnw7,failed,not_found,1959,94890F37CE0CD5D020773CA7A0E397AA592E5AF3,D002C061F56CB6FE6FF7A27747EC2A7369ABBA9A,99D5C9A5A7238986D1EA1D7771CF81B4A192C4D0,DD08F4F385A97501EE532F51D8126E3BF4DCC382,2020-10-08 11:16:00.912000,2020-10-08 11:16:08.309000
xx2oys6hptd7mnw7,failed,not_found,2630,94890F37CE0CD5D020773CA7A0E397AA592E5AF3,F37997F89070869A34C456A2F54577A3276AACB2,7A40EB52CBF22B3C1704AA7015AC46CB3DF91219,A2C3CB1520C75BEDB21244FD1DF1C371C26E959E,2020-10-08 11:16:08.309000,2020-10-08 11:16:21.363000
xx2oys6hptd7mnw7,,,,,,,A2BA8791AA2A27DCB5B0C5B51E8CCF2337A5C1E2,2020-10-08 11:16:21.364000,
lxfnz3abgpam3h5e,failed,not_found,1774,94890F37CE0CD5D020773CA7A0E397AA592E5AF3,CA4E9DFE87DE87E502F3B503D07EC8EFCAEE2549,2CE96A8A1DA032664C90F574AFFBECE18A6E8DFC,8D79F73DCD91FC4F5017422FAC70074D6DB8DD81,2020-10-08 11:15:59.270000,2020-10-08 11:16:05.013000
lxfnz3abgpam3h5e,failed,not_found,2308,94890F37CE0CD5D020773CA7A0E397AA592E5AF3,6C94F282709D385C94087D5F6FB6D8F6648EE3D1,27357053F65BAE3274DBE78E1353E15FCB9E002E,8D599159A555665F199DD0F9E81277417C8D3973,2020-10-08 11:16:05.013000,2020-10-08 11:16:12.516000
lxfnz3abgpam3h5e,failed,not_found,3126,94890F37CE0CD5D020773CA7A0E397AA592E5AF3,023FA15FC7D9B21171B678E33554E271E7B14611,FA676D742D3A439157BAA0DD1CB3C54967041043,4DB0490A0420809A8149E778BBAC8F1E9349D9EC,2020-10-08 11:16:12.516000,2020-10-08 11:16:28.681000
lxfnz3abgpam3h5e,,,,,,,8D62C3DC2AADE43324329A5F5FFD97710234DD0B,2020-10-08 11:16:28.681000,
rhidoryewmisxmfe,failed,not_found,1782,94890F37CE0CD5D020773CA7A0E397AA592E5AF3,F0EF52BEE400B27430DCA9D144FA0C3DE0099FEC,098B3457ABA31AD65A3AF47F61B623E35B3FAB2D,D503FBB19BE69F63D7ACAA9B67CAA2AC7B448B11,2020-10-08 11:15:59.290000,2020-10-08 11:16:05.543000
rhidoryewmisxmfe,failed,not_found,2453,94890F37CE0CD5D020773CA7A0E397AA592E5AF3,CC701FCE86D6AF95FC3D5B71645D3430794910C1,A6C983C2F7EEADD55CE9169E540EBD95423FC260,8FD3BAF5E14EBE1124D6253D59882AFE1C2B9B8E,2020-10-08 11:16:05.543000,2020-10-08 11:16:16.493000
rhidoryewmisxmfe,,,,,,,D5039E1EBFD96D9A3F9846BF99EC9F75EDDE902A,2020-10-08 11:16:16.494000,
gaugvrimxowcy67n,failed,not_found,1790,94890F37CE0CD5D020773CA7A0E397AA592E5AF3,52A022F16D8CDBF019E132F1538A1798F167973A,0122A605B7C170D6086143448273D9A9844B69E2,13D13C0ECB5DE7D9B047E21F674505C90C1E0088,2020-10-08 11:15:59.292000,2020-10-08 11:16:05.477000
gaugvrimxowcy67n,failed,not_found,2433,94890F37CE0CD5D020773CA7A0E397AA592E5AF3,5F9141428BF5EAE485F0E2F7912DEDED4F4D17A7,37BB3233098BF9B9095C27834E65A2E17FF807F8,13E07E74D492BAC41B6C83DF66CD6022C576C4CF,2020-10-08 11:16:05.478000,2020-10-08 11:16:17.729000
gaugvrimxowcy67n,,,,,,,13EE0E14C6A2751633138277C1443A4C37DD55D4,2020-10-08 11:16:17.732000,
yxathwnqfqipalcm,failed,not_found,1807,94890F37CE0CD5D020773CA7A0E397AA592E5AF3,2CF2DFBA221B77E96E9FE69725AE82F4E101BE4A,07F34659F837E1EFCB129B41104D3F4F65F39CFA,04DFE047ACDF7A6620ACA782FAFC5EF1AE7F4754,2020-10-08 11:16:00.401000,2020-10-08 11:16:05.326000
yxathwnqfqipalcm,failed,not_found,2393,94890F37CE0CD5D020773CA7A0E397AA592E5AF3,987DA228984796145168ADF84F267F76D445D89D,63540827C4832D214984EA47B7A68C593F9F862F,C239952D0C8E4EABC3E6B0A8E0B623689174E3C6,2020-10-08 11:16:05.327000,2020-10-08 11:16:15.746000
yxathwnqfqipalcm,failed,not_found,3332,94890F37CE0CD5D020773CA7A0E397AA592E5AF3,D8EA105E79803FB0040A8C2A676D93DAEA2CFFF0,EC9C4CDB403204731122C9D3FA44DFAE667DC82D,C2481FAAA5508F6C2A64873972281220E9778476,2020-10-08 11:16:15.747000,2020-10-08 11:16:33.311000
yxathwnqfqipalcm,,,,,,,C24F22D429D16767E8923DF877BA68810A983937,2020-10-08 11:16:33.312000,
hsiw3apvdnjuugen,failed,not_found,1918,94890F37CE0CD5D020773CA7A0E397AA592E5AF3,E3F98C86C9E01138DD8EA06B1E660A0CDB4B2782,213F2B4AB09EE6FF8CA21B804B2E1BD8835088D3,910842202572BBB890692971614758AD9F3FEBD7,2020-10-08 11:16:00.402000,2020-10-08 11:16:07.519000
hsiw3apvdnjuugen,failed,not_found,2544,94890F37CE0CD5D020773CA7A0E397AA592E5AF3,AC00AEBA1AE2A80CF4184C4362157BF91487B902,562434D987CF49D45649B76ADCA993BEA8F78471,2C6C970E027A99EFF3E6977CD1BCDD9586E0BFB3,2020-10-08 11:16:07.520000,2020-10-08 11:16:17.802000
hsiw3apvdnjuugen,,,,,,,90FD830C357A5109AB3C505287713F1AC811174C,2020-10-08 11:16:17.802000,
vup4xbz2mit2jzab,failed,not_found,1926,94890F37CE0CD5D020773CA7A0E397AA592E5AF3,A8F83F4A96BA838870174C812EEB4BF1A54B980A,73CC65219889443C06E06A0B6D427B1FE1C37379,BD9E37F7FD8773AD0C07B22394F179288DC5E2CC,2020-10-08 11:16:00.415000,2020-10-08 11:16:08.560000
vup4xbz2mit2jzab,failed,not_found,2555,94890F37CE0CD5D020773CA7A0E397AA592E5AF3,DB5A100152FB7937F02F00B5DDFFFD012789C242,F94CCEA0042765AA7EE66BEA5B39C9E03E286EA2,BD839A8E18E97E084430D9342B94B5676F81A373,2020-10-08 11:16:08.564000,2020-10-08 11:16:17.878000
vup4xbz2mit2jzab,,,,,,,6315278A91710062D90B288199EFA06E4AAA9E8F,2020-10-08 11:16:17.879000,
ucwoemto7w2zpvnm,failed,not_found,2006,94890F37CE0CD5D020773CA7A0E397AA592E5AF3,A99B0D9E5FD5BC3C8F2D006EC91F8C7F40E09CB8,7E8BC43AE75EAE16D7EC4676F4A5C355F454B809,616081EC829593AF4232550DE6FFAA1D75B37A90,2020-10-08 11:16:01.630000,2020-10-08 11:16:08.511000
ucwoemto7w2zpvnm,failed,not_found,2685,94890F37CE0CD5D020773CA7A0E397AA592E5AF3,59EA74708A9C1A24D2EB1A2F150C27119A5FC2A6,41CEB66108B70108F148BF7778260A87723AACA1,D31126E12AADE87EBE1BBA825B67CB203D7B4D8C,2020-10-08 11:16:08.511000,2020-10-08 11:16:20.945000
ucwoemto7w2zpvnm,,,,,,,619349D82424C601CAEB94161A4CF778993DAEE7,2020-10-08 11:16:20.946000,
7okmif2cpxt5ca6s,,,,,,,2D317788EE8EBD11BE698EC58AB871DC6E0FC297,2020-10-08 11:16:01.634000,
hvq5x437hxp6avad,failed,not_found,2022,94890F37CE0CD5D020773CA7A0E397AA592E5AF3,4CE6D83FFA8AD24767007E8C972F371F2468F09A,CE83524360DE9A55FBDE87DEACBE9F2ABF208E1A,A466DC1C546053060940AB279F1EA967167ECACB,2020-10-08 11:16:01.636000,2020-10-08 11:16:08.935000
hvq5x437hxp6avad,,,,,,,A4771CB90024F1870D622960519945A3E49B40FE,2020-10-08 11:16:08.935000,
ajsfn4aq7gizgiut,failed,not_found,2047,94890F37CE0CD5D020773CA7A0E397AA592E5AF3,3239007CE1FB2ECDFDF2067DF23B949295DC5EF6,6E4B0D429CD87AB6C25D72E298294C583FF8BA4A,92BBADCB0697F5EB1792C607EE2DC1C291A98ADC,2020-10-08 11:16:02.294000,2020-10-08 11:16:08.568000
ajsfn4aq7gizgiut,failed,not_found,2707,94890F37CE0CD5D020773CA7A0E397AA592E5AF3,9AB93B5422149E5DFF4BE6A3814E2F6D9648DB6A,3CBC541F2A763ADD7BF742919229251E2C065E4E,92BE02DD3B76061222898FA81268C074046846E9,2020-10-08 11:16:08.579000,2020-10-08 11:16:21.891000
ajsfn4aq7gizgiut,,,,,,,5820D7E2CC290462233845BA807D616494CF0D7D,2020-10-08 11:16:21.891000,
rdlxcopgdlui53nu,failed,not_found,2063,94890F37CE0CD5D020773CA7A0E397AA592E5AF3,F94A7BAC5D1E3D9372437141E10695A625B8B533,645C3F0545E0975A49F69EC272C0C3EA28586825,5C4A1682FADF221DF46FFA32FE65826DCF79185F,2020-10-08 11:16:02.414000,2020-10-08 11:16:09.030000
rdlxcopgdlui53nu,failed,not_found,2766,94890F37CE0CD5D020773CA7A0E397AA592E5AF3,1356CD3452B80393A5E07A4B441529BEE23E91BA,4CFE65E16DBE9D9ED0CFFBD9BEEEE4EAE50CD33F,E5A3CA10182C35F691BCF678F193D10F4B0F972F,2020-10-08 11:16:09.031000,2020-10-08 11:16:22.165000
rdlxcopgdlui53nu,,,,,,,5C42C5D7824DB75EBC5CBE2DE1DB985EA4970D7F,2020-10-08 11:16:22.166000,
3iqsqfdk2wdgjcry,failed,not_found,2071,94890F37CE0CD5D020773CA7A0E397AA592E5AF3,BD60B8F5EA0B8DF59A6B20B7CB3F28E5C2A1DD7A,181DC60C824EB562761FADADFFB7F1E18C19E96A,7968BB694D05C0337227862CCA2207D66D7AAF10,2020-10-08 11:16:02.469000,2020-10-08 11:16:09.233000
3iqsqfdk2wdgjcry,failed,not_found,2778,94890F37CE0CD5D020773CA7A0E397AA592E5AF3,699388030AFC5C110822C85DE97A51545B192987,9B3E7A0AD9A054984CC87E7CA9D5C117202D45D4,7961C9991F022C8A363FD440CA395D47DB5D44D5,2020-10-08 11:16:09.234000,2020-10-08 11:16:22.362000
3iqsqfdk2wdgjcry,,,,,,,79621D3F36A0B377670B4647C3370635CD2521AD,2020-10-08 11:16:22.362000,
st7u2xvvlqhrog77,failed,not_found,2252,94890F37CE0CD5D020773CA7A0E397AA592E5AF3,D6BC16A4ACACA87B81AE00BC28F8AF2DB95E74F7,A943B09784A779C0BFBF627F233797CE98C058D4,3BB34CCD8EA9C804C5C5361B21F33767F220801D,2020-10-08 11:16:03.973000,2020-10-08 11:16:12.681000
st7u2xvvlqhrog77,failed,not_found,2933,94890F37CE0CD5D020773CA7A0E397AA592E5AF3,39BD825F627DDF78E322EB4378C17615506AD3A1,E7882187F6FA695450719FD3738D640FBDFF5D48,E75166CEDB8397B86DE512B9B79B8CA7225ECB52,2020-10-08 11:16:12.682000,2020-10-08 11:16:24.701000
st7u2xvvlqhrog77,,,,,,,E6FAC9A7F33EE66F03C55C119770B2D45D3C576B,2020-10-08 11:16:24.703000,
c5c77vgoxfnvc22b,failed,not_found,2192,94890F37CE0CD5D020773CA7A0E397AA592E5AF3,FEDE31337E4E19E06B97D282F08B0A0E8B9C5526,624B7391B9790E7CD2AF6A7238239BA3D6928A57,96D4C61DB5B38EC7ABE3DB9BB87A97A8587B8087,2020-10-08 11:16:04.082000,2020-10-08 11:16:12.321000
c5c77vgoxfnvc22b,failed,not_found,3065,94890F37CE0CD5D020773CA7A0E397AA592E5AF3,18F34AE6567F5FB081C4353D5EDA5CEE155810C4,3C4B5F67E092261DD87626CCA76C7402A4A1CCC3,27F3833453C4006DF1E21C6BF62E4FCD8E99DEF2,2020-10-08 11:16:12.322000,2020-10-08 11:16:27.996000
c5c77vgoxfnvc22b,,,,,,,96B358744E1DB0D6DBB96D32C27F91E9F695275E,2020-10-08 11:16:27.997000,
vbyrnakbsfyseqc7,failed,not_found,2200,94890F37CE0CD5D020773CA7A0E397AA592E5AF3,72270EB58EDEBE727AA29E67417628DBCE889FAE,FE1AF5E909002134BFF834F4AD5E1DE723779002,CA35E05AE3DE26E9571A585C852CF939C812E60A,2020-10-08 11:16:04.100000,2020-10-08 11:16:11.839000
vbyrnakbsfyseqc7,failed,not_found,3138,94890F37CE0CD5D020773CA7A0E397AA592E5AF3,474648D2DFC1C060A5CA74C8A5976807B7FB5FE0,B3DA9D673321B92253DCCD38A9740F2C562C91EA,CA29603FE2143C9BF06AFE76AB5D7940194271C1,2020-10-08 11:16:11.840000,2020-10-08 11:16:28.637000
vbyrnakbsfyseqc7,,,,,,,CA2F7497106CB8B9AAF0E1A7CF9866EAC9DB43B5,2020-10-08 11:16:28.638000,
gmazaom5ktki5xut,failed,not_found,2216,94890F37CE0CD5D020773CA7A0E397AA592E5AF3,66BBCD0D58FDB891AD86CE22A2613A9BEE3CA274,ACE29EC7700BD112DEB42B934E5E443476CD577C,FC33CA0B739EB8290180C7D22A536726B8EE90E4,2020-10-08 11:16:04.314000,2020-10-08 11:16:11.841000
gmazaom5ktki5xut,failed,not_found,2754,94890F37CE0CD5D020773CA7A0E397AA592E5AF3,F6EF161A46B6F9B4FB53ABBEE2E932082C09D196,863FDDA3CA537CE03646B3AEBD3FD1CC6B077FBE,A7B427D80B03145BAB411C6BAD70E01BAAAD6D59,2020-10-08 11:16:11.842000,2020-10-08 11:16:22.411000
gmazaom5ktki5xut,,,,,,,FC077C25B8DBB3132D397D7DF03C92BFC14C9D76,2020-10-08 11:16:22.411000,
7fv56bosqhooxlp4,,,,,,,508EAAA5322C7BF048C8FADBBFB37D0A3E1D9262,2020-10-08 11:16:04.392000,
dmhcsdocuak6pt6z,failed,not_found,2225,94890F37CE0CD5D020773CA7A0E397AA592E5AF3,B74DABBE248B935CDC1038CD5C9280878C8C94E7,AC990FD1FF5058EFA43A809E948B23EF998D021B,76AB50C3EC0472A63AFB9A833A535FA6BD691478,2020-10-08 11:16:04.435000,2020-10-08 11:16:11.712000
dmhcsdocuak6pt6z,failed,not_found,2908,94890F37CE0CD5D020773CA7A0E397AA592E5AF3,3D9CE80399B68C01377FEC42395E399B9ED16E18,C1939D36649DE98A202429631D8EFC70128D5F5F,769A297017BB5E92A9A5A3D76725CA12D694AA30,2020-10-08 11:16:11.712000,2020-10-08 11:16:24.630000
dmhcsdocuak6pt6z,,,,,,,76B4FEDD0696D924A407CFAB50B6E574B28CCDCA,2020-10-08 11:16:24.631000,
uznwvy6bxl6bdqwy,failed,not_found,2403,94890F37CE0CD5D020773CA7A0E397AA592E5AF3,573CC3D8F1C845AA33AA4593B68CA0D47156AA30,44412B315567A50EF6BBF592B76F1D9B44C146E3,330CD3DB6AD266DC70CDB512B036957D03D9BC59,2020-10-08 11:16:05.448000,2020-10-08 11:16:15.871000
uznwvy6bxl6bdqwy,failed,not_found,3411,94890F37CE0CD5D020773CA7A0E397AA592E5AF3,5D995EC983ED3DF9DAABD32B9BF1540AFF42A457,2D41697016C0070174BF079BADA7207604086A15,32E6CC6C6B428B2043F0B3E78F7332F1016D73E1,2020-10-08 11:16:15.872000,2020-10-08 11:16:33.970000
uznwvy6bxl6bdqwy,,,,,,,2D418A89F79DB4A8E658BA549FBB974D1D22DD1A,2020-10-08 11:16:33.971000,
4jkvtqdd4nn3lzqx,failed,not_found,2413,94890F37CE0CD5D020773CA7A0E397AA592E5AF3,CDAF0B74C45FD5B1955198A8D92C8A518A53D07B,52BFADA8BEAA01BA46C8F767F83C18E2FE50C1B9,B1E43B11A955CBA31F5261A22CBFCE204C95D5DE,2020-10-08 11:16:05.448000,2020-10-08 11:16:15.972000
4jkvtqdd4nn3lzqx,,,,,,,B2002D5C75A0FAD8F33962614718F35CB672CC57,2020-10-08 11:16:15.972000,
qq4pga6drwx6jfvz,failed,not_found,2423,94890F37CE0CD5D020773CA7A0E397AA592E5AF3,44354E35E9F7F97AF27686D03B0D591686E35394,91258F0EDB1FF92CF76E6DC38BFE98055A74DBF8,9B5B3B5BC953E8BE5058072310FDD0F631FD868E,2020-10-08 11:16:05.450000,2020-10-08 11:16:16.196000
qq4pga6drwx6jfvz,,,,,,,EB5D14C266F491B4C5C93B7BC101C450A059D438,2020-10-08 11:16:16.197000,
dyqrci5f3pla7j3s,failed,not_found,2514,94890F37CE0CD5D020773CA7A0E397AA592E5AF3,8885EA6F74A694825B13B8A7080F6CF164DF74FB,69BE1831EC63C751D241E5E962DA4793355A6253,BA671B70E696AB2F85ACA3D998B8008D14556715,2020-10-08 11:16:06.586000,2020-10-08 11:16:17.801000
dyqrci5f3pla7j3s,,,,,,,7B2904FE8AA12E45EA3D65658ED8CECA4A51F7F8,2020-10-08 11:16:17.801000,
jsvmmfbrihuznhef,failed,not_found,2524,94890F37CE0CD5D020773CA7A0E397AA592E5AF3,C2B45199FC6F98E21BFAFE0833348F288FA337E3,B32B93C90DCAF0012328A8D55D621D26B186E11A,3B5C6ED2C1DECEB32BF1AD9B7B272F4CE9CE0656,2020-10-08 11:16:06.586000,2020-10-08 11:16:17.303000
jsvmmfbrihuznhef,,,,,,,3B3F451BD58F96DC0E8EB7D01F209FC8803C33DF,2020-10-08 11:16:17.304000,
enuaxy5hju3riadz,failed,not_found,2534,94890F37CE0CD5D020773CA7A0E397AA592E5AF3,2CE96A8A1DA032664C90F574AFFBECE18A6E8DFC,D05F41CB78A00311D8EC4ABB4E951582E8298D0C,D31207D57A59A5739D76FEB094C9138724FE1822,2020-10-08 11:16:06.587000,2020-10-08 11:16:17.519000
enuaxy5hju3riadz,,,,,,,D317C7889162E9EC4A1DA1A1095C2A0F377536D9,2020-10-08 11:16:17.520000,
heeb27ztmqizimhe,failed,not_found,2554,94890F37CE0CD5D020773CA7A0E397AA592E5AF3,980B28A19B0A66948035A3FE143E5CF613C84122,2FFE5FAF70D20E76B0474AE9E40C2A0B53F8D9F0,E7723680EA1F78E015DF312411990D5F5E815C27,2020-10-08 11:16:07.552000,2020-10-08 11:16:17.916000
heeb27ztmqizimhe,,,,,,,E767C3B8295AD79B02E80A21345C9F2B3C2AD7DB,2020-10-08 11:16:17.917000,
dvp67f4rqqixc4ln,failed,not_found,2565,94890F37CE0CD5D020773CA7A0E397AA592E5AF3,CC721B29F31B157C4D3A1B341D6D3ADC30BB8570,38CC95A8CE92A591D4A5779359BEFFBA13FA1B88,F2C7ED67DF08C3E2397E78B0CB1D4886D48FD25C,2020-10-08 11:16:07.620000,2020-10-08 11:16:19.430000
dvp67f4rqqixc4ln,,,,,,,18C4914DC93A448498B42069CBC9AE821C7B8F5E,2020-10-08 11:16:19.431000,
d7k2je6amncl4olz,,,,,,,9EB3FD84065E5622A57EFEF14E41A01B5B99A022,2020-10-08 11:16:07.621000,
n67jscaebkk6wc2w,failed,not_found,2641,94890F37CE0CD5D020773CA7A0E397AA592E5AF3,99339F3E68BCCC1391BF14C821D80766FE0C5956,5262556D44A7F2434990FDE1AE7973C67DF49E58,05C383DC813C464B7132569722BE5243A9FF735C,2020-10-08 11:16:08.343000,2020-10-08 11:16:21.643000
n67jscaebkk6wc2w,,,,,,,05C621B44EF6833889AE7B7E2A0B476569C47E37,2020-10-08 11:16:21.644000,
3u75twucljjlurtc,failed,not_found,2652,94890F37CE0CD5D020773CA7A0E397AA592E5AF3,3970FA79EC2752446D668ECD575354101C5E29AA,B4A96C0852DD0841579D33E09A98D641EACCD73E,BFA905EA10DFD54A38A0C119FAE00182DE4C173B,2020-10-08 11:16:08.481000,2020-10-08 11:16:21.190000
3u75twucljjlurtc,,,,,,,BFB14B9ADF1F19E59258CAE7FCDBAAC9937B7B10,2020-10-08 11:16:21.191000,
rypw2o2phzl4ua2t,failed,not_found,2663,94890F37CE0CD5D020773CA7A0E397AA592E5AF3,2F09BD6D9A2D5A7D6D26C17651CE8ECF0B7BA257,840ED78A802ED8C647F6CB5F2DE409FFCB36B7AC,4FCF975D71A8663E8066BD1431D8E9459DBE2EAB,2020-10-08 11:16:08.484000,2020-10-08 11:16:21.494000
rypw2o2phzl4ua2t,,,,,,,4E41B00F930F3E72530F339EF4C911CE97D2AE9E,2020-10-08 11:16:21.494000,
kno2siwync7vvwvy,failed,not_found,2802,94890F37CE0CD5D020773CA7A0E397AA592E5AF3,327F5823438B8EC86EC33355C147D8455AB1C14B,50B6BE677CE083151C00C4CD4726D900BAD1872B,F004C51B7C3136D7DFC20469AA5329B8372A263A,2020-10-08 11:16:09.325000,2020-10-08 11:16:22.807000
kno2siwync7vvwvy,,,,,,,C41ADE229598201F913426E9C6B9647098AEE28D,2020-10-08 11:16:22.807000,
cedpai66xqjkqcrg,failed,not_found,2814,94890F37CE0CD5D020773CA7A0E397AA592E5AF3,27452250B484CB90E687227B3274E2BF232158E5,F15F5BBB91175B81980FD0704F1762C04CF6AF1E,D947623B30C9D6E142E7D90FC7368B1A2A4F5045,2020-10-08 11:16:09.400000,2020-10-08 11:16:22.502000
cedpai66xqjkqcrg,,,,,,,7A6EC43FD4CD5990230FCE48EC37AFC578E36CE6,2020-10-08 11:16:22.503000,
5qgzp345ncspx2vi,failed,not_found,2826,94890F37CE0CD5D020773CA7A0E397AA592E5AF3,19D353B8AA0927DF82CB26E0396C57BE27C0ACC5,F244C5F5DDE2F29CA1F88E4C9F9FACCC48BCA857,7F04E089C6BED83E04FB2AE196BDE34B808094F5,2020-10-08 11:16:09.499000,2020-10-08 11:16:22.674000
5qgzp345ncspx2vi,,,,,,,F8957D61E29A626400029A03A6348400E7502604,2020-10-08 11:16:22.675000,
t7vqkbtajzga3rtn,failed,not_found,2838,94890F37CE0CD5D020773CA7A0E397AA592E5AF3,9E4CC64C4F94C359D43C5BA09094323FDBEFD975,FEDE31337E4E19E06B97D282F08B0A0E8B9C5526,098D9CF7568D27A8288FA4BB3819A99913315D6E,2020-10-08 11:16:10.986000,2020-10-08 11:16:23.115000
t7vqkbtajzga3rtn,,,,,,,0990E0F4F2C127BDDA9B6726400FAC077F6C83B0,2020-10-08 11:16:23.115000,
k36x7yskcc2527y3,failed,not_found,2850,94890F37CE0CD5D020773CA7A0E397AA592E5AF3,21E54A1CB86144A4CAF60C636227ABB3D23C30D0,2A2317324FEE89B9E6B0E3F53AF42B4C7BA34882,0EAD0000E01B073AE88B1B4A0E63A6B9407BA255,2020-10-08 11:16:10.987000,2020-10-08 11:16:25.567000
k36x7yskcc2527y3,,,,,,,E0B3B10226F067A1B215178D19A19EF311E7FDC3,2020-10-08 11:16:25.568000,
7nmco6ahvupqcafk,failed,not_found,3344,94890F37CE0CD5D020773CA7A0E397AA592E5AF3,FE9CB0E0629636EBD8D0C71F46E387B944C01BCF,BD60B8F5EA0B8DF59A6B20B7CB3F28E5C2A1DD7A,5BA19B5D5AB0CB9EF8EA33DA77585B75449400B0,2020-10-08 11:16:11.392000,2020-10-08 11:16:31.613000
7nmco6ahvupqcafk,,,,,,,724E86E7F5DA715529DC0ECAA013AE4BDC680E4C,2020-10-08 11:16:31.614000,
fgghfklofkp6yrxm,failed,not_found,2609,94890F37CE0CD5D020773CA7A0E397AA592E5AF3,ECB71AE4B08EAB517B9E16D28689974342EEFABB,8D79F73DCD91FC4F5017422FAC70074D6DB8DD81,482A687F14182974926CE0B3ACFFC8D6247ED7DF,2020-10-08 11:16:11.524000,2020-10-08 11:16:20.002000
fgghfklofkp6yrxm,,,,,,,8EE28EAF0874AF9B03EBBD79B5EB5059E2547355,2020-10-08 11:16:20.002000,
qo7phnhhbjuqaklv,failed,not_found,2885,94890F37CE0CD5D020773CA7A0E397AA592E5AF3,78BC2254D3B31CD865F7682633AA438212132532,2AE2CA4BD2B7754F29432C25E03314D52AC4CAF1,083C52051140DB8AF770BD40C7C8883EFFF4CAF3,2020-10-08 11:16:11.711000,2020-10-08 11:16:23.556000
qo7phnhhbjuqaklv,,,,,,,08409909F46473942F733E126B78F29D388D60F5,2020-10-08 11:16:23.557000,
roifiu7nu3kkozqc,,,,,,,173652F77C436F63D80208E29691738C570D4F9A,2020-10-08 11:16:11.711000,
nnqdrp5tusgt5oek,failed,not_found,3016,94890F37CE0CD5D020773CA7A0E397AA592E5AF3,F0C9513539800F762ECAE37F16370D7CBA5E52C2,16F50F2728581FE5CA7AC31F5066DCE8653F996C,85BFDBFCF9E711CF0F1A22C115368724D7C101F7,2020-10-08 11:16:12.288000,2020-10-08 11:16:27.155000
nnqdrp5tusgt5oek,,,,,,,EAA088440B100FF8407266B5D4853FFB16A8CB67,2020-10-08 11:16:27.156000,
2y6fdluvussd66wd,,,,,,,A86EC24F5B8B964F67AC7C27CE92842025983274,2020-10-08 11:16:12.289000,
eq37bkv4bwe5anza,failed,not_found,3053,94890F37CE0CD5D020773CA7A0E397AA592E5AF3,54DE63F4587058B79152A75A0238D7F7A0279215,0CD9E401F1ACE013988F25E4E4B1BEE3FC1DB7E8,7C0AA4E3B73E407E9F5FEB1912F8BE26D8AA124D,2020-10-08 11:16:12.321000,2020-10-08 11:16:29.093000
eq37bkv4bwe5anza,,,,,,,7C22E89AB620E77DF1B4A33787A5EC3F2AB4A8D1,2020-10-08 11:16:29.094000,
3ejxvmvcbyajdejb,,,,,,,A2DD0EF31813E9B7F6DB435504A406E1AD2B76AB,2020-10-08 11:16:13.899000,
4endvgra34ezuepc,,,,,,,198F12E2DEFBE6BEEBC38B2FEDD615AECB38DA7A,2020-10-08 11:16:14.236000,
ct3c4c6li7hle5q7,failed,not_found,3017,94890F37CE0CD5D020773CA7A0E397AA592E5AF3,438E8C214576AF13480A550D45C116F43333C319,A6C983C2F7EEADD55CE9169E540EBD95423FC260,E3EA995CFEFBCFF11F848F89E67F786479AF28CF,2020-10-08 11:16:14.236000,2020-10-08 11:16:27.885000
ct3c4c6li7hle5q7,,,,,,,05AD6F4906142276C606558C9C3B8876B43CD90F,2020-10-08 11:16:27.886000,
q3fx3vqjh3xn5ss2,,,,,,,3CA361075B0AB77071989948846876B3B2265BA4,2020-10-08 11:16:14.923000,
lmsxzpw423hkauut,failed,not_found,3102,94890F37CE0CD5D020773CA7A0E397AA592E5AF3,0F6E5CA4BF5565D9AA9FDDCA165AFC6A5305763D,3076FB1CCEB8341322019AD26F69BFC0AA845334,44FE825405384A8CE396D3369F45A4D62ECDAF66,2020-10-08 11:16:14.924000,2020-10-08 11:16:28.071000
lmsxzpw423hkauut,,,,,,,D31207D57A59A5739D76FEB094C9138724FE1822,2020-10-08 11:16:28.071000,
54s3xsyv7v4g6kjh,,,,,,,9556C2C62CA9A9A296C049BA7BDC10ABD3FF0170,2020-10-08 11:16:14.953000,
3o4f6pobkmzgf6wn,failed,not_found,3359,94890F37CE0CD5D020773CA7A0E397AA592E5AF3,1E1A7C9134637383BE653C41973995A229D81595,BCDE75725B927738B6FD34EA2D78F4FA77B99848,E8C8667CAF3D5148E52ECF736A7B204982F78EAA,2020-10-08 11:16:15.749000,2020-10-08 11:16:33.783000
3o4f6pobkmzgf6wn,,,,,,,E8C80BE6CA6E90CFFA941027668539EBDCE4EF1A,2020-10-08 11:16:33.783000,
pndx7tfxtri4rish,failed,not_found,3372,94890F37CE0CD5D020773CA7A0E397AA592E5AF3,3D5D6178C44537E3692853B344385F6572A55767,F5DB8E33F8D351B600932251EFE67357485405F2,0CB40D12177CBABAB87652BBFC00A7E6F4434D3E,2020-10-08 11:16:15.825000,2020-10-08 11:16:32.932000
pndx7tfxtri4rish,,,,,,,4EE488AC0742BC6B747BB637A5635CE14E877F39,2020-10-08 11:16:32.933000,
3jqzovo52jujez72,,,,,,,6D6EC2A2E2ED8BFF2D4834F8D669D82FC2A9FA8D,2020-10-08 11:16:15.867000,
yv7vfrqkgxpi3wsj,,,,,,,ADB98B27D7A3FB5732068FD23602A1BCB3BE9F38,2020-10-08 11:16:16.690000,
xg7gwshwbptnvnfw,,,,,,,76B4FEDD0696D924A407CFAB50B6E574B28CCDCA,2020-10-08 11:16:16.769000,
oy7zdy7tnngube7l,,,,,,,BF29077D90DD65D8B15B2DFC876D25C76E5057FB,2020-10-08 11:16:16.771000,
shlghxgqudjbw5vt,,,,,,,63C6AB74A5C288C2159DDC783BB00F88AB44427C,2020-10-08 11:16:17.255000,
7xcdtvszbbnsmofu,,,,,,,8B80169BEF71450FC4069A190853523B7AEA45E1,2020-10-08 11:16:17.342000,
oxqsswp4ilhed7ei,,,,,,,1F4F4C5B57A15433D44D8DB0DA1F66988377B977,2020-10-08 11:16:17.343000,
2xhegcoglmq4iuxk,,,,,,,0B555940D37DC849728841C0B290074E1A1BDCA8,2020-10-08 11:16:18.418000,
4rgry7lnh7xinwgd,,,,,,,42B4F52C5B11E4D39855F654955425B0D5A0598B,2020-10-08 11:16:18.764000,
trqv5x66kwsnrhko,,,,,,,1B1351D85E8328BE21539EA9C0C0317E3A1CE380,2020-10-08 11:16:18.769000,
owts2zki7erqmixu,,,,,,,94890F37CE0CD5D020773CA7A0E397AA592E5AF3,2020-10-08 11:16:19.748000,
gpnmxsddmcvpwiyy,,,,,,,419C3FC74B87C36EEE3AD9140ED3ECE429825CF5,2020-10-08 11:16:19.958000,
xmwqmtmnqh4ddqww,,,,,,,3BA07FCB32A0151EF9B76507213E43D8ABD3BE5F,2020-10-08 11:16:19.960000,
ja2e5ygb2pszkjav,,,,,,,92429BB4B6FE1B166AE0347D03B3DC3ACF578BCC,2020-10-08 11:16:21.096000,
zhx37wseccbyujdx,,,,,,,E46C3F0533709EE2112874B13A4FE3868B33E75E,2020-10-08 11:16:21.097000,
f2ypi7uqmukqjaus,,,,,,,0F6A04276CB95D042AEE8D28B745878F827D210D,2020-10-08 11:16:21.101000,
cpkwouvra544ofkd,,,,,,,FC1E441E097BA36930AA2F615EFB325AF76D2595,2020-10-08 11:16:21.642000,
hgqr64k6nfnf6rpv,,,,,,,E05CAC929E391787077066C29461A9D22ECF0809,2020-10-08 11:16:21.749000,
7l7khjfvxfgij6nj,,,,,,,97AEE1EEFBCBB6FF8FA482029830E8E10A961883,2020-10-08 11:16:21.750000,
nri7bbxxewywwtl4,,,,,,,84D164A906CD165C77F6A49C97E2F4CA17C3AB3F,2020-10-08 11:16:22.360000,
sr6l7zcitpbdbozj,,,,,,,A50CFA07258E3CEA7B06FC9B6248A257565287F5,2020-10-08 11:16:22.361000,
467pbtqvyu7kikvp,,,,,,,96211F57FA0A399EC48D1972BA3F8EE6E4D6978C,2020-10-08 11:16:22.409000,
tei3ugwzvomdvwnd,,,,,,,67549C743EB7A9D06A75E37BEB82417EBB22E97F,2020-10-08 11:16:23.669000,
vlzrcu5hnrsqsryl,,,,,,,66DFC51E724E38DDCB3AB67DDF4C0BB0F1F49C0B,2020-10-08 11:16:23.709000,
3a6npsqtr3kjnaai,,,,,,,3C5915348D731505C48112F4F03235FDE7B8C837,2020-10-08 11:16:23.739000,
ssbyde67i7gty45x,,,,,,,D91F295BFAF865BF76DA0820485B6650DD832DC5,2020-10-08 11:16:24.704000,
yexpfxm7jrkfb6yw,,,,,,,73DCA56424912F69F1478D6630DF27CFE8F41439,2020-10-08 11:16:24.705000,
362fcxn73gxp6qsr,,,,,,,A868303126987902D51F2B6F06DD90038C45B119,2020-10-08 11:16:24.896000,
mws23bja7ck3czt3,,,,,,,B8BF2948E7830586F64EE92CCEABFB202E2FBF85,2020-10-08 11:16:25.948000,
hcppxnoezr7v5qjt,,,,,,,44517C72DD0C7206E2B6E9FE3917406AE8AF3193,2020-10-08 11:16:26.145000,
5sxqrt3i23zv6tkd,,,,,,,93C4C20DD1A6797200A60FBE714523FD9D41B5B3,2020-10-08 11:16:26.149000,
jvkt66b3ekofvfj7,,,,,,,1F97BE0788A261FF978C082E0AB44ADD96AF1F7A,2020-10-08 11:16:26.845000,
3t6ov27pmro6uyca,,,,,,,FA294BD58FBB18133564734AA552CF68159DE1FF,2020-10-08 11:16:26.846000,
6vgegeqpnih5qdy3,,,,,,,EC65D72BB9668553999DE4E6CF380207ACA941EA,2020-10-08 11:16:27.039000,
7ec37ytmrotd33yk,,,,,,,AC2275831607A95CD8B939C3B8DC466CCF48E2B9,2020-10-08 11:16:27.708000,
g2cidwrjukllphyl,,,,,,,C2481FAAA5508F6C2A64873972281220E9778476,2020-10-08 11:16:27.826000,
ekxgpqcbd556vma2,,,,,,,1C916E9F9247FFC63E9011154508CFF7F6A002B2,2020-10-08 11:16:27.827000,
kav6chkdgbqqs2sr,,,,,,,60769652C04712912E6E21CED1F08DC797789A75,2020-10-08 11:16:28.401000,
6t2omfr5rexi2i73,,,,,,,2AB6F7D59DF6153F4DB1DB6479C3422F5724C4BA,2020-10-08 11:16:28.613000,
yckmanx4shyf5ajr,,,,,,,4B4D7C727B603EF6777DC0BC3D169179CA977140,2020-10-08 11:16:28.614000,
qel7hmibdstbdxsh,,,,,,,1DC17C4A52A458B5C8B1E79157F8665696210E10,2020-10-08 11:16:29.497000,
4vf4kchlvtftvr5q,,,,,,,7F5940F7D65B07AE5C2C7A15FE8A63E7708B950E,2020-10-08 11:16:29.498000,
r3guaxirdejaxsxt,,,,,,,BC170D6C79EB09EF17193466097D1C7788031A3D,2020-10-08 11:16:29.498000,
o6cn2vroaiye5dfm,,,,,,,FA5647DE9745BA239C9F34E262512C99605472C9,2020-10-08 11:16:31.089000,
odfuosbhlpdjt4e4,,,,,,,9C07D2A954C68759DFDA4208A41DB47F3699B82F,2020-10-08 11:16:31.091000,
iu3y4khumq6tpzeq,,,,,,,DF02E357B268BA6E9029FA6DFB8BC289E7763FCF,2020-10-08 11:16:31.318000,
nnthoc3weqznldu4,,,,,,,FB2891146A2C97F6D00610CA0DC90946AA1DF83E,2020-10-08 11:16:31.926000,
fniuhprf6njk5icz,,,,,,,FA611C0BABB9DF7A63AC2877A5AB5A6880FBA51F,2020-10-08 11:16:32.446000,
24iemjgb7v22nm2b,,,,,,,4BC874C290A1438E9FF3C684F1CAC2AC351A12EB,2020-10-08 11:16:32.449000,
3zjatfzn4di5n4rs,,,,,,,350AB72B8744CC40ED8699E6D3298CB14215F568,2020-10-08 11:16:33.300000,
msekbbhqwiurolpj,,,,,,,D89267FB10BF625D31FF7687AF7D12B03BBF757C,2020-10-08 11:16:33.310000,
pmc6wjh5rcy6fi3b,,,,,,,3C5915348D731505C48112F4F03235FDE7B8C837,2020-10-08 11:16:33.311000,
s5vb6w3umvcavt76,,,,,,,F29A5D7E317934CDFFFA3DD9B26AC9AB48CB1C6C,2020-10-08 11:16:33.436000,
g4zagdapwong6j6d,,,,,,,198F12E2DEFBE6BEEBC38B2FEDD615AECB38DA7A,2020-10-08 11:16:33.774000,
jvwdtyzlbc56v56r,,,,,,,8C3AD2C2AAF7F7B7E92B81F13C1A9267B39416DA,2020-10-08 11:16:33.776000,
