addr,status,reason,circ,guard_fp,middle_fp,exit_fp,hsdir_fp,start,end
lnnljt243hojk3vz,failed,not_found,,,,,431D60010C99E10ECDE7308B6B4D3FCD2B7126C1,2020-10-09 03:26:22.932000,2020-10-09 03:26:23.807000
lnnljt243hojk3vz,failed,not_found,32,B8F6E68B36BEE2BF548750BDCCC3C2A7DB56A623,7E102AAA6F8D6151060A977CB2B8824B7D5647D6,7B57933E29D520471D7E67AB48B06B62832828F9,431EA69FC4089BE4304AAEC38FEAE8BC8F8711C5,2020-10-09 03:26:23.808000,2020-10-09 03:26:27.388000
lnnljt243hojk3vz,failed,not_found,58,B8F6E68B36BEE2BF548750BDCCC3C2A7DB56A623,C8A95933320878FCAAACB331915E926BAF78A259,A3407CC403CF39DFA40ED9E1D14A8B54431F6104,B45B62C13CFD37235790359B4C81B017A70BE11A,2020-10-09 03:26:27.389000,2020-10-09 03:26:29.416000
lnnljt243hojk3vz,failed,not_found,185,B8F6E68B36BEE2BF548750BDCCC3C2A7DB56A623,A59AD84F92B2E5A76EBFE3BE62D3B28AF9BFD127,0BCCF364C4EE7338B6E920E63E951922C85F91F7,43209F6D50C657A56FE79AF01CA69F9EF19BD338,2020-10-09 03:26:29.417000,2020-10-09 03:26:35.152000
lnnljt243hojk3vz,failed,not_found,246,B8F6E68B36BEE2BF548750BDCCC3C2A7DB56A623,0C9B3C686421C5A8C20BAA0D7369CD929F43A174,D14EC16949648CEE84EA1664445029EA4B597074,B48AC5F547DBB847EFB88480BFB86D41211ED617,2020-10-09 03:26:35.153000,2020-10-09 03:26:38.369000
lnnljt243hojk3vz,failed,not_found,322,B8F6E68B36BEE2BF548750BDCCC3C2A7DB56A623,86D924EDE1498B4E1DD08D2260F3E9FE454012E1,1EDE608C5E190C8682A2F827664E758416104670,B4598727C0B2A1313AB9DE822EDC6ECFDCC78FC0,2020-10-09 03:26:38.370000,2020-10-09 03:26:42.468000
jd2tb54ovjrbbark,failed,not_found,,,,,16F8469B848F9DCB4590BCC5CEA5F24980BDC806,2020-10-09 03:26:22.934000,2020-10-09 03:26:23.795000
jd2tb54ovjrbbark,failed,not_found,15,B8F6E68B36BEE2BF548750BDCCC3C2A7DB56A623,66BD39FE805AED414ADE400CAAD862C9CC3AC34E,0824D7C7FB117D5C6AC01581FD798E670C37C804,17038EAF590FCFCD4D17BF800892D61498D922D2,2020-10-09 03:26:23.795000,2020-10-09 03:26:25.758000
jd2tb54ovjrbbark,failed,not_found,30,B8F6E68B36BEE2BF548750BDCCC3C2A7DB56A623,327F5823438B8EC86EC33355C147D8455AB1C14B,3FE1AA163445DC0E0677B5227F507907C4872A30,16F50F2728581FE5CA7AC31F5066DCE8653F996C,2020-10-09 03:26:25.759000,2020-10-09 03:26:27.360000
jd2tb54ovjrbbark,failed,not_found,34,B8F6E68B36BEE2BF548750BDCCC3C2A7DB56A623,F4A4D78F16E9A0353AD5BBEF4632C7022E20FB20,7C5C0E83CA290FFF6D5E30D9E0E3FFC9BAE0D0C5,40CDE936B04B4573A47223396006443CA5EAC845,2020-10-09 03:26:27.361000,2020-10-09 03:26:28.153000
jd2tb54ovjrbbark,failed,not_found,67,B8F6E68B36BEE2BF548750BDCCC3C2A7DB56A623,E787CB1DDAC5583A82B448E12FC4468DFCF93388,F73036C92CD94D5A16DEA9E50FE4BEC2AF3DE171,40D37C29CAB20A2C078B269AE4E944B1E0BD5A97,2020-10-09 03:26:28.153000,2020-10-09 03:26:29.585000
jd2tb54ovjrbbark,failed,not_found,106,B8F6E68B36BEE2BF548750BDCCC3C2A7DB56A623,B1E34EA2AC156AAAA0A1BE2E4F2A38A728891062,461453F94FA0E3CBB011685E22CDAFD2AF0DFDC3,40C773D9F2B16143CDB2ADB661DDC6BB12EF3E2C,2020-10-09 03:26:29.586000,2020-10-09 03:26:30.954000
jshsd4st3wnrgqjx,failed,not_found,,,,,F6D600CF13B3BBE2A91A0653F1EC9D00E7CB3A6B,2020-10-09 03:26:22.936000,2020-10-09 03:26:23.998000
jshsd4st3wnrgqjx,failed,not_found,9,B8F6E68B36BEE2BF548750BDCCC3C2A7DB56A623,A2E6BB5C391CD46B38C55B4329C35304540771F1,863CD660DE6A4F72D014011BCC66E4A6A195B66F,F6CD4DBF5850AC4386DD9A424918AD3C6BA2716F,2020-10-09 03:26:23.999000,2020-10-09 03:26:24.993000
jshsd4st3wnrgqjx,failed,not_found,28,B8F6E68B36BEE2BF548750BDCCC3C2A7DB56A623,9BB161B7E5724AC881778E3DA95C926189456138,CA4E9DFE87DE87E502F3B503D07EC8EFCAEE2549,A1699AF5D7E0294E45D42FFA697F762BA26340E9,2020-10-09 03:26:24.994000,2020-10-09 03:26:26.383000
jshsd4st3wnrgqjx,failed,not_found,39,B8F6E68B36BEE2BF548750BDCCC3C2A7DB56A623,B3FDF69E31D8A3FA7D1A0C05C3C90743EAA99CA3,CF6A6080091BB210AA3892FEFE2F6A396DA08DF3,F6EF161A46B6F9B4FB53ABBEE2E932082C09D196,2020-10-09 03:26:26.383000,2020-10-09 03:26:27.881000
jshsd4st3wnrgqjx,failed,not_found,62,B8F6E68B36BEE2BF548750BDCCC3C2A7DB56A623,7A32C9519D80CA458FC8B034A28F5F6815649A98,50E43E33EBAB7EB9EAB6B352F3685229DAB25A84,A16F162EE43FCD2450E852C55378AC5058E3B236,2020-10-09 03:26:27.881000,2020-10-09 03:26:30.397000
jshsd4st3wnrgqjx,failed,not_found,122,B8F6E68B36BEE2BF548750BDCCC3C2A7DB56A623,17CDC54BBDBDED0574C04FEE37C4030455C2F28E,DD0AA66DD9E4E71FFAFAB658DF8300F1CEEA0364,A1688972E4AA4F24C4C9AA2372CD387B82834C40,2020-10-09 03:26:30.398000,2020-10-09 03:26:31.969000
lkfits3eilpr3aov,failed,not_found,7,B8F6E68B36BEE2BF548750BDCCC3C2A7DB56A623,FF1E4DFC8C713B2092E76401C472FDCC03B7F809,7260949459C2D4D4A5ABC3AC10C1AD6939E6525C,501B3DBF250B094A05CA5DBC424AD4C3D46721A2,2020-10-09 03:26:22.975000,2020-10-09 03:26:24.669000
lkfits3eilpr3aov,failed,not_found,24,B8F6E68B36BEE2BF548750BDCCC3C2A7DB56A623,E37322752F135A344FA33E17F4AFA74C27A687E6,023EBBC57BEB7F45473B3DC2AA811FB3AABA4466,BF1A775B7282EC31FCAF8E38FC93D1FEC443A566,2020-10-09 03:26:24.670000,2020-10-09 03:26:27.471000
lkfits3eilpr3aov,failed,not_found,59,B8F6E68B36BEE2BF548750BDCCC3C2A7DB56A623,E7FEC31AE99964103ECC14F37C088A0B6B89132B,F6CD4DBF5850AC4386DD9A424918AD3C6BA2716F,BF14EC4ED46C8AD56FBBF58694D88F018F316A6F,2020-10-09 03:26:27.472000,2020-10-09 03:26:29.383000
lkfits3eilpr3aov,failed,not_found,97,B8F6E68B36BEE2BF548750BDCCC3C2A7DB56A623,8B8F4CA02C7979B86A6762C7F79719F4FF2F44B7,6B9EA8927AB6E94E216067E65372182343A5AFA2,501F5C4AACABEBFDC6A23543379F19B066396946,2020-10-09 03:26:29.384000,2020-10-09 03:26:32.054000
lkfits3eilpr3aov,failed,not_found,167,B8F6E68B36BEE2BF548750BDCCC3C2A7DB56A623,116C8E8D3AE732617917521A2947F941697E2A3C,21C9D9F1633246269DEB84A79495E85C07E8466D,502774BA0466D3AE9B7A7A0EA2259CC62B8398A9,2020-10-09 03:26:32.055000,2020-10-09 03:26:34.042000
lkfits3eilpr3aov,failed,not_found,216,B8F6E68B36BEE2BF548750BDCCC3C2A7DB56A623,929BB84A68198CE35E2F2828812840AF5C2CBC4A,A1FEE8537C847D330F1F7F592BE24360C5D6051F,BF0FB582E37F738CD33C3651125F2772705BB8E8,2020-10-09 03:26:34.043000,2020-10-09 03:26:36.311000
pt4k24ngiatp66mj,failed,not_found,8,B8F6E68B36BEE2BF548750BDCCC3C2A7DB56A623,5B1F0DAF378A1FAFCFD5FA9CDC66D1023DC0276E,B86137AE9681701901C6720E55C16805B46BD8E3,FAF3236D37B0B18D8438C46317940F642E296924,2020-10-09 03:26:22.998000,2020-10-09 03:26:24.375000
pt4k24ngiatp66mj,failed,not_found,18,B8F6E68B36BEE2BF548750BDCCC3C2A7DB56A623,3E53D3979DB07EFD736661C934A1DED14127B684,6CDF81E5A9BF270CDF4C989D5F7917113591C355,FAEC86A9A37152F0371D67917ABA398467DFBD9C,2020-10-09 03:26:24.376000,2020-10-09 03:26:25.783000
pt4k24ngiatp66mj,failed,not_found,31,B8F6E68B36BEE2BF548750BDCCC3C2A7DB56A623,819C8AFEDAC733315A8F3DB80F043F13090C49F6,DCE8DBF94576272AD10D996C9AA0794A4567F304,F88721B0D184361AD24B14CFD56832824A0E79F2,2020-10-09 03:26:25.784000,2020-10-09 03:26:27.930000
pt4k24ngiatp66mj,failed,not_found,63,B8F6E68B36BEE2BF548750BDCCC3C2A7DB56A623,BDDF8187EA4419951CFD0A54088B634564F63AF3,27D668BFB3839D8C6E36193FFC3DF4DD6D79B513,FAF09B35EB9B890C44C36392100C52B7F2326DD4,2020-10-09 03:26:27.931000,2020-10-09 03:26:29.690000
pt4k24ngiatp66mj,failed,not_found,151,B8F6E68B36BEE2BF548750BDCCC3C2A7DB56A623,C3E0E9EA1FF3FCFC27E856BFE61533020DD7F090,EC80EECFCD599612C9A74678C8001146450141E8,F8957D61E29A626400029A03A6348400E7502604,2020-10-09 03:26:29.691000,2020-10-09 03:26:33.953000
pt4k24ngiatp66mj,failed,not_found,215,B8F6E68B36BEE2BF548750BDCCC3C2A7DB56A623,0F6E5CA4BF5565D9AA9FDDCA165AFC6A5305763D,63BF46A63F9C21FD315CD061B3EAA3EB05283A0A,F8AA8D8CCBA0C5F2836DE6315CDFA6E4A31A0890,2020-10-09 03:26:33.954000,2020-10-09 03:26:36.631000
snoverqb5mocz73a,failed,not_found,10,B8F6E68B36BEE2BF548750BDCCC3C2A7DB56A623,B91A1EB30E66D52026EFCD1E96BFC0E966C83E6D,4CD4DFFEF3971C902A22100D911CAC639BE2EF5C,5EF0AAAEEE7B1282DA0DBAB94669B73E39DD51B6,2020-10-09 03:26:23.349000,2020-10-09 03:26:24.711000
snoverqb5mocz73a,failed,not_found,25,B8F6E68B36BEE2BF548750BDCCC3C2A7DB56A623,FB016E16B8CD7A0E53DEEF31ED8754E4F6B8E837,1C7215BC0123DDA23BDED0F9D2849D3AD80183CB,5F0563F95CD43623AFD0BDA35DAC565CE9230A01,2020-10-09 03:26:24.712000,2020-10-09 03:26:26.345000
snoverqb5mocz73a,failed,not_found,37,B8F6E68B36BEE2BF548750BDCCC3C2A7DB56A623,8C00FA7369A7A308F6A137600F0FA07990D9D451,1AAD015F4D885413A2BCE0E58159116901236C49,5EF6450BE81C6B51629B47DD69B382F7CB482C27,2020-10-09 03:26:26.346000,2020-10-09 03:26:27.947000
snoverqb5mocz73a,failed,not_found,64,B8F6E68B36BEE2BF548750BDCCC3C2A7DB56A623,9738F8F5C386CDAF5707D0DCED428F2813CA285F,CE83524360DE9A55FBDE87DEACBE9F2ABF208E1A,575F15A0A41B951BEE03E25B2A0A3FC3E8D7C7D1,2020-10-09 03:26:27.948000,2020-10-09 03:26:29.249000
snoverqb5mocz73a,failed,not_found,96,B8F6E68B36BEE2BF548750BDCCC3C2A7DB56A623,A9F5135AE18C7E25C7C79117CD8C7619BFEB85ED,34DF8443F6ACD1A543AAA10A7621A389E31A4422,572FC2E6D89E8D773488A76F05DDEE3173A076E0,2020-10-09 03:26:29.250000,2020-10-09 03:26:30.905000
snoverqb5mocz73a,failed,not_found,141,B8F6E68B36BEE2BF548750BDCCC3C2A7DB56A623,0C6CA58153400FA077EABB14773E36FD61BF0D75,1B3E48D75E7F7E61D1B9BBE24BA15A38B454380D,573051CAA3EEEE2B75EBD096BB1F70D3FDAC5F3A,2020-10-09 03:26:30.905000,2020-10-09 03:26:34.195000
63ajqovkn4obraky,failed,not_found,11,B8F6E68B36BEE2BF548750BDCCC3C2A7DB56A623,25DE8C9AE0706FB20C0AFEE4D0B75E72C97F72AE,04A28A62F27D9C4A60F9ED0C4264E98B988C65A3,834C91DEEB2FE4FEFCE55A99C378968FB659115C,2020-10-09 03:26:23.368000,2020-10-09 03:26:24.879000
63ajqovkn4obraky,failed,not_found,26,B8F6E68B36BEE2BF548750BDCCC3C2A7DB56A623,8E0526EEB84057C88897A5B5FEB8199425C0C2EF,B56B9FE93F83B4FA69234B17A060E8A8E7446D19,8358BDDA9C9A680B4E3A2809E5C24F5B3624D5C2,2020-10-09 03:26:24.880000,2020-10-09 03:26:26.601000
63ajqovkn4obraky,failed,not_found,42,B8F6E68B36BEE2BF548750BDCCC3C2A7DB56A623,A2F7674E837C4131D70A840262AFC269801F14BA,DC26790B303AFF12256AF7D016BAA70C8A883450,83381B9F72D753F3F57A5380F6C6D2EB07A4837F,2020-10-09 03:26:26.602000,2020-10-09 03:26:28.400000
63ajqovkn4obraky,failed,not_found,73,B8F6E68B36BEE2BF548750BDCCC3C2A7DB56A623,00B57BF614F7ED3051073B5D4526FF0B23AF217B,AC61D1722091F2FC4760776AF2C230D9DC679C03,95A30F58E3DE3BE75D5CBAF7426BBF5786F2C1E3,2020-10-09 03:26:28.400000,2020-10-09 03:26:30.281000
63ajqovkn4obraky,failed,not_found,118,B8F6E68B36BEE2BF548750BDCCC3C2A7DB56A623,669BE4BBFA06BB7C77B95246F57DDF5BAFC48712,74312EF576DE1E7710D5420791E6BDB41808439E,95EFACA18E34C260DDF749596B977402594E6739,2020-10-09 03:26:30.282000,2020-10-09 03:26:31.711000
63ajqovkn4obraky,failed,not_found,160,B8F6E68B36BEE2BF548750BDCCC3C2A7DB56A623,73713518E8BD7110D0C6D84F0682C1E0B7541F79,F94A7BAC5D1E3D9372437141E10695A625B8B533,95B9052EECDB4B833F130ABD564E720643BA7952,2020-10-09 03:26:31.711000,2020-10-09 03:26:33.615000
xumf3kbdnylyyu6y,failed,not_found,12,B8F6E68B36BEE2BF548750BDCCC3C2A7DB56A623,5A8DE0AF6D319C1F1D4E541A3176AC9D70AC35A0,EAA823552F959DFD038E9AC8FA89345A738B6C00,80E476984A8FAA9C5686E9CF6BA13B9846778775,2020-10-09 03:26:23.381000,2020-10-09 03:26:24.948000
xumf3kbdnylyyu6y,failed,not_found,27,B8F6E68B36BEE2BF548750BDCCC3C2A7DB56A623,7C1BEFB5D6897981ECE52817A2D3B702A9EB30D9,0E300A0942899B995AE08CEF58062BCFEB51EEDF,80C113BCE9356B4DECF94E7CF4A8C0BD315EE8E8,2020-10-09 03:26:24.948000,2020-10-09 03:26:26.376000
xumf3kbdnylyyu6y,failed,not_found,38,B8F6E68B36BEE2BF548750BDCCC3C2A7DB56A623,0EFEAA8E74F9D9024A019702D31380C7B5CBDEEA,2CF227C88CD37461CC2233E10083ED8A21D49CDC,80DF1465F2F27AA933DDB3A8F8A2AE06D3D859DA,2020-10-09 03:26:26.377000,2020-10-09 03:26:27.997000
xumf3kbdnylyyu6y,failed,not_found,57,B8F6E68B36BEE2BF548750BDCCC3C2A7DB56A623,E46777C6EFB6036190EFAAD9B13EE9D0E75C5510,BE9B12FAAB7429842D643E2308390ECD8961E0A1,EC619D444A7CF48BF09A366EF521F3FF9ADF1949,2020-10-09 03:26:27.997000,2020-10-09 03:26:28.903000
xumf3kbdnylyyu6y,failed,not_found,83,B8F6E68B36BEE2BF548750BDCCC3C2A7DB56A623,E7EF73B4722CFAF0E8AA2151D3AA78701DE5F19B,14D57DEDF0A4554A2D21AD53CCCC43E31158C733,EC7DF86078FCD97796087E8A8D37131E74A37CBF,2020-10-09 03:26:28.904000,2020-10-09 03:26:30.315000
xumf3kbdnylyyu6y,failed,not_found,119,B8F6E68B36BEE2BF548750BDCCC3C2A7DB56A623,81A59766272894D27FE8375C4F83A6BA453671EF,12CF6DB4DAE106206D6C6B09988E865C0509843B,EC65D72BB9668553999DE4E6CF380207ACA941EA,2020-10-09 03:26:30.316000,2020-10-09 03:26:31.983000
27vunmc2hifk36p3,failed,not_found,13,B8F6E68B36BEE2BF548750BDCCC3C2A7DB56A623,A1B7C1F83E5DA4376FD2E1DBA7AC28A71AB332AD,E00DFD54DC165D5452FBD3530D30186DAD016A0C,DE81E82F60AFCA34FB5F94D78F590FEEBB435CDC,2020-10-09 03:26:23.400000,2020-10-09 03:26:25.360000
27vunmc2hifk36p3,failed,not_found,17,B8F6E68B36BEE2BF548750BDCCC3C2A7DB56A623,5F0BFF8BF2C7528E41DB149245F4736C75CC7779,2F2710152A2344B1DE3EF619E85CB1B298643D27,DE82EEFA24410DA17CB3CA3EE3C9552349BD5F1D,2020-10-09 03:26:25.361000,2020-10-09 03:26:26.438000
27vunmc2hifk36p3,failed,not_found,40,B8F6E68B36BEE2BF548750BDCCC3C2A7DB56A623,50C7B836942F14BDF1541B017CF21FD03F354E13,3FE39429CB7077BBB13D2774591A1B80EE493742,DE74E8C4F3CF0FBBCB7E761BB3072050D1D4DD88,2020-10-09 03:26:26.439000,2020-10-09 03:26:27.858000
27vunmc2hifk36p3,failed,not_found,61,B8F6E68B36BEE2BF548750BDCCC3C2A7DB56A623,B70BD334FFEE23E653B75219AE12CF0236BCFCBB,7BE4752877553A96CD4035D0C526BCD09E81CC64,14CF04009FFE81448391F3FA626E9D2F114BDE54,2020-10-09 03:26:27.859000,2020-10-09 03:26:29.221000
27vunmc2hifk36p3,failed,not_found,95,B8F6E68B36BEE2BF548750BDCCC3C2A7DB56A623,56927E61B51E6F363FB55498150A6DDFCF7077F2,78E42C5EA3FC4C5606B3ACF5623DE25FE6B5F167,14D2FDC6ABDCD1A27CA32D13AA2C68566D1E8223,2020-10-09 03:26:29.221000,2020-10-09 03:26:30.882000
27vunmc2hifk36p3,failed,not_found,138,B8F6E68B36BEE2BF548750BDCCC3C2A7DB56A623,F5746F6257DFE87E3A90753C2A0439926C55552F,D503FBB19BE69F63D7ACAA9B67CAA2AC7B448B11,14D57DEDF0A4554A2D21AD53CCCC43E31158C733,2020-10-09 03:26:30.883000,2020-10-09 03:26:33.281000
wpj7ay675xpi3v3w,failed,not_found,14,B8F6E68B36BEE2BF548750BDCCC3C2A7DB56A623,657D2F4DD76D1BA7877EB2F1742ED9898EB04629,99339F3E68BCCC1391BF14C821D80766FE0C5956,411B168C12384786A899AAA8A288286BAAD3D94F,2020-10-09 03:26:23.401000,2020-10-09 03:26:27.124000
wpj7ay675xpi3v3w,failed,not_found,56,B8F6E68B36BEE2BF548750BDCCC3C2A7DB56A623,E97D754577161C2BEF19042F6E1931D8F3E57DFE,645C3F0545E0975A49F69EC272C0C3EA28586825,412767ECB0CEF7DCBAF8748DDBA8575860DD6782,2020-10-09 03:26:27.125000,2020-10-09 03:26:29.166000
wpj7ay675xpi3v3w,failed,not_found,93,B8F6E68B36BEE2BF548750BDCCC3C2A7DB56A623,0CB40D12177CBABAB87652BBFC00A7E6F4434D3E,5751514249B4A7FA5187363BB6C4F76126729137,48325E9146758F8636473D6D25FD4D7734E189CB,2020-10-09 03:26:29.167000,2020-10-09 03:26:31.006000
wpj7ay675xpi3v3w,failed,not_found,144,B8F6E68B36BEE2BF548750BDCCC3C2A7DB56A623,997423CFFEE5EE58BB3A1C2B3C1D747BC93B69F3,4623A9EC53BFD83155929E56D6F7B55B5E718C24,41145C3169D810DB360FF2FCA232093B02C0B262,2020-10-09 03:26:31.006000,2020-10-09 03:26:33.274000
wpj7ay675xpi3v3w,failed,not_found,193,B8F6E68B36BEE2BF548750BDCCC3C2A7DB56A623,304B631B1BC51705DAE7BAF566487AFE25807380,C8BEF3DF07AF38B68DD0DA91B23B19EBD2C7667F,47F9D1E0155089917FFA734EF759089326C3761A,2020-10-09 03:26:33.274000,2020-10-09 03:26:35.534000
wpj7ay675xpi3v3w,failed,not_found,281,B8F6E68B36BEE2BF548750BDCCC3C2A7DB56A623,9FAF5DB5DF3A2AB135C38A86389ECAA9B1B1217D,9C900A7F6F5DD034CFFD192DAEC9CCAA813DB022,482A687F14182974926CE0B3ACFFC8D6247ED7DF,2020-10-09 03:26:35.535000,2020-10-09 03:26:39.690000
y7ui4s3fauq5gduc,failed,not_found,19,B8F6E68B36BEE2BF548750BDCCC3C2A7DB56A623,CB4EBE9C475A60A5F2CDA92C83CE093BD945D940,320DB7BEA72C058BA2EEF098BF1AEFBA29371BE0,D245C3E824456945C6759599CB8A0547135A066D,2020-10-09 03:26:24.452000,2020-10-09 03:26:26.221000
y7ui4s3fauq5gduc,failed,not_found,139,B8F6E68B36BEE2BF548750BDCCC3C2A7DB56A623,8E7ACAD878BBD61097C0E0D557160F5D59BCE5CA,31D270A38505D4BFBBCABF717E9FB4BCA6DDF2FF,D23F48B37526F904EECB3C8ED0747EF254C11BB4,2020-10-09 03:26:26.221000,2020-10-09 03:26:32.726000
y7ui4s3fauq5gduc,failed,not_found,226,B8F6E68B36BEE2BF548750BDCCC3C2A7DB56A623,0C6D3655763B1A3A60FC42135CD60765AFE953BA,3BBF9D98C7D058D7C2E60F6BA5BD574CB4F3FE26,99C5ACEF5AC8E3D3C4DE79004F3AC649B375891C,2020-10-09 03:26:32.727000,2020-10-09 03:26:36.966000
y7ui4s3fauq5gduc,failed,not_found,290,B8F6E68B36BEE2BF548750BDCCC3C2A7DB56A623,9492CC046A0BB01638C2332073AA0600B3F31252,9A48EC8AAFB2E8C9E20408596383DB74F1196747,99AC77667D8D606251B749DFDA473B2C781F78D0,2020-10-09 03:26:36.966000,2020-10-09 03:26:40.337000
y7ui4s3fauq5gduc,failed,not_found,431,B8F6E68B36BEE2BF548750BDCCC3C2A7DB56A623,242BBC022D6BCDE6B7CD5EFC665B0A83B8E57608,C0F508ADA14AE7EA9F8F6650AF149B8DFC35B598,D228AE265C966CA4E9A8C4B746A30A9737060A32,2020-10-09 03:26:40.338000,2020-10-09 03:26:49.788000
y7ui4s3fauq5gduc,failed,not_found,581,B8F6E68B36BEE2BF548750BDCCC3C2A7DB56A623,A09D20D85D0AA29C47C90ABEAFDB6B7A4BF7FD07,54F5D800DD9783FCF2200E80EF3D1A867A3F6D6B,99B2CBF6EFD80ACD303E8089656668EF236015CD,2020-10-09 03:26:49.789000,2020-10-09 03:27:17.207000
5atfzyp22pvpgugn,failed,not_found,20,B8F6E68B36BEE2BF548750BDCCC3C2A7DB56A623,A29536C09FFA651336CEF34E8C5B7F1F81E5A7CC,98BCA63DD82E13A637FF8D0EC28135663DB08CA1,7F64B84FA7889688041D2413AD60EA3F9CA6801D,2020-10-09 03:26:24.490000,2020-10-09 03:26:26.851000
5atfzyp22pvpgugn,failed,not_found,53,B8F6E68B36BEE2BF548750BDCCC3C2A7DB56A623,A22B1C2EF2255987F8AB8AA0B1A8E23F5023EEB8,D0BF6A6400081DA6031536ECEAD59F79BDABEB65,7F52A31991B48A95A52EDE2CA4E161ED70124B4A,2020-10-09 03:26:26.852000,2020-10-09 03:26:28.316000
5atfzyp22pvpgugn,failed,not_found,71,B8F6E68B36BEE2BF548750BDCCC3C2A7DB56A623,A59AD84F92B2E5A76EBFE3BE62D3B28AF9BFD127,2CF227C88CD37461CC2233E10083ED8A21D49CDC,00E1649E69FF91D7F01E74A5E62EF14F7D9915E4,2020-10-09 03:26:28.316000,2020-10-09 03:26:29.771000
5atfzyp22pvpgugn,failed,not_found,111,B8F6E68B36BEE2BF548750BDCCC3C2A7DB56A623,73713518E8BD7110D0C6D84F0682C1E0B7541F79,06E72526BBE040C51C5ADFBAA07ADD9AEB5E1FA1,7F3D20E72A24ED2EBD92AA9C430B805BA389D02B,2020-10-09 03:26:29.772000,2020-10-09 03:26:31.188000
5atfzyp22pvpgugn,failed,not_found,146,B8F6E68B36BEE2BF548750BDCCC3C2A7DB56A623,DEA84F08432800346BADB35F1EAC1B2A4D5B165D,3A6FED8AEB5D7242835F509881D09F425F13EE20,00CCE6A84E6D63A1A42E105839BC8ED5D4B16669,2020-10-09 03:26:31.189000,2020-10-09 03:26:33.767000
5atfzyp22pvpgugn,failed,not_found,211,B8F6E68B36BEE2BF548750BDCCC3C2A7DB56A623,160B5805A781D93390D4A2AE05EA9C5B438E7967,A09D20D85D0AA29C47C90ABEAFDB6B7A4BF7FD07,00DCAEAE3E54C32809E7F7CC4BF2A6FC68FC552F,2020-10-09 03:26:33.768000,2020-10-09 03:26:37.525000
u7zfowlqcjtfffh2,failed,not_found,21,B8F6E68B36BEE2BF548750BDCCC3C2A7DB56A623,DF2A8EB131E1E97204B31FBAEE9DA619D4D4FA76,6315278A91710062D90B288199EFA06E4AAA9E8F,2EB3C230180694A1E848001E20F36F76A2287039,2020-10-09 03:26:24.511000,2020-10-09 03:26:26.035000
u7zfowlqcjtfffh2,failed,not_found,29,B8F6E68B36BEE2BF548750BDCCC3C2A7DB56A623,AC2275831607A95CD8B939C3B8DC466CCF48E2B9,816E0058746B155EADD0EBD85C0465E3C778051F,FC82FEA3E8A86785B202F4C1451F89C5E12A8A00,2020-10-09 03:26:26.035000,2020-10-09 03:26:27.062000
u7zfowlqcjtfffh2,failed,not_found,54,B8F6E68B36BEE2BF548750BDCCC3C2A7DB56A623,128FC6D8FBF753121C5662FEE309CCD47B64BA6B,2298B7EB4E895D770364B961EAC26347E30D4248,FCC392FC20A5C1C5B5E95AB6E24735E493E3AEB7,2020-10-09 03:26:27.063000,2020-10-09 03:26:28.594000
u7zfowlqcjtfffh2,failed,not_found,79,B8F6E68B36BEE2BF548750BDCCC3C2A7DB56A623,C5B622E52654B570ADFD656AC61B74CC84BBEE95,63C6AB74A5C288C2159DDC783BB00F88AB44427C,FC8C3644FEE491C828EF7A980F9E2CB0D12F4D0C,2020-10-09 03:26:28.595000,2020-10-09 03:26:30.244000
u7zfowlqcjtfffh2,failed,not_found,117,B8F6E68B36BEE2BF548750BDCCC3C2A7DB56A623,0E300A0942899B995AE08CEF58062BCFEB51EEDF,1F768F39EDFA445C14E18E915B0CED7E14E450CF,2EF6713D3394B827953667A33FB9D44AD665C783,2020-10-09 03:26:30.245000,2020-10-09 03:26:32.170000
u7zfowlqcjtfffh2,failed,not_found,170,B8F6E68B36BEE2BF548750BDCCC3C2A7DB56A623,B0E6E3471C70D667E471F0BBBB8DDB184EDCE16F,3F065BB0B02FB2303E144383D16C47A7DED75AE7,2ED8654AD1B8C25F3EB83156B07EA35BE6132F0C,2020-10-09 03:26:32.171000,2020-10-09 03:26:34.277000
pkrq3gjcesyeisjw,failed,not_found,22,B8F6E68B36BEE2BF548750BDCCC3C2A7DB56A623,37BB3233098BF9B9095C27834E65A2E17FF807F8,E130296683B896A117CE5DA531A5645644178734,1BBCAEB763CA46DEB565A7251FAA6AC79A388ADD,2020-10-09 03:26:24.549000,2020-10-09 03:26:26.306000
pkrq3gjcesyeisjw,failed,not_found,36,B8F6E68B36BEE2BF548750BDCCC3C2A7DB56A623,067ECF198238BD14B0CFE24899475A53A94E14EC,6315278A91710062D90B288199EFA06E4AAA9E8F,C866C38DA2D102CD88E138F0AF3A9D6B72606730,2020-10-09 03:26:26.306000,2020-10-09 03:26:28.243000
pkrq3gjcesyeisjw,failed,not_found,70,B8F6E68B36BEE2BF548750BDCCC3C2A7DB56A623,296A9A2C96249BC5D8CA8CF196EF5E3FCC80488E,F9E32D4058F7F35E9BC4F1D8C3B2DAA0C4466660,1BBD716B4973D96E570D334A5776978BFF7E0E5D,2020-10-09 03:26:28.243000,2020-10-09 03:26:29.651000
pkrq3gjcesyeisjw,failed,not_found,107,B8F6E68B36BEE2BF548750BDCCC3C2A7DB56A623,1B91B86B67317A63636FE38ABE6C4E701A2B1A99,8C5B316ED73018484765C3E0944E4508DCAE0944,1BB98B6F6EBCB616D0BD9485EA4B6FA7A7501D74,2020-10-09 03:26:29.652000,2020-10-09 03:26:31.982000
pkrq3gjcesyeisjw,failed,not_found,162,B8F6E68B36BEE2BF548750BDCCC3C2A7DB56A623,E3500E2C9F6B87085056893C4279AEA0B3F37782,8FD3BAF5E14EBE1124D6253D59882AFE1C2B9B8E,C841357CFA0F2CE96692EF21D515D6BF0B017036,2020-10-09 03:26:31.983000,2020-10-09 03:26:33.733000
pkrq3gjcesyeisjw,failed,not_found,210,B8F6E68B36BEE2BF548750BDCCC3C2A7DB56A623,695D811B130673C2DE8DCFC5A9E742790BD25066,5AD3FB658E490BAD9515F363374AA41D65D31A02,C85B7E5F3D06AB55AB0465E5CF66E777B1375DE5,2020-10-09 03:26:33.734000,2020-10-09 03:26:36.101000
pqioyl2h57x4n5nb,failed,not_found,23,B8F6E68B36BEE2BF548750BDCCC3C2A7DB56A623,BF37445EA2A9F3D04F4B87DFAC624AEF21B559D5,95C8B9418E74F3FF80E5C3D3AF7F03156FFBBFBE,169535CC4C75FF79C6D548D41720064EE4FE61D2,2020-10-09 03:26:24.550000,2020-10-09 03:26:26.160000
pqioyl2h57x4n5nb,failed,not_found,33,B8F6E68B36BEE2BF548750BDCCC3C2A7DB56A623,CACD9D63B759B35555D8C965A3E01071E9DFB44C,F5F4019509109A07E90C45A022CEED9ECA1643C8,169D36A75108D9D77B422C89EFA783CFBC662BF8,2020-10-09 03:26:26.161000,2020-10-09 03:26:27.694000
pqioyl2h57x4n5nb,failed,not_found,60,B8F6E68B36BEE2BF548750BDCCC3C2A7DB56A623,74AC10CA94E400BA4D69E397562597CA04FC5352,D14EC16949648CEE84EA1664445029EA4B597074,0515C09FF6F72644B922C8D99128489FA53BA1FC,2020-10-09 03:26:27.695000,2020-10-09 03:26:29.462000
pqioyl2h57x4n5nb,failed,not_found,116,B8F6E68B36BEE2BF548750BDCCC3C2A7DB56A623,D6BC16A4ACACA87B81AE00BC28F8AF2DB95E74F7,74AC10CA94E400BA4D69E397562597CA04FC5352,16920E1AF95EEF7A516BB31DB4F35C3D67D885C1,2020-10-09 03:26:29.463000,2020-10-09 03:26:31.992000
pqioyl2h57x4n5nb,failed,not_found,165,B8F6E68B36BEE2BF548750BDCCC3C2A7DB56A623,856DAB2FDC9EED88A27BE2265FA6BD5489EF178E,3C4B5F67E092261DD87626CCA76C7402A4A1CCC3,0512FE6BE9CCA0ED133152E64010B2FBA141EB10,2020-10-09 03:26:31.992000,2020-10-09 03:26:34.153000
pqioyl2h57x4n5nb,failed,not_found,218,B8F6E68B36BEE2BF548750BDCCC3C2A7DB56A623,F37374DB9FA6EF14CED64FD294E8D8683F032EC8,929BB84A68198CE35E2F2828812840AF5C2CBC4A,0504F3E139D9B9D60131ADF4DB8D8BBB81D464D2,2020-10-09 03:26:34.154000,2020-10-09 03:26:37.055000
cflareub6dtu7nvs3kqmoigcjdwap2azrkx5zohb2yk7gqjkwoyotwqd,received,,41,B8F6E68B36BEE2BF548750BDCCC3C2A7DB56A623,4E98AA295B7171996D18DD1F6A19F64AB4036B4A,462F4983DFBFB4E557706843093C9B497A23DF92,51BD25EE06C46E4466427D4ABF94F2964514EB2F,2020-10-09 03:26:26.593000,2020-10-09 03:26:28.732000
ihfs7qqyfx5tylub,failed,not_found,43,B8F6E68B36BEE2BF548750BDCCC3C2A7DB56A623,B849824F8FCD7AEB130DF356F592BA40C686CA08,A59AD84F92B2E5A76EBFE3BE62D3B28AF9BFD127,11C3D14A1166AEDED6D247A32DE6451F6C95223A,2020-10-09 03:26:26.648000,2020-10-09 03:26:28.061000
ihfs7qqyfx5tylub,failed,not_found,66,B8F6E68B36BEE2BF548750BDCCC3C2A7DB56A623,5C5D61F279AA0816F506FD5CE86C30F256291DDE,2AD22DDE34790BBE19FB4D11DDCBBFDC45EF16A6,11C9529C9D0671545EAEF80DFE209AD977BCE908,2020-10-09 03:26:28.062000,2020-10-09 03:26:29.687000
ihfs7qqyfx5tylub,failed,not_found,108,B8F6E68B36BEE2BF548750BDCCC3C2A7DB56A623,57FC927F1CDADEC93380E247EE949A3787A0DB7E,D52A160303C638D9FB03463F8A6B7934D5787F4C,040A7442349A2AC92233C2470D6C4F2BD02EDF15,2020-10-09 03:26:29.687000,2020-10-09 03:26:31.465000
ihfs7qqyfx5tylub,failed,not_found,156,B8F6E68B36BEE2BF548750BDCCC3C2A7DB56A623,970F0966DAA7EBDEE44E3772045527A6854E997B,E130296683B896A117CE5DA531A5645644178734,040085FFE1E88CF48AB0B5B2AB39035758C65F0C,2020-10-09 03:26:31.466000,2020-10-09 03:26:33.543000
ihfs7qqyfx5tylub,failed,not_found,205,B8F6E68B36BEE2BF548750BDCCC3C2A7DB56A623,7EB91FDB68EAD3A13808D9356DA82605773215F5,A0DFB31231C718829FA18EAB4D0CD51DEDBAE08C,0409605E8343562A790FFE846CB3BD7C04429F70,2020-10-09 03:26:33.543000,2020-10-09 03:26:36.153000
ihfs7qqyfx5tylub,failed,not_found,270,B8F6E68B36BEE2BF548750BDCCC3C2A7DB56A623,7B10E2D82A60EFC4E97CE5A9F4E8C9A79C59DFC5,99D5C9A5A7238986D1EA1D7771CF81B4A192C4D0,11ABDB4D0B944F186A898560CB82C70439957DCA,2020-10-09 03:26:36.154000,2020-10-09 03:26:39.723000
zpihxcle6kcohfbm,failed,not_found,55,B8F6E68B36BEE2BF548750BDCCC3C2A7DB56A623,F73036C92CD94D5A16DEA9E50FE4BEC2AF3DE171,7E7D257777019B80771C5F6FF63DB6D89AE5B067,B25427A8F4A485E03EDA31757AB1C33DBE587428,2020-10-09 03:26:26.683000,2020-10-09 03:26:28.478000
zpihxcle6kcohfbm,failed,not_found,76,B8F6E68B36BEE2BF548750BDCCC3C2A7DB56A623,34DF8443F6ACD1A543AAA10A7621A389E31A4422,E916F2ACBA67EC57AFAF450AA84E528308835418,B2741D35F0FDACE03350DBECD8BE8A84FEFB33DC,2020-10-09 03:26:28.479000,2020-10-09 03:26:30.350000
zpihxcle6kcohfbm,failed,not_found,120,B8F6E68B36BEE2BF548750BDCCC3C2A7DB56A623,E7882187F6FA695450719FD3738D640FBDFF5D48,01384A5D9C6D34352701BF86D04E5F406CB256AE,843C4F774DA2653DADBA5B847A33CC646995F6A1,2020-10-09 03:26:30.350000,2020-10-09 03:26:31.912000
zpihxcle6kcohfbm,failed,not_found,140,B8F6E68B36BEE2BF548750BDCCC3C2A7DB56A623,876C7CE43774366250D3E768E690DAB9D4B5D5A3,B204DE75B37064EF6A4C6BAF955C5724578D0B32,841DE1E065BCA8C1EBDC4A7140646F47A6257BD8,2020-10-09 03:26:31.912000,2020-10-09 03:26:32.753000
zpihxcle6kcohfbm,failed,not_found,206,B8F6E68B36BEE2BF548750BDCCC3C2A7DB56A623,23A2D8DDF761F35CC63BDF65E604B76A7E2F6971,C1A792D0F70DFEFDCE0D9C70A9CE5ACA095693CA,842D5F5215C6FCDCB104EE717E9531727B45C31D,2020-10-09 03:26:32.754000,2020-10-09 03:26:36.043000
zpihxcle6kcohfbm,failed,not_found,267,B8F6E68B36BEE2BF548750BDCCC3C2A7DB56A623,C35C9FA3FC501BDC22A83FC05102733951E386D0,DBE82FA23B9FE3CB2462A6FCF5289DED3CBF4AEE,B27115A20B05D40730A4020145EFA63381D9D51B,2020-10-09 03:26:36.044000,2020-10-09 03:26:39.461000
urdr7x6m4hwnngsn,failed,not_found,45,B8F6E68B36BEE2BF548750BDCCC3C2A7DB56A623,9C0552B04ED88D3434774BA0B049F59D8901F892,08F06A0DDAFABF9A26FCB2E392A1435F9E048216,B890CB3C5A05ED29625F872A1EE462788C7DFACB,2020-10-09 03:26:26.684000,2020-10-09 03:26:28.218000
urdr7x6m4hwnngsn,failed,not_found,69,B8F6E68B36BEE2BF548750BDCCC3C2A7DB56A623,638D91FC9EF661348A6994D04C3499BC03F50BBE,0BCD2A99AA76C0985FC28140CE710549C70AC0FD,FF87E49EF33078B04A5DE26AAE170DDF8BAE139F,2020-10-09 03:26:28.219000,2020-10-09 03:26:29.775000
urdr7x6m4hwnngsn,failed,not_found,94,B8F6E68B36BEE2BF548750BDCCC3C2A7DB56A623,EDC9D832FBEAF949F610D3F6A55537291B4E8F26,3151FB419FAB0FD86D7BE4F7DFD620E99E105D92,FF7A8216F1D5FCE0F8E08E7F584DADEB29C46B8D,2020-10-09 03:26:29.776000,2020-10-09 03:26:30.695000
urdr7x6m4hwnngsn,failed,not_found,133,B8F6E68B36BEE2BF548750BDCCC3C2A7DB56A623,322C6E3A973BC10FC36DE3037AD27BC89F14723B,8A6F5A21493685B50F1B46A87A2099D6C410F237,FF3059E77E5D22F1C3B20CCBE125691AD27588DD,2020-10-09 03:26:30.696000,2020-10-09 03:26:32.446000
urdr7x6m4hwnngsn,failed,not_found,240,B8F6E68B36BEE2BF548750BDCCC3C2A7DB56A623,74F44514E060866912DFFE1554D0D135C9DC5148,A4771CB90024F1870D622960519945A3E49B40FE,B891CB6370CF7C51C6FB24D80947AFB7ED463D00,2020-10-09 03:26:32.449000,2020-10-09 03:26:37.907000
urdr7x6m4hwnngsn,failed,not_found,317,B8F6E68B36BEE2BF548750BDCCC3C2A7DB56A623,C05CE5DB16F4921BAFFAF58585BE90D0A3980FEB,F83A64E0FA85BC224807919772FE14E1BA07CEF5,B8BF2948E7830586F64EE92CCEABFB202E2FBF85,2020-10-09 03:26:37.908000,2020-10-09 03:26:42.360000
ctiw2pbubnq5vyh4,failed,not_found,46,B8F6E68B36BEE2BF548750BDCCC3C2A7DB56A623,5DDF0CD4D74803B7A70856D6C76D93ADEA82210C,ACA0B8702A6A0B890217A3D26B7220EB6E1CFFD1,0D58067912EA84D955565C82A4C00A47CDEF11DC,2020-10-09 03:26:26.697000,2020-10-09 03:26:28.465000
ctiw2pbubnq5vyh4,failed,not_found,75,B8F6E68B36BEE2BF548750BDCCC3C2A7DB56A623,599A708756048993A1029B2775EEF8C9E40BB640,138B95F9A10E8BEBA6B142ADAC7331765C61ACE4,0D6E25BD8C540178C309EE2A84C7A74496360D6E,2020-10-09 03:26:28.466000,2020-10-09 03:26:29.934000
ctiw2pbubnq5vyh4,failed,not_found,113,B8F6E68B36BEE2BF548750BDCCC3C2A7DB56A623,A604086EAE838774F809811925A223DCFDBB1D17,9A48EC8AAFB2E8C9E20408596383DB74F1196747,0D35A457BE0304F2656310C90C774695A3773A6B,2020-10-09 03:26:29.934000,2020-10-09 03:26:31.653000
ctiw2pbubnq5vyh4,failed,not_found,159,B8F6E68B36BEE2BF548750BDCCC3C2A7DB56A623,D710B8449C8EC4E3ED55B8C7483B6445ED9A0DBB,69BE1831EC63C751D241E5E962DA4793355A6253,9664A7EFB405F555F3C0079FA7618B2EE6CE6D2A,2020-10-09 03:26:31.653000,2020-10-09 03:26:33.433000
ctiw2pbubnq5vyh4,failed,not_found,198,B8F6E68B36BEE2BF548750BDCCC3C2A7DB56A623,CD39C258265B25EAA4ABA4FDCB2DF98104CAA362,FBD20387F64D67ED53AC5BD2E0302D44B2DA360C,966D8F4B442C112BC6DCEFEAEB77EF76C1C957E6,2020-10-09 03:26:33.434000,2020-10-09 03:26:35.920000
ctiw2pbubnq5vyh4,failed,not_found,266,B8F6E68B36BEE2BF548750BDCCC3C2A7DB56A623,72A33E374DE5AD1E617394896F0FD8B092D3E7C4,DC2B1E4348AF306326FA63EEDB76EA6139133485,9661AC95717798884F3E3727D360DD98D66727CC,2020-10-09 03:26:35.921000,2020-10-09 03:26:39.236000
fofq5aj73baihclx,failed,not_found,47,B8F6E68B36BEE2BF548750BDCCC3C2A7DB56A623,F8DE8132E599A194E20DDB738AF64A7200CD5949,7B22865D6868BE1F9436B45B395F03D48DD9D221,4C6E75E65818844B7D3F3A8A9666525680006EAF,2020-10-09 03:26:26.716000,2020-10-09 03:26:28.354000
fofq5aj73baihclx,failed,not_found,72,B8F6E68B36BEE2BF548750BDCCC3C2A7DB56A623,0D7C69551F9186DB589BDF00858314AC136A33DA,D079D6818926684C5979C18171FB18862A4A5792,53134D9637D9FBE565FA1E3AF82B23CC964C56D6,2020-10-09 03:26:28.354000,2020-10-09 03:26:29.701000
fofq5aj73baihclx,failed,not_found,110,B8F6E68B36BEE2BF548750BDCCC3C2A7DB56A623,55B5A9DB9C2B57C035437A3CC52A6B11D877CBDD,F50CF02A0E6A9D9B25F7EB220FC26F7BD1B74999,4C5B8134341E66CB09246985E4039F9BFC0ADCE3,2020-10-09 03:26:29.702000,2020-10-09 03:26:32.039000
fofq5aj73baihclx,failed,not_found,247,B8F6E68B36BEE2BF548750BDCCC3C2A7DB56A623,6521A3AEF9AC4B83361411F769EEDCBAB124F162,FC3422292F0BDAF47068C750C1793710F5019B07,530277866466A1425F43A73DBFCB5FC7410C9852,2020-10-09 03:26:32.040000,2020-10-09 03:26:37.834000
fofq5aj73baihclx,failed,not_found,314,B8F6E68B36BEE2BF548750BDCCC3C2A7DB56A623,DBE82FA23B9FE3CB2462A6FCF5289DED3CBF4AEE,42B4F52C5B11E4D39855F654955425B0D5A0598B,4C52890A00964648E3AED7EB7CB178BA082610E6,2020-10-09 03:26:37.835000,2020-10-09 03:26:41.725000
fofq5aj73baihclx,failed,not_found,414,B8F6E68B36BEE2BF548750BDCCC3C2A7DB56A623,5DB9AE27A44EB7B476CC04A66C67A71C97A001E6,3532FA1CEDA2AAA07C1F23A9C08905D248085593,531BE6C3195A757C116B9566B944DD0B2B6A23B0,2020-10-09 03:26:41.726000,2020-10-09 03:26:49.478000
7glesn2tz54lushr,failed,not_found,48,B8F6E68B36BEE2BF548750BDCCC3C2A7DB56A623,50ABA69AF252B16DE00093B478EC88E1A8C903BA,2D97C1A7D5A06530F3B2B291F8F2C10CB313DC10,6C282D35C674A036B79B5F30E90D19B363D3DAB2,2020-10-09 03:26:26.759000,2020-10-09 03:26:28.029000
7glesn2tz54lushr,failed,not_found,154,B8F6E68B36BEE2BF548750BDCCC3C2A7DB56A623,22B64DD090129E2E413689E245443E2799087B5A,ACAE2A7000B2BEB08704AAA0A2DDCADD68E58A63,6C302C54C5F2A40B6A546FA39D14E657D383FB56,2020-10-09 03:26:28.030000,2020-10-09 03:26:33.648000
7glesn2tz54lushr,failed,not_found,209,B8F6E68B36BEE2BF548750BDCCC3C2A7DB56A623,E3E75603998661EA67C6767493FC606830DDC345,049852A10805835E9AB2C551D6C438BE6DE8B24C,C51701910DEA998F4F51287A71B7E94449A3E9BC,2020-10-09 03:26:33.649000,2020-10-09 03:26:36.233000
7glesn2tz54lushr,failed,not_found,273,B8F6E68B36BEE2BF548750BDCCC3C2A7DB56A623,B04322CA1A173C40602D87597412FB40A3BE2953,8C612213C4B5C154FA90847F36FBF36DB78AB1AC,C4FD2403CC929297B559A49E582516944F75C6A9,2020-10-09 03:26:36.234000,2020-10-09 03:26:39.641000
7glesn2tz54lushr,failed,not_found,585,B8F6E68B36BEE2BF548750BDCCC3C2A7DB56A623,509EAB4C5D10C9A9A24B4EA0CE402C047A2D64E6,EF5720EDBF48E1AD04300EDE0906975E6F34926C,C50ED548D22C1908E58AA194AD3DC966FD267E06,2020-10-09 03:26:39.642000,2020-10-09 03:27:19.780000
7glesn2tz54lushr,,,,,,,6C333B5BDBA3DFE7A782E40CB970C271ABFED119,2020-10-09 03:27:19.780000,
eapxb46uuqk2v3hi,failed,not_found,49,B8F6E68B36BEE2BF548750BDCCC3C2A7DB56A623,44E59C9496D7CCB431E2761633FA2B57680259F9,4E5C4ED5CC70E5A32B48392FF72CC4BE24937EDA,AAAEFD0CB5443776F98971C3E0A854C989E2DA37,2020-10-09 03:26:26.760000,2020-10-09 03:26:28.400000
eapxb46uuqk2v3hi,failed,not_found,74,B8F6E68B36BEE2BF548750BDCCC3C2A7DB56A623,44412B315567A50EF6BBF592B76F1D9B44C146E3,85A3AC041E3FCD796AF5D653953D5E27A56E3719,EC4B6AF202EFE752C4D9E2FBD092C4EAE779ADA1,2020-10-09 03:26:28.401000,2020-10-09 03:26:30.205000
eapxb46uuqk2v3hi,failed,not_found,115,B8F6E68B36BEE2BF548750BDCCC3C2A7DB56A623,2D97C1A7D5A06530F3B2B291F8F2C10CB313DC10,B5CCA5A4521F60DDB596C1A6404D8DEECDD85BFB,AA98AE4BDB6E03BAA48011CAE828ECEC50B029C8,2020-10-09 03:26:30.206000,2020-10-09 03:26:31.991000
eapxb46uuqk2v3hi,failed,not_found,163,B8F6E68B36BEE2BF548750BDCCC3C2A7DB56A623,6565F31D9EC0C7DFFEA1920BE3BA4C73EF35B5C4,724E86E7F5DA715529DC0ECAA013AE4BDC680E4C,EC51FD38AD444AD7A8463BFDA035282755B5EEC1,2020-10-09 03:26:31.991000,2020-10-09 03:26:34.850000
eapxb46uuqk2v3hi,failed,not_found,241,B8F6E68B36BEE2BF548750BDCCC3C2A7DB56A623,3F43D0584A2613C9DB631382FF486DC6B95EA1C8,D6BC16A4ACACA87B81AE00BC28F8AF2DB95E74F7,AAA03044B42AD37D5C5592D6604A6D1B72F4B3BE,2020-10-09 03:26:34.850000,2020-10-09 03:26:37.746000
eapxb46uuqk2v3hi,failed,not_found,288,B8F6E68B36BEE2BF548750BDCCC3C2A7DB56A623,181F48BFF5D425BCEC1E78DAC5B5F0E45FFDAF4D,D405FCCF06ADEDF898DF2F29C9348DCB623031BA,EC619D444A7CF48BF09A366EF521F3FF9ADF1949,2020-10-09 03:26:37.746000,2020-10-09 03:26:40.483000
kns56zhzqbzbem5g,failed,not_found,50,B8F6E68B36BEE2BF548750BDCCC3C2A7DB56A623,AA98AE4BDB6E03BAA48011CAE828ECEC50B029C8,1FA62FDBB5A07B501D05F3C8D4344F0D7BA1BF97,8B80169BEF71450FC4069A190853523B7AEA45E1,2020-10-09 03:26:26.761000,2020-10-09 03:26:28.860000
kns56zhzqbzbem5g,failed,not_found,82,B8F6E68B36BEE2BF548750BDCCC3C2A7DB56A623,AB0120A92CC6C2BC3A01CC9347720D743AF0BD21,CA4E9DFE87DE87E502F3B503D07EC8EFCAEE2549,8B7C64EC9D8209C142530B3488050B85D55D69D6,2020-10-09 03:26:28.860000,2020-10-09 03:26:30.590000
kns56zhzqbzbem5g,failed,not_found,131,B8F6E68B36BEE2BF548750BDCCC3C2A7DB56A623,005ED97213F725867E422B8DC0443361BBB24E3C,1C7215BC0123DDA23BDED0F9D2849D3AD80183CB,8D4AA79E47B1C99116DC8E8F301BD574021B88AE,2020-10-09 03:26:30.591000,2020-10-09 03:26:32.224000
kns56zhzqbzbem5g,failed,not_found,172,B8F6E68B36BEE2BF548750BDCCC3C2A7DB56A623,E43F9C33A75C75D7A2D82866367DC7585EC01203,9B2BC7EFD661072AFADC533BE8DCF1C19D8C2DCC,8B64F593CAC2ED05C0FA703AEF50FF71925B569C,2020-10-09 03:26:32.225000,2020-10-09 03:26:34.330000
kns56zhzqbzbem5g,failed,not_found,221,B8F6E68B36BEE2BF548750BDCCC3C2A7DB56A623,41145C3169D810DB360FF2FCA232093B02C0B262,7B2904FE8AA12E45EA3D65658ED8CECA4A51F7F8,8D599159A555665F199DD0F9E81277417C8D3973,2020-10-09 03:26:34.331000,2020-10-09 03:26:37.482000
kns56zhzqbzbem5g,failed,not_found,300,B8F6E68B36BEE2BF548750BDCCC3C2A7DB56A623,5AD3FB658E490BAD9515F363374AA41D65D31A02,C9D02B1644BD47C136E379FDFAF4973D1A1CE07C,8D457B3887EFB17A2BA8EA01559E16CEE74E2489,2020-10-09 03:26:37.520000,2020-10-09 03:26:41.072000
tsezy7i2ruj4nh33,failed,not_found,51,B8F6E68B36BEE2BF548750BDCCC3C2A7DB56A623,005079A42356183CEA5A3ADD239303F44F12E7EA,94F16DA2BDDBA092954FF8EC29F9234A69949403,51BD25EE06C46E4466427D4ABF94F2964514EB2F,2020-10-09 03:26:26.787000,2020-10-09 03:26:28.566000
tsezy7i2ruj4nh33,failed,not_found,98,B8F6E68B36BEE2BF548750BDCCC3C2A7DB56A623,E8D550E6ACFAAAF75A7A3672C55D5114882953C7,69BE1831EC63C751D241E5E962DA4793355A6253,62ABC3D1B0D5DE48DE4B8AF5E76D5AA8F535CCDF,2020-10-09 03:26:28.566000,2020-10-09 03:26:30.718000
tsezy7i2ruj4nh33,failed,not_found,134,B8F6E68B36BEE2BF548750BDCCC3C2A7DB56A623,25E078CD1E537A7418318168F7E1990EF2A160C8,2B94FEF968C9949FD2F10EB154938494B2F50527,62CF4982747BFDE3C0395A3894554BD8DC3C5D92,2020-10-09 03:26:30.718000,2020-10-09 03:26:32.642000
tsezy7i2ruj4nh33,failed,not_found,187,B8F6E68B36BEE2BF548750BDCCC3C2A7DB56A623,1B9FACF25E17D26E307EA7CFA7D455B144B032E5,D16162311822511464E9C6CE2FC62E48A0548B26,62CD9D19F8DD8F058131F90EFA99C55DB6F1BDB8,2020-10-09 03:26:32.642000,2020-10-09 03:26:34.767000
tsezy7i2ruj4nh33,failed,not_found,238,B8F6E68B36BEE2BF548750BDCCC3C2A7DB56A623,84CB0782C8CA81A7263EE86F321EDFECC611369A,324E2F56E04C2329598EAC512C3455AD45CE4A8C,51AE5656C81CD417479253A6363A123A007A2233,2020-10-09 03:26:34.767000,2020-10-09 03:26:37.396000
tsezy7i2ruj4nh33,failed,not_found,295,B8F6E68B36BEE2BF548750BDCCC3C2A7DB56A623,4B351545DD58473F36B0A20E5500AC6ED51E8CD5,69534B8B5FCCD0BF1124945B1D0F5A35FB0A3542,51A8A22944F228EA2D601434D127864B1B0B0F8C,2020-10-09 03:26:37.397000,2020-10-09 03:26:40.924000
crvko4fgpkiemywf,failed,not_found,52,B8F6E68B36BEE2BF548750BDCCC3C2A7DB56A623,18486EEF535E1303B1C9ACEBAC2D1AB09F7708CF,6C333B5BDBA3DFE7A782E40CB970C271ABFED119,66F3438B93260F9AC2DFE879BD6A3F830DCE9366,2020-10-09 03:26:26.788000,2020-10-09 03:26:28.567000
crvko4fgpkiemywf,failed,not_found,78,B8F6E68B36BEE2BF548750BDCCC3C2A7DB56A623,5B1F0DAF378A1FAFCFD5FA9CDC66D1023DC0276E,C1939D36649DE98A202429631D8EFC70128D5F5F,670507CA6CF7697E6027728CC28BB0AEF1DE1E7C,2020-10-09 03:26:28.567000,2020-10-09 03:26:30.095000
crvko4fgpkiemywf,failed,not_found,114,B8F6E68B36BEE2BF548750BDCCC3C2A7DB56A623,FB016E16B8CD7A0E53DEEF31ED8754E4F6B8E837,8AE7DE9B3E76B5C2298A89604ED75E3B9EBAC031,E235941C8403FB63EC91436FA4DCF6B020EB51A2,2020-10-09 03:26:30.096000,2020-10-09 03:26:31.882000
crvko4fgpkiemywf,failed,not_found,161,B8F6E68B36BEE2BF548750BDCCC3C2A7DB56A623,8CC7474E0671B257AA821624F6B43D9B07CBDC89,18CA9EA099BB9861E354D2A6FF49337A7E81C2F3,66FE9812C3545F0651C0EE7342751EFB52513FAA,2020-10-09 03:26:31.883000,2020-10-09 03:26:33.794000
crvko4fgpkiemywf,failed,not_found,213,B8F6E68B36BEE2BF548750BDCCC3C2A7DB56A623,CCF2FD0048FCC9A842BE881472CEC148BB4EF458,A810FF1E5C7983D43B3517506479274B5DA5AC73,E233F3609689B34A86B15ECEB6DE7B51AA311704,2020-10-09 03:26:33.795000,2020-10-09 03:26:36.297000
crvko4fgpkiemywf,failed,not_found,274,B8F6E68B36BEE2BF548750BDCCC3C2A7DB56A623,43DF5979E1FD37986EFAEB6B9DDCAE42D3FF81D7,1804C06A266F0DA26DF58CD559E01C2F7C3FC42A,E23931923121DA64C12CB6AA20B6F2C3E55627FF,2020-10-09 03:26:36.298000,2020-10-09 03:26:39.532000
4qrjurakmw62sfi4,failed,not_found,68,B8F6E68B36BEE2BF548750BDCCC3C2A7DB56A623,2BA2C8E96B2590E1072AECE2BDB5C48921BF8510,AEF0EADA8C92A4DF1500FAE303ECD8E1EBD56670,566328D9E9AC56D7B5E165856F5E290C4A51C8D4,2020-10-09 03:26:28.919000,2020-10-09 03:26:29.928000
4qrjurakmw62sfi4,failed,not_found,112,B8F6E68B36BEE2BF548750BDCCC3C2A7DB56A623,888E9C8ABDE13F7177939D40810F5EA0BEDA9346,CDA2C336AD87E22DF02983887A3F74B21070D02D,39F91959416763AFD34DBEEC05474411B964B2DC,2020-10-09 03:26:29.928000,2020-10-09 03:26:31.567000
4qrjurakmw62sfi4,failed,not_found,157,B8F6E68B36BEE2BF548750BDCCC3C2A7DB56A623,63DE54637F349FD686CF1C036827B5BE826B9F7C,8BE79CE3261C027CE94F84D6CBE45F03BE9B8B59,567221DD586D0E388A6859FB33C09696BD20151B,2020-10-09 03:26:31.567000,2020-10-09 03:26:33.941000
4qrjurakmw62sfi4,failed,not_found,264,B8F6E68B36BEE2BF548750BDCCC3C2A7DB56A623,F8DE8132E599A194E20DDB738AF64A7200CD5949,24F97F98C45E4754655BE66799049763DAEE99CE,39EC14A9BD010485F9219A9D2FF9F29690260053,2020-10-09 03:26:33.942000,2020-10-09 03:26:39.404000
4qrjurakmw62sfi4,failed,not_found,374,B8F6E68B36BEE2BF548750BDCCC3C2A7DB56A623,72B2B12A3F60408BDBC98C6DF53988D3A0B3F0EE,235D3444236ABC28F412E93814F6B783200D4630,39F096961ED2576975C866D450373A9913AFDC92,2020-10-09 03:26:39.405000,2020-10-09 03:26:46.498000
4qrjurakmw62sfi4,failed,not_found,497,B8F6E68B36BEE2BF548750BDCCC3C2A7DB56A623,E384748293FC4429E2B427360DB4F9D4C3D619D1,C2481FAAA5508F6C2A64873972281220E9778476,56731D73A7BF7600C2942ED84F2371B9BE26117C,2020-10-09 03:26:46.499000,2020-10-09 03:27:00.495000
3pvpp5qwolfavqlc,failed,not_found,84,B8F6E68B36BEE2BF548750BDCCC3C2A7DB56A623,12D978C2A4CB4AC17940FE88F899B67A0FF9BAAD,A395942C2B86F0C497D04A156806FBD3024D22CF,7E006A46A222CE42F84B4A175698B3B593A7B3B7,2020-10-09 03:26:28.955000,2020-10-09 03:26:30.428000
3pvpp5qwolfavqlc,failed,not_found,124,B8F6E68B36BEE2BF548750BDCCC3C2A7DB56A623,73A62B590CC4F290D068FA20A12D6408A0D8B60C,62ABC3D1B0D5DE48DE4B8AF5E76D5AA8F535CCDF,7DEE0F8F19D4C3BF646C8041BC5BE7A9085DFCF4,2020-10-09 03:26:30.428000,2020-10-09 03:26:32.533000
3pvpp5qwolfavqlc,failed,not_found,183,B8F6E68B36BEE2BF548750BDCCC3C2A7DB56A623,4CFE65E16DBE9D9ED0CFFBD9BEEEE4EAE50CD33F,104D9F6CE16EF525B994FA6595E0023F8C6A4E08,F26168CE0373C48D7E35BBEE7FEF0D2BA5B577A1,2020-10-09 03:26:32.534000,2020-10-09 03:26:35.638000
3pvpp5qwolfavqlc,failed,not_found,263,B8F6E68B36BEE2BF548750BDCCC3C2A7DB56A623,ACF8FC6C14032A045B44F6B98525EE5C0472DD50,61004152C709672EE739F2667B56EF5550A51332,7E064E894EF4876B9DF2C4BE1B784F91E194F3B4,2020-10-09 03:26:35.639000,2020-10-09 03:26:39.097000
3pvpp5qwolfavqlc,failed,not_found,341,B8F6E68B36BEE2BF548750BDCCC3C2A7DB56A623,3CCF9573F59137E52787D9C322AC19D2BD090B70,F00C8B7589FEE52BE84387CDB422C1F1386979C0,F24F8BEA2779A79111F33F6832B062BED306B9CB,2020-10-09 03:26:39.097000,2020-10-09 03:26:44.206000
3pvpp5qwolfavqlc,failed,not_found,472,B8F6E68B36BEE2BF548750BDCCC3C2A7DB56A623,16FD7E5D67B7054EE4E7FDDF04AFB48216CA640A,9BA9334DA769A7C96D464F9EA38A970088B6FECB,F263F4F57A20D8C19E9F9C84150C60F7A49F2DB5,2020-10-09 03:26:44.209000,2020-10-09 03:26:55.847000
hmc2tyvxdnhtb7xn,failed,not_found,85,B8F6E68B36BEE2BF548750BDCCC3C2A7DB56A623,FB691D6E3FEE35C6979EE72AF03A53DD861B4CBB,4820738C5159E6C86E1FE1321162FAF5C6F668A8,580D385842804C8AE068AB028898BBB6F74B1544,2020-10-09 03:26:28.956000,2020-10-09 03:26:30.817000
hmc2tyvxdnhtb7xn,failed,not_found,136,B8F6E68B36BEE2BF548750BDCCC3C2A7DB56A623,221546DAE86B003139B13BD6F6AE1B4B42B59DF8,7FA3196223EF6DFE7B53EA85E3629239A0EE1CE9,57F1B5F9ADF8E0B089246E27626A52F30DC310F8,2020-10-09 03:26:30.817000,2020-10-09 03:26:32.891000
hmc2tyvxdnhtb7xn,failed,not_found,164,B8F6E68B36BEE2BF548750BDCCC3C2A7DB56A623,98AEF7B834D688773CE2BCC5A32761A4943CF623,8AE7DE9B3E76B5C2298A89604ED75E3B9EBAC031,F34E681AF8226DEBC9135A48F61DEF9F68966BA5,2020-10-09 03:26:32.892000,2020-10-09 03:26:34.317000
hmc2tyvxdnhtb7xn,failed,not_found,307,B8F6E68B36BEE2BF548750BDCCC3C2A7DB56A623,954666871AF443730E97772E183DAD1F45583FB7,89FD4FB2A5FD73B50F2E5D85C4707883F8CD5130,F35D115BDD5987D301BE0FD27DAB05F5F4B2ABAE,2020-10-09 03:26:34.318000,2020-10-09 03:26:41.108000
hmc2tyvxdnhtb7xn,failed,not_found,428,B8F6E68B36BEE2BF548750BDCCC3C2A7DB56A623,3F43D0584A2613C9DB631382FF486DC6B95EA1C8,81E18725397D620DA548ABBE24D9CD263DEF2FDC,F37374DB9FA6EF14CED64FD294E8D8683F032EC8,2020-10-09 03:26:41.108000,2020-10-09 03:26:49.304000
hmc2tyvxdnhtb7xn,failed,not_found,544,B8F6E68B36BEE2BF548750BDCCC3C2A7DB56A623,4E98AA295B7171996D18DD1F6A19F64AB4036B4A,6B9EA8927AB6E94E216067E65372182343A5AFA2,580534A3F0676CA97BD48A3630106A10B904900E,2020-10-09 03:26:49.305000,2020-10-09 03:27:08.349000
zuco5wwyuutgoi4m,failed,not_found,184,B8F6E68B36BEE2BF548750BDCCC3C2A7DB56A623,49CA9262801E9DC9B414A143A58A68255149367A,188673CF3937442517301800F383BE53D4A17732,ACBBB426CE1D0641A590BF1FC1CF05416FC0FF6F,2020-10-09 03:26:29.032000,2020-10-09 03:26:35.399000
zuco5wwyuutgoi4m,failed,not_found,252,B8F6E68B36BEE2BF548750BDCCC3C2A7DB56A623,9C900A7F6F5DD034CFFD192DAEC9CCAA813DB022,27357053F65BAE3274DBE78E1353E15FCB9E002E,9ECEC047BA0596C51EDD098616C8A86697A12824,2020-10-09 03:26:35.399000,2020-10-09 03:26:38.208000
zuco5wwyuutgoi4m,failed,not_found,391,B8F6E68B36BEE2BF548750BDCCC3C2A7DB56A623,F0BCA23872B699283AA039899263DF0147E9B48A,9F29D0DD4AEB62E742BDAEEF2DFD3BDD76953403,9EAD5B2D3DBD96DBC80DCE423B0C345E920A758D,2020-10-09 03:26:38.208000,2020-10-09 03:26:46.886000
zuco5wwyuutgoi4m,failed,not_found,508,B8F6E68B36BEE2BF548750BDCCC3C2A7DB56A623,AA26B97B6CA757BF63328EE96705120609CF4AAD,322C6E3A973BC10FC36DE3037AD27BC89F14723B,9EB3FD84065E5622A57EFEF14E41A01B5B99A022,2020-10-09 03:26:46.887000,2020-10-09 03:27:03.523000
zuco5wwyuutgoi4m,,,,,,,ACAE2A7000B2BEB08704AAA0A2DDCADD68E58A63,2020-10-09 03:27:03.524000,
tdh4g7m4ymmvrfut,failed,not_found,87,B8F6E68B36BEE2BF548750BDCCC3C2A7DB56A623,CB2DBDB2D9422D57AD85148EF9511AF4CE4D6052,425835370C1FBE178C21CB53C76672F12BDE091A,173EBA1FACA59718499AE8023187E5F95E8BF1C7,2020-10-09 03:26:29.033000,2020-10-09 03:26:30.371000
tdh4g7m4ymmvrfut,failed,not_found,121,B8F6E68B36BEE2BF548750BDCCC3C2A7DB56A623,881F09279F94E9AAD3DE30727DF3AD7C2CE900DF,75F4BE85F5DC623BDAF65CB269CD6E4E3F14FE38,4B68D0E5392ED6F3469A37880631353A96558631,2020-10-09 03:26:30.372000,2020-10-09 03:26:32.060000
tdh4g7m4ymmvrfut,failed,not_found,169,B8F6E68B36BEE2BF548750BDCCC3C2A7DB56A623,FB016E16B8CD7A0E53DEEF31ED8754E4F6B8E837,6C333B5BDBA3DFE7A782E40CB970C271ABFED119,17460997E66C47F805A834BE93CC14EC0DC608EA,2020-10-09 03:26:32.061000,2020-10-09 03:26:34.219000
tdh4g7m4ymmvrfut,failed,not_found,219,B8F6E68B36BEE2BF548750BDCCC3C2A7DB56A623,B840C7DE596E77A22187E638C5116DC5B3BBDDD1,B0B26AEDB0D1E21EA8E06530CAAD953B464286FB,174D93DF6242BD4ABE2C09E6607892C3A3905675,2020-10-09 03:26:34.220000,2020-10-09 03:26:36.677000
tdh4g7m4ymmvrfut,failed,not_found,284,B8F6E68B36BEE2BF548750BDCCC3C2A7DB56A623,E5CC91BAFE7CCD68003E873D32E38027638D49D7,A597AC866E40CAB5A67759ADE4942192E99DE684,4B6987046FC7FB0F9EECC9EA05D5BD5462C25AB8,2020-10-09 03:26:36.678000,2020-10-09 03:26:40.086000
tdh4g7m4ymmvrfut,failed,not_found,373,B8F6E68B36BEE2BF548750BDCCC3C2A7DB56A623,AEF6C1FBA0FC16F4931638BF065085B974D3E90F,F8DE8132E599A194E20DDB738AF64A7200CD5949,4B582F3F4BB4DE56D7728DEB22AA255350870F98,2020-10-09 03:26:40.087000,2020-10-09 03:26:46.127000
73cp3h5eknui4thb,failed,not_found,88,B8F6E68B36BEE2BF548750BDCCC3C2A7DB56A623,D237E2F1FE64CA47F40544CB53403ABF8F51C3D8,114FB145113A8D53818F0BA9363DFBC81DC8447F,0B555940D37DC849728841C0B290074E1A1BDCA8,2020-10-09 03:26:29.034000,2020-10-09 03:26:30.838000
73cp3h5eknui4thb,failed,not_found,137,B8F6E68B36BEE2BF548750BDCCC3C2A7DB56A623,B2D03CDF45EB4D74A65FAC4F00EBA785C9663A5F,7B57933E29D520471D7E67AB48B06B62832828F9,0B477F70980938C5287C04A8256951DEDBB72E4B,2020-10-09 03:26:30.838000,2020-10-09 03:26:32.878000
73cp3h5eknui4thb,failed,not_found,191,B8F6E68B36BEE2BF548750BDCCC3C2A7DB56A623,DFF9E741D00F74998FE83CD6260EE4D9E0B0DBFA,AA1C729BA8B846930D53580822A81F6C38432C00,0B58A95E539FFA6C05C010F5C1DA35FB8038E3A8,2020-10-09 03:26:32.878000,2020-10-09 03:26:35.045000
73cp3h5eknui4thb,failed,not_found,245,B8F6E68B36BEE2BF548750BDCCC3C2A7DB56A623,6CDF81E5A9BF270CDF4C989D5F7917113591C355,CA4E9DFE87DE87E502F3B503D07EC8EFCAEE2549,33AA6CFE161A698169B548C9D973DAE6DED6BF0E,2020-10-09 03:26:35.046000,2020-10-09 03:26:37.747000
73cp3h5eknui4thb,failed,not_found,313,B8F6E68B36BEE2BF548750BDCCC3C2A7DB56A623,00EAAFDC05DCD6EBD1E06E0B4F1F35D16DF0BA80,A2C6C931D8627C6605288970889DDB88C7BA2142,33B07D509C6D67006C9AE29ECD4F8EAD1B1112CB,2020-10-09 03:26:37.748000,2020-10-09 03:26:42.027000
73cp3h5eknui4thb,failed,not_found,419,B8F6E68B36BEE2BF548750BDCCC3C2A7DB56A623,901CBA6FF3B90618D3FFEFF040353C267F690DF8,447A24F3402C4774D89E7AAD2D876D0BF64E3267,33DBA330433E2915BD0EE66787A48863C818C0BB,2020-10-09 03:26:42.028000,2020-10-09 03:26:48.799000
4gdh4gfjryu2gkay,failed,not_found,89,B8F6E68B36BEE2BF548750BDCCC3C2A7DB56A623,0512FE6BE9CCA0ED133152E64010B2FBA141EB10,D39F2CD90A236F94A61B76616B4873329DA77888,2E8E7262E39EF1661CC1173AA0F4731C921975A1,2020-10-09 03:26:29.089000,2020-10-09 03:26:30.478000
4gdh4gfjryu2gkay,failed,not_found,129,B8F6E68B36BEE2BF548750BDCCC3C2A7DB56A623,B04322CA1A173C40602D87597412FB40A3BE2953,9149A87E1C8AD684494580FBB3F65AD131A77C56,2B31FB827D4CEA734B9F78C16137CFD6F8AEBB7B,2020-10-09 03:26:30.479000,2020-10-09 03:26:32.180000
4gdh4gfjryu2gkay,failed,not_found,171,B8F6E68B36BEE2BF548750BDCCC3C2A7DB56A623,91FBAE8A92F3BDFBF86D8860CC7FF189B6A0D165,CBD00958A3B897774E333D75C24E6A75F5220DCC,2B377FBBCDFD4A97971150C6053B99E01D4DACCB,2020-10-09 03:26:32.181000,2020-10-09 03:26:34.619000
4gdh4gfjryu2gkay,failed,not_found,236,B8F6E68B36BEE2BF548750BDCCC3C2A7DB56A623,276AE7A0E974FC96B0933F1DA8FD51FD3BA59944,0E300A0942899B995AE08CEF58062BCFEB51EEDF,2B34099ED2BC598C4745C96C873FD73A445646BD,2020-10-09 03:26:34.619000,2020-10-09 03:26:37.527000
4gdh4gfjryu2gkay,failed,not_found,303,B8F6E68B36BEE2BF548750BDCCC3C2A7DB56A623,90D43CF5541ECF57C1833FED33FFDFF239C4817C,1C8B3C3D8BC705883B7799C915B2FE1E0FEB006F,2ED8654AD1B8C25F3EB83156B07EA35BE6132F0C,2020-10-09 03:26:37.528000,2020-10-09 03:26:41.107000
4gdh4gfjryu2gkay,failed,not_found,427,B8F6E68B36BEE2BF548750BDCCC3C2A7DB56A623,91799AD097018FD5F83B70B978068FB83F72934F,897A8EDF20BF12737FD8276EC0919E99F0463045,2EB3C230180694A1E848001E20F36F76A2287039,2020-10-09 03:26:41.108000,2020-10-09 03:26:52.993000
u4awz7c35ve7un6s,failed,not_found,90,B8F6E68B36BEE2BF548750BDCCC3C2A7DB56A623,82ED9AEC94184EC6DD299A5CDB3378B04BB17489,38F21DEE29E40DCDF9460A80662B7723562CA008,08602BACB604139F07C9530DFC243454C48B9749,2020-10-09 03:26:29.090000,2020-10-09 03:26:30.497000
u4awz7c35ve7un6s,failed,not_found,130,B8F6E68B36BEE2BF548750BDCCC3C2A7DB56A623,7C22E89AB620E77DF1B4A33787A5EC3F2AB4A8D1,C00A6B7541A9491629CEEADF121DCA6BEBD1FC45,E75ABF29D4B417D3D3565AEDAF89E4F9D16E736F,2020-10-09 03:26:30.497000,2020-10-09 03:26:32.263000
u4awz7c35ve7un6s,failed,not_found,174,B8F6E68B36BEE2BF548750BDCCC3C2A7DB56A623,21C9D9F1633246269DEB84A79495E85C07E8466D,F7D3EF888541DDE246D36F4E7C8E90F24618910E,0869EA503377C702669BC75DD7A59094658DFA08,2020-10-09 03:26:32.263000,2020-10-09 03:26:34.523000
u4awz7c35ve7un6s,failed,not_found,235,B8F6E68B36BEE2BF548750BDCCC3C2A7DB56A623,4FDDFAD51B24DDABB62FB59071F4DC421E76C685,7260949459C2D4D4A5ABC3AC10C1AD6939E6525C,0861F4966E199C0BA9DB1D904DB4BC843508F12C,2020-10-09 03:26:34.523000,2020-10-09 03:26:37.864000
u4awz7c35ve7un6s,failed,not_found,315,B8F6E68B36BEE2BF548750BDCCC3C2A7DB56A623,6A1AF5C55985A32E44462D3F5CFEB1701418D9DC,FD79B7F9230858B48E75F389661840C702511078,E75166CEDB8397B86DE512B9B79B8CA7225ECB52,2020-10-09 03:26:37.865000,2020-10-09 03:26:41.697000
u4awz7c35ve7un6s,failed,not_found,392,B8F6E68B36BEE2BF548750BDCCC3C2A7DB56A623,1E5E18AC41DAEDF1BE7A02612C297E35CA24949A,774908E4A3018A9696BD02FE4F3F8A8724396D22,E747773C61CF671A222EB913DE17DA33074A6D76,2020-10-09 03:26:41.698000,2020-10-09 03:26:47.508000
75anpaculpw2brwc,failed,not_found,91,B8F6E68B36BEE2BF548750BDCCC3C2A7DB56A623,B3DA9D673321B92253DCCD38A9740F2C562C91EA,41145C3169D810DB360FF2FCA232093B02C0B262,8310506FEB8DA98EAE0C30F65413B4E20B6BE3E0,2020-10-09 03:26:29.137000,2020-10-09 03:26:30.595000
75anpaculpw2brwc,failed,not_found,443,B8F6E68B36BEE2BF548750BDCCC3C2A7DB56A623,4011E1BB0E5B9A22AF665B553BFFDDE22A517B16,AD7552F2CFBF472F9FFE748D3E82994EA6050A76,83381B9F72D753F3F57A5380F6C6D2EB07A4837F,2020-10-09 03:26:30.595000,2020-10-09 03:26:58.889000
75anpaculpw2brwc,,,,,,,834C91DEEB2FE4FEFCE55A99C378968FB659115C,2020-10-09 03:26:58.889000,
c4e5qp2q6dpuhxhm,failed,not_found,92,B8F6E68B36BEE2BF548750BDCCC3C2A7DB56A623,E432C6B90254DD0675F86D3E4D5F3A2CA100DE8B,4D2FCB3C654AD6AFCA4AF87E87AE72735F643D8B,EBB50442D1D826DBE9C61A9EE5E0A2CE44DD989A,2020-10-09 03:26:29.139000,2020-10-09 03:26:30.724000
c4e5qp2q6dpuhxhm,failed,not_found,135,B8F6E68B36BEE2BF548750BDCCC3C2A7DB56A623,18B160CD5E22BFC345AEE7BA84B7EA45BF457FCA,18E77D8A194F468742D60D4B47BEB99570CDE7AC,EFE449E0B6B7A657376B5FE62AD172B3EC5800A8,2020-10-09 03:26:30.724000,2020-10-09 03:26:32.713000
c4e5qp2q6dpuhxhm,failed,not_found,188,B8F6E68B36BEE2BF548750BDCCC3C2A7DB56A623,081C9DF6A615A300B382C004DFE2CC37B561C9A0,103336165A0D2EFCAD3605339843A0A7710B8B92,EBB76D096FF5787A303B2C81E21BFF9816C6FA0D,2020-10-09 03:26:32.713000,2020-10-09 03:26:34.934000
c4e5qp2q6dpuhxhm,failed,not_found,276,B8F6E68B36BEE2BF548750BDCCC3C2A7DB56A623,9B3E7A0AD9A054984CC87E7CA9D5C117202D45D4,FABA6394C790E96812D33689FAE90796FBA79AA8,EFEACD781604EB80FBC025EDEDEA2D523AEAAA2F,2020-10-09 03:26:34.935000,2020-10-09 03:26:39.603000
c4e5qp2q6dpuhxhm,failed,not_found,387,B8F6E68B36BEE2BF548750BDCCC3C2A7DB56A623,E81993EA52B73285CFFD02FEC003569D21483001,5A8DE0AF6D319C1F1D4E541A3176AC9D70AC35A0,EFE48A6A2A02B68D1767C13B9646FA62EA8310B2,2020-10-09 03:26:39.604000,2020-10-09 03:26:46.691000
c4e5qp2q6dpuhxhm,failed,not_found,506,B8F6E68B36BEE2BF548750BDCCC3C2A7DB56A623,ADE92B0150C933FFE00683E7492F1D930AFABB6D,D87A947A2405C41208C57D32ED1D0CA2EBE93AF6,EBB799FADD615E93CA97BE5583E5EB97DD21E10F,2020-10-09 03:26:46.692000,2020-10-09 03:27:03.355000
4nwthgwesnh2s22b,failed,not_found,101,B8F6E68B36BEE2BF548750BDCCC3C2A7DB56A623,AC2275831607A95CD8B939C3B8DC466CCF48E2B9,C5B622E52654B570ADFD656AC61B74CC84BBEE95,FA150B9FEBD863358C53C4A16E35A051411763A6,2020-10-09 03:26:29.499000,2020-10-09 03:26:31.428000
4nwthgwesnh2s22b,failed,not_found,155,B8F6E68B36BEE2BF548750BDCCC3C2A7DB56A623,EAA088440B100FF8407266B5D4853FFB16A8CB67,D847D0480D9C3D4A9E140F6ACFFCA01493A3E3F1,D48DC22A810BF47E66C678A63AA54715DD3E9879,2020-10-09 03:26:31.429000,2020-10-09 03:26:33.440000
4nwthgwesnh2s22b,failed,not_found,199,B8F6E68B36BEE2BF548750BDCCC3C2A7DB56A623,461453F94FA0E3CBB011685E22CDAFD2AF0DFDC3,B524F94EFF164D47904BCCBDD06D65FEC843F96B,FA1845C313B88EF49E8BE1F23B02CD0AC702B636,2020-10-09 03:26:33.441000,2020-10-09 03:26:35.513000
4nwthgwesnh2s22b,failed,not_found,258,B8F6E68B36BEE2BF548750BDCCC3C2A7DB56A623,C912562B219133AE60D81B789F448FF4C1C6F58A,431702B3A68A6015F9955DD4FD0129175B43EA0F,FA294BD58FBB18133564734AA552CF68159DE1FF,2020-10-09 03:26:35.513000,2020-10-09 03:26:38.692000
4nwthgwesnh2s22b,failed,not_found,332,B8F6E68B36BEE2BF548750BDCCC3C2A7DB56A623,2E72EEABE4EE19183BEFAA10D88B3C16829C9F99,87B529BCF6B52BE28BBB22EC4AA702F9AE42D551,D4825DF61F9C8FC64C57CFAE943BF1D705B06ACE,2020-10-09 03:26:38.692000,2020-10-09 03:26:43.501000
4nwthgwesnh2s22b,failed,not_found,456,B8F6E68B36BEE2BF548750BDCCC3C2A7DB56A623,4E98AA295B7171996D18DD1F6A19F64AB4036B4A,B87D46124FCB8BD887CC774349F335ED1F8419F6,D46F368FDCFB9363A2A9B8279FFC2331B540BD0E,2020-10-09 03:26:43.502000,2020-10-09 03:26:53.413000
hvq5rujrt4sukag5,failed,not_found,102,B8F6E68B36BEE2BF548750BDCCC3C2A7DB56A623,60CA295745930AFA59DB73F877834B4100C7B712,44BD70C13DAA7513D6F47773804178B009F21ED5,986E29FB17C8C7A1FEAFF203F012D5930BA079DB,2020-10-09 03:26:29.556000,2020-10-09 03:26:30.993000
hvq5rujrt4sukag5,failed,not_found,158,B8F6E68B36BEE2BF548750BDCCC3C2A7DB56A623,CB92FA4D7D71F134CE1F1FFF2BFF53E88DD4A1DB,81F59E8936D0B2105182E4B8200AC07D9274961F,427DEDAA28D39672F3D9B7714170C724634671F3,2020-10-09 03:26:30.993000,2020-10-09 03:26:33.494000
hvq5rujrt4sukag5,failed,not_found,204,B8F6E68B36BEE2BF548750BDCCC3C2A7DB56A623,9EFF16EA25FF27BC438A3FBF23C5315E576467AF,B9233588917C5F6B7DA771118707090591BC4C87,428A661B415A055E27A769CC3EAD86DE384312CD,2020-10-09 03:26:33.494000,2020-10-09 03:26:36.696000
hvq5rujrt4sukag5,failed,not_found,269,B8F6E68B36BEE2BF548750BDCCC3C2A7DB56A623,100195E079A761751587E31A091D2E2206F35C3A,44412B315567A50EF6BBF592B76F1D9B44C146E3,42949C1EC1FEC5E30197E269FE7850CCA2FD0C0D,2020-10-09 03:26:36.697000,2020-10-09 03:26:39.095000
hvq5rujrt4sukag5,failed,not_found,340,B8F6E68B36BEE2BF548750BDCCC3C2A7DB56A623,A4771CB90024F1870D622960519945A3E49B40FE,A2CD32D9D0668DB764AD68C745CE29693CA851B9,987D0706D42070F1E2142A9FCCB56B3887808D34,2020-10-09 03:26:39.096000,2020-10-09 03:26:43.959000
hvq5rujrt4sukag5,failed,not_found,562,B8F6E68B36BEE2BF548750BDCCC3C2A7DB56A623,0C3D5E19E3C75B505C8ACD26F89DCA2DF970553E,8C5B316ED73018484765C3E0944E4508DCAE0944,98867F5242505A2DD581C85B1CE256090B87F138,2020-10-09 03:26:43.959000,2020-10-09 03:27:13.670000
2xldya337darvgqz,failed,not_found,103,B8F6E68B36BEE2BF548750BDCCC3C2A7DB56A623,D6BC16A4ACACA87B81AE00BC28F8AF2DB95E74F7,B93503D458D9FE97DE5C12D211082871D08F1284,5B52301188A4D0A96190DAB170973FA39116495D,2020-10-09 03:26:29.557000,2020-10-09 03:26:31.344000
2xldya337darvgqz,failed,not_found,225,B8F6E68B36BEE2BF548750BDCCC3C2A7DB56A623,0D7C69551F9186DB589BDF00858314AC136A33DA,53134D9637D9FBE565FA1E3AF82B23CC964C56D6,5B7ECD80310B35E6B95FC887E143C889CF8C2841,2020-10-09 03:26:31.345000,2020-10-09 03:26:36.833000
2xldya337darvgqz,failed,not_found,285,B8F6E68B36BEE2BF548750BDCCC3C2A7DB56A623,289F955FA04BD224F18DED9D4766529705FBDC48,EC8D71DA87C4A98B910170E3C42A2CE329223398,5B701D5C806F91D8A3C6B3E92624727EC43E26C2,2020-10-09 03:26:36.834000,2020-10-09 03:26:40.455000
2xldya337darvgqz,failed,not_found,365,B8F6E68B36BEE2BF548750BDCCC3C2A7DB56A623,51064561203E97716372E12CAAA85A93CEC70621,6B9EA8927AB6E94E216067E65372182343A5AFA2,5DA4305BD06BD6F6A30BB06C34C251E256AC1328,2020-10-09 03:26:40.456000,2020-10-09 03:26:45.442000
2xldya337darvgqz,failed,not_found,483,B8F6E68B36BEE2BF548750BDCCC3C2A7DB56A623,5856DB884578915E7C7A0B7B11E4145B1D2A4E2B,CB92FA4D7D71F134CE1F1FFF2BFF53E88DD4A1DB,5D9622326D1AE40F2F4D570BE1C7FC7505F3528C,2020-10-09 03:26:45.443000,2020-10-09 03:26:57.056000
2xldya337darvgqz,,,,,,,5D995EC983ED3DF9DAABD32B9BF1540AFF42A457,2020-10-09 03:26:57.056000,
w3annr3ws7stjztj,failed,not_found,104,B8F6E68B36BEE2BF548750BDCCC3C2A7DB56A623,FDFD675D05216549EB7DA545E32ECFCEEAE805F2,7B0D94D348D9F98C50B6674C5CB17AF35EA2605F,5475E1C23C16B6FEFC2C56FA20FF674726D7FE26,2020-10-09 03:26:29.558000,2020-10-09 03:26:31.054000
w3annr3ws7stjztj,failed,not_found,145,B8F6E68B36BEE2BF548750BDCCC3C2A7DB56A623,36FA576EE55BE5F1297370FBECBBBEB6125BBE4A,1CD48F4ED0F1821FFBF1940802A13EEFD4C27502,546E52A979FB0FBBDF1DDF360FB20AA03D22AACE,2020-10-09 03:26:31.055000,2020-10-09 03:26:33.227000
w3annr3ws7stjztj,failed,not_found,306,B8F6E68B36BEE2BF548750BDCCC3C2A7DB56A623,391D289DFAFB673B362646A51973447EB706DFC4,874D84382C892F3F61CC9E106BF08843DE0B865A,4A3B874F0187F2CF0DA3C8F76063B070F9F7A14F,2020-10-09 03:26:33.228000,2020-10-09 03:26:41.129000
w3annr3ws7stjztj,failed,not_found,558,B8F6E68B36BEE2BF548750BDCCC3C2A7DB56A623,046F2D59A85FAE693676A87533717C57436261C2,C7273E54DC970FD18543F521DA883C823BE4AF01,4A3EA0E1E4381199A9D80D88AF7D334644DF082B,2020-10-09 03:26:41.129000,2020-10-09 03:27:14.630000
w3annr3ws7stjztj,,,,,,,4A411DD8EBBD539AA0090A305856B9C838F7F2D6,2020-10-09 03:27:14.631000,
lk6kmstgcnp3s4td,failed,not_found,105,B8F6E68B36BEE2BF548750BDCCC3C2A7DB56A623,E546C96AEB2258BD0733949027E8F96156F6B290,63BF46A63F9C21FD315CD061B3EAA3EB05283A0A,3BA07FCB32A0151EF9B76507213E43D8ABD3BE5F,2020-10-09 03:26:29.559000,2020-10-09 03:26:31.005000
lk6kmstgcnp3s4td,failed,not_found,143,B8F6E68B36BEE2BF548750BDCCC3C2A7DB56A623,4F0DB7E687FC7C0AE55C8F243DA8B0EB27FBF1F2,970F0966DAA7EBDEE44E3772045527A6854E997B,3B90AE3B2D1AF41DE00C6B9FBCBAA96AAE81BEA9,2020-10-09 03:26:31.005000,2020-10-09 03:26:33.611000
lk6kmstgcnp3s4td,failed,not_found,207,B8F6E68B36BEE2BF548750BDCCC3C2A7DB56A623,FFA72BD683BC2FCF988356E6BEC1E490F313FB07,43ED7792315172F4E0B8E6EF7387C81F3469CFEC,9DA7EF9E9D6070CD8B7059B8A8CC5B41CEC02726,2020-10-09 03:26:33.612000,2020-10-09 03:26:36.309000
lk6kmstgcnp3s4td,failed,not_found,275,B8F6E68B36BEE2BF548750BDCCC3C2A7DB56A623,B4A96C0852DD0841579D33E09A98D641EACCD73E,9B2BC7EFD661072AFADC533BE8DCF1C19D8C2DCC,3B953203AF332D8FE1452E1CE7CB50A3B5297DB2,2020-10-09 03:26:36.310000,2020-10-09 03:26:39.410000
lk6kmstgcnp3s4td,failed,not_found,326,B8F6E68B36BEE2BF548750BDCCC3C2A7DB56A623,2F2B8D5BBA29F7DBD41163FF5187A77E446C527D,54DE63F4587058B79152A75A0238D7F7A0279215,9DB400402B545DC41DE342E14644F74B7DA4F789,2020-10-09 03:26:39.411000,2020-10-09 03:26:43.835000
lk6kmstgcnp3s4td,failed,not_found,452,B8F6E68B36BEE2BF548750BDCCC3C2A7DB56A623,CEE804FA03A87A65CAA6BCB3A250B5ED923C08BD,34AC6170825ADD59DDD6042C9E5B6A9015B10CF0,9DA7A978928C48B4DD50E397FE2F3C4110EA3576,2020-10-09 03:26:43.836000,2020-10-09 03:26:52.992000
w6micww6jtiaxkaj,failed,not_found,123,B8F6E68B36BEE2BF548750BDCCC3C2A7DB56A623,F15F5BBB91175B81980FD0704F1762C04CF6AF1E,CD5F85DB39C5496558060305AE0B715BE54B794B,890F32B8DCFC070E58F5D50AE8EC2BDE01013469,2020-10-09 03:26:30.427000,2020-10-09 03:26:33.770000
w6micww6jtiaxkaj,failed,not_found,212,B8F6E68B36BEE2BF548750BDCCC3C2A7DB56A623,AC5CECEF6AF649F2A7F047D102FE9B461DA9234E,87EA8B42136D1F9014BE377B2B985459D19E6E70,ACAE2A7000B2BEB08704AAA0A2DDCADD68E58A63,2020-10-09 03:26:33.771000,2020-10-09 03:26:36.154000
w6micww6jtiaxkaj,failed,not_found,271,B8F6E68B36BEE2BF548750BDCCC3C2A7DB56A623,C5340E5A64DF5B0270F1C1EEBFE3074C985F6A93,E7882187F6FA695450719FD3738D640FBDFF5D48,ACBBB426CE1D0641A590BF1FC1CF05416FC0FF6F,2020-10-09 03:26:36.155000,2020-10-09 03:26:39.347000
w6micww6jtiaxkaj,failed,not_found,345,B8F6E68B36BEE2BF548750BDCCC3C2A7DB56A623,EB5D14C266F491B4C5C93B7BC101C450A059D438,9F29D0DD4AEB62E742BDAEEF2DFD3BDD76953403,8917878E1943713F788F9A0D38105725C3917A42,2020-10-09 03:26:39.348000,2020-10-09 03:26:44.118000
w6micww6jtiaxkaj,failed,not_found,471,B8F6E68B36BEE2BF548750BDCCC3C2A7DB56A623,02A29A2F958211F9BB5821153296EFFED900ECC6,7B7C7F31205D7AEB5DFFEDA08E00282A78CD76E0,89094DFA4158C7A1583EC3A332CDCBC74A28CC0E,2020-10-09 03:26:44.119000,2020-10-09 03:26:55.552000
w6micww6jtiaxkaj,,,,,,,ACBC80908C1674F5F4D6F8CD1EA7A245851E4922,2020-10-09 03:26:55.553000,
yexqvq35pcxpqfsn,failed,not_found,125,B8F6E68B36BEE2BF548750BDCCC3C2A7DB56A623,66BBCD0D58FDB891AD86CE22A2613A9BEE3CA274,A16933881734FBAD4535EF0A7331F2120E5E9EBB,F1FF7F96FDA23E914AE824C301C06A73FA19AA68,2020-10-09 03:26:30.466000,2020-10-09 03:26:32.476000
yexqvq35pcxpqfsn,failed,not_found,182,B8F6E68B36BEE2BF548750BDCCC3C2A7DB56A623,3586697291602DC8042EB152E60701FFFE8777BD,A7956FE34B15B6A9B7D4835AA51D34810DF449F2,3C5915348D731505C48112F4F03235FDE7B8C837,2020-10-09 03:26:32.476000,2020-10-09 03:26:34.648000
yexqvq35pcxpqfsn,failed,not_found,237,B8F6E68B36BEE2BF548750BDCCC3C2A7DB56A623,F5F4019509109A07E90C45A022CEED9ECA1643C8,B545577D2991381AD08037641AB2E36E307E38BC,F21DE9C7DE31601D9716781E17E24380887883D1,2020-10-09 03:26:34.649000,2020-10-09 03:26:37.638000
yexqvq35pcxpqfsn,failed,not_found,304,B8F6E68B36BEE2BF548750BDCCC3C2A7DB56A623,12D552E8AF7AA2B71B218B5BBF6A5FEFA6F26BA0,C7789D62FA5C535F29FF70BEC94D35AC546C1701,F21760E63FE2BB45629BB14FCDB0FD677485DAF8,2020-10-09 03:26:37.639000,2020-10-09 03:26:40.946000
yexqvq35pcxpqfsn,failed,not_found,426,B8F6E68B36BEE2BF548750BDCCC3C2A7DB56A623,CACD9D63B759B35555D8C965A3E01071E9DFB44C,098D9CF7568D27A8288FA4BB3819A99913315D6E,3C5491293747761AFE9AF014FDA4B92960304D21,2020-10-09 03:26:40.947000,2020-10-09 03:26:50.588000
yexqvq35pcxpqfsn,,,,,,,3C79699D4FBC37DE1A212D5033B56DAE079AC0EF,2020-10-09 03:26:50.588000,
v63fuj7utugtyalm,failed,not_found,126,B8F6E68B36BEE2BF548750BDCCC3C2A7DB56A623,09F3067452D8D1DAFD33D0524A41DBF5295D3472,E4A7CF32D1EC81521E234C8BF46384E75838A8D7,71026B999E15ECC0BCCA56B972E210CCA76AD96A,2020-10-09 03:26:30.469000,2020-10-09 03:26:32.055000
v63fuj7utugtyalm,failed,not_found,168,B8F6E68B36BEE2BF548750BDCCC3C2A7DB56A623,58332DDDA15415CB3D13F5ECA3D54BE961B8C458,CDA2C336AD87E22DF02983887A3F74B21070D02D,70F09E981D6D4A34A35F248F0C873CBA356A0612,2020-10-09 03:26:32.055000,2020-10-09 03:26:34.076000
v63fuj7utugtyalm,failed,not_found,229,B8F6E68B36BEE2BF548750BDCCC3C2A7DB56A623,B872BA6804C8C6E140AE1897B44CF32B42FD2397,0FF7D03AC5F31F93E3AE11ABF74313D071E11ED3,70FF4E669EC69F8E324537D05ADDAAED76303D8D,2020-10-09 03:26:34.077000,2020-10-09 03:26:37.001000
v63fuj7utugtyalm,failed,not_found,291,B8F6E68B36BEE2BF548750BDCCC3C2A7DB56A623,CB19AC6FFAC13B4C1A143B423884EDEA4381ED2F,E46C3F0533709EE2112874B13A4FE3868B33E75E,6F901069356A789F02294F18A4D5FE1368239702,2020-10-09 03:26:37.001000,2020-10-09 03:26:40.609000
v63fuj7utugtyalm,failed,not_found,376,B8F6E68B36BEE2BF548750BDCCC3C2A7DB56A623,51064561203E97716372E12CAAA85A93CEC70621,1424000B86DF67D1FBFF685B204073BB9591CEFD,6F7E602D79D16C871F8984B98658F2C9928F2FD9,2020-10-09 03:26:40.610000,2020-10-09 03:26:46.264000
v63fuj7utugtyalm,failed,not_found,494,B8F6E68B36BEE2BF548750BDCCC3C2A7DB56A623,34DF8443F6ACD1A543AAA10A7621A389E31A4422,F5746F6257DFE87E3A90753C2A0439926C55552F,6F6586F1631CAC1115B9561656E7664D386B7F4B,2020-10-09 03:26:46.265000,2020-10-09 03:27:00.178000
fyx5aybaey5tc63a,failed,not_found,127,B8F6E68B36BEE2BF548750BDCCC3C2A7DB56A623,128FC6D8FBF753121C5662FEE309CCD47B64BA6B,1841CB960128806151B61FC6D87AFBE9A98B99D7,C6BA2CDA402B668FB146F7BAEBC09D06EBEFB873,2020-10-09 03:26:30.477000,2020-10-09 03:26:32.437000
fyx5aybaey5tc63a,failed,not_found,180,B8F6E68B36BEE2BF548750BDCCC3C2A7DB56A623,74A55E12F6A9FD17165A356C00407F4D206E8368,B9233588917C5F6B7DA771118707090591BC4C87,435B0937725ECC8252F906800E46C90974408B63,2020-10-09 03:26:32.438000,2020-10-09 03:26:34.821000
fyx5aybaey5tc63a,failed,not_found,239,B8F6E68B36BEE2BF548750BDCCC3C2A7DB56A623,61B2102DB3D97F16FBB359EFE86EC6887A1B3B5A,1C8B3C3D8BC705883B7799C915B2FE1E0FEB006F,C6E1453B8CAF796E4CF65DB6A81283BDDD722F88,2020-10-09 03:26:34.822000,2020-10-09 03:26:37.879000
fyx5aybaey5tc63a,failed,not_found,316,B8F6E68B36BEE2BF548750BDCCC3C2A7DB56A623,568DC66FB6A6E7BD462CEF97A333ECE3B97D074A,3CB4193EF4E239FCEDC4DC43468E0B0D6B67ACC3,C6B656BA6BC16E31115A1B2D56396A53165F3408,2020-10-09 03:26:37.880000,2020-10-09 03:26:42.023000
fyx5aybaey5tc63a,failed,not_found,560,B8F6E68B36BEE2BF548750BDCCC3C2A7DB56A623,B0DB2F173F0DB364BABF7A465D796B3C048F1F33,B204DE75B37064EF6A4C6BAF955C5724578D0B32,4381E471E9358AE4D815021302C7F2E16502BEE1,2020-10-09 03:26:42.023000,2020-10-09 03:27:14.639000
fyx5aybaey5tc63a,,,,,,,437143A8E2D86B3BEB77B9ECD49AC77CD360FBDA,2020-10-09 03:27:14.640000,
xcyp2vcei4dmh5op,failed,not_found,128,B8F6E68B36BEE2BF548750BDCCC3C2A7DB56A623,47175EA5C1B830AD72F2ED14C089B443758376E1,6E4B0D429CD87AB6C25D72E298294C583FF8BA4A,E3E7491900ECA759D7FA64E6B1CCBD6AC69474D7,2020-10-09 03:26:30.478000,2020-10-09 03:26:32.262000
xcyp2vcei4dmh5op,failed,not_found,173,B8F6E68B36BEE2BF548750BDCCC3C2A7DB56A623,EAB20BD4083C820EC8329ED5AEBF12019A7749F3,E767C3B8295AD79B02E80A21345C9F2B3C2AD7DB,E3D61BAEA0B7CB12CACEDC8821C520557BDFCEA3,2020-10-09 03:26:32.263000,2020-10-09 03:26:34.439000
xcyp2vcei4dmh5op,failed,not_found,234,B8F6E68B36BEE2BF548750BDCCC3C2A7DB56A623,ACBF3D504CFF3D74D1991AFDF6AC070606232B10,8F22AFDD06AA4238ADD93A8EA6FBC2BB9C652711,D57751F73AE9DBFEAFAC282473615E5F6D269614,2020-10-09 03:26:34.439000,2020-10-09 03:26:37.726000
xcyp2vcei4dmh5op,failed,not_found,310,B8F6E68B36BEE2BF548750BDCCC3C2A7DB56A623,A3F374EBE1B897580D81FEB30C6B8A6A5F48F4C2,3FEC03EA94C6B7A944F1358D7953F4A228067271,E3E75603998661EA67C6767493FC606830DDC345,2020-10-09 03:26:37.727000,2020-10-09 03:26:41.414000
xcyp2vcei4dmh5op,failed,not_found,433,B8F6E68B36BEE2BF548750BDCCC3C2A7DB56A623,EDC9D832FBEAF949F610D3F6A55537291B4E8F26,AA1B026EE0C8A958E29C67C7D8885FF27572269D,D568EAA2A7017AFCD3FBAD64111C92CB8FD3A418,2020-10-09 03:26:41.415000,2020-10-09 03:26:50.289000
xcyp2vcei4dmh5op,,,,,,,D598E2865164AF6D9958FC9A37D825C283A80C3B,2020-10-09 03:26:50.290000,
smna56yihifanc2a,failed,not_found,148,B8F6E68B36BEE2BF548750BDCCC3C2A7DB56A623,9171E15EBF665768F8EFAE2271D47D922C4EED46,5A8DE0AF6D319C1F1D4E541A3176AC9D70AC35A0,C00FD680D2CC807037CD72AF70459C44F6C3BBC4,2020-10-09 03:26:31.352000,2020-10-09 03:26:33.274000
smna56yihifanc2a,failed,not_found,194,B8F6E68B36BEE2BF548750BDCCC3C2A7DB56A623,2F69F8C4DC02DD15A39BFDB4078A791D89ECEAA2,3A94EFBF4A220B35A92D0A5B4A80D6324C3C306A,C4B21A66B27E82FEF6AC97CEAEFE42DFF5C7511C,2020-10-09 03:26:33.275000,2020-10-09 03:26:35.544000
smna56yihifanc2a,failed,not_found,260,B8F6E68B36BEE2BF548750BDCCC3C2A7DB56A623,EE010EF80A27AC0B02CDC2B8B214A6201BB02D2B,82ED9AEC94184EC6DD299A5CDB3378B04BB17489,C00C28C2B1A7D8038517626CECA9BCB23B0A31D2,2020-10-09 03:26:35.545000,2020-10-09 03:26:38.844000
smna56yihifanc2a,failed,not_found,335,B8F6E68B36BEE2BF548750BDCCC3C2A7DB56A623,108A1138931C7E947C94D1892EE8D275D0BED90C,EAA823552F959DFD038E9AC8FA89345A738B6C00,C00A6B7541A9491629CEEADF121DCA6BEBD1FC45,2020-10-09 03:26:38.845000,2020-10-09 03:26:43.237000
smna56yihifanc2a,failed,not_found,450,B8F6E68B36BEE2BF548750BDCCC3C2A7DB56A623,8358BDDA9C9A680B4E3A2809E5C24F5B3624D5C2,1BB98B6F6EBCB616D0BD9485EA4B6FA7A7501D74,C49E3E34591172A5340A1D37E5B4E3D0B91E0F15,2020-10-09 03:26:43.238000,2020-10-09 03:26:53.225000
smna56yihifanc2a,,,,,,,C4BB628C0B306C0BD3E606FB71ABAAA776BD808B,2020-10-09 03:26:53.226000,
ho6tskevz4w3zfol,failed,not_found,224,B8F6E68B36BEE2BF548750BDCCC3C2A7DB56A623,2784EB941DEBB8061039B1766A2623B026BACD1A,10A5EFCCD2FB9C1A4AC20FB779A5DB11B58957A7,0D13FEFB150903100AF2F9E52A5852EC105A817E,2020-10-09 03:26:31.374000,2020-10-09 03:26:36.854000
ho6tskevz4w3zfol,failed,not_found,286,B8F6E68B36BEE2BF548750BDCCC3C2A7DB56A623,BE9B12FAAB7429842D643E2308390ECD8961E0A1,157CED138D3DE9CBFB5AE0232A319C2980F6C409,0CF8F3E6590F45D50B70F2F7DA6605ECA6CD408F,2020-10-09 03:26:36.854000,2020-10-09 03:26:40.198000
ho6tskevz4w3zfol,failed,not_found,393,B8F6E68B36BEE2BF548750BDCCC3C2A7DB56A623,A09D20D85D0AA29C47C90ABEAFDB6B7A4BF7FD07,1B9FACF25E17D26E307EA7CFA7D455B144B032E5,0D12D8E72DED99EE31BB0C57789352BED0CEEEFF,2020-10-09 03:26:40.198000,2020-10-09 03:26:47.117000
ho6tskevz4w3zfol,failed,not_found,500,B8F6E68B36BEE2BF548750BDCCC3C2A7DB56A623,86CDD0D92AB972538416A382D99666736CDDF141,4586DF1934953F38206B5117237F79C1C8797FC4,198F12E2DEFBE6BEEBC38B2FEDD615AECB38DA7A,2020-10-09 03:26:47.118000,2020-10-09 03:27:01.166000
ho6tskevz4w3zfol,,,,,,,19C9382849811C237A8A21F66F422E056B7DBD2F,2020-10-09 03:27:01.167000,
3kcmawlsagta6o7g,failed,not_found,150,B8F6E68B36BEE2BF548750BDCCC3C2A7DB56A623,1A3AC11BF85CE386E19863F5CDF7769BA30E4A06,61B2102DB3D97F16FBB359EFE86EC6887A1B3B5A,E95955CD7AB012DE770711878F147C784FC13D37,2020-10-09 03:26:31.375000,2020-10-09 03:26:33.332000
3kcmawlsagta6o7g,failed,not_found,287,B8F6E68B36BEE2BF548750BDCCC3C2A7DB56A623,B25427A8F4A485E03EDA31757AB1C33DBE587428,A200D847B1C818F93AF3243B3D5DDA6FE0F6D871,E41B16F7DDF52EBB1DB4268AB2FE340B37AD8904,2020-10-09 03:26:33.333000,2020-10-09 03:26:40.751000
3kcmawlsagta6o7g,failed,not_found,412,B8F6E68B36BEE2BF548750BDCCC3C2A7DB56A623,ED701136F074C44FA7B4E6D5B153C49A07855C7F,B872BA6804C8C6E140AE1897B44CF32B42FD2397,E947C029087FA1C3499BEF5D4372947C51223D8F,2020-10-09 03:26:40.752000,2020-10-09 03:26:49.155000
3kcmawlsagta6o7g,failed,not_found,510,B8F6E68B36BEE2BF548750BDCCC3C2A7DB56A623,8B889E04C60E30D511013189D3C2ADCE522E1F3C,FACC9EB242F4FDA0BD6508CCB86DABCE9E84677F,E941D79042D6496C114A7B2BE4B11615FF9C4634,2020-10-09 03:26:49.156000,2020-10-09 03:27:05.571000
3kcmawlsagta6o7g,,,,,,,E3F98C86C9E01138DD8EA06B1E660A0CDB4B2782,2020-10-09 03:27:05.572000,
uuravgwma4gb356f,failed,not_found,152,B8F6E68B36BEE2BF548750BDCCC3C2A7DB56A623,3FEC03EA94C6B7A944F1358D7953F4A228067271,0E300A0942899B995AE08CEF58062BCFEB51EEDF,DFE448D8C5D81AE687289A225B64F704A7FAC877,2020-10-09 03:26:31.422000,2020-10-09 03:26:33.333000
uuravgwma4gb356f,failed,not_found,196,B8F6E68B36BEE2BF548750BDCCC3C2A7DB56A623,584C0B77BDB81DE767DA5BE396DA09C162F32223,BD6FFF1AD5A88A8D43870D43EC4450081B4B2BBA,E0023AC14180112A2FFF00A84C6049862BB3E6C3,2020-10-09 03:26:33.333000,2020-10-09 03:26:36.579000
uuravgwma4gb356f,failed,not_found,283,B8F6E68B36BEE2BF548750BDCCC3C2A7DB56A623,C3CFCC9B5993A6F0D1349858C598C4A78AFE51F9,8F893399C8CA284583E3A526A6B4E5FD75449E87,E00764EDD2D5DA338CEA2EED8691E1FCAAF4A6E9,2020-10-09 03:26:36.580000,2020-10-09 03:26:40.916000
uuravgwma4gb356f,failed,not_found,424,B8F6E68B36BEE2BF548750BDCCC3C2A7DB56A623,D0EDC58A0E7D7FE28A1A5E366260A80AEF9BD448,BF852C3EB6DC7C7E95312D78BCA4804514592E31,B13C2C569F3FD0C530B7D96E5FF7933DF7A0E834,2020-10-09 03:26:40.918000,2020-10-09 03:26:51.501000
uuravgwma4gb356f,,,,,,,B143D439B72D239A419F8DCE07B8A8EB1B486FA7,2020-10-09 03:26:51.501000,
7tyfe4cqu552uezc,failed,not_found,153,B8F6E68B36BEE2BF548750BDCCC3C2A7DB56A623,F4A4D78F16E9A0353AD5BBEF4632C7022E20FB20,7D4261853A5CC5E96C8886391919FF2DA02A5801,6781471814DF164C2A6F17CD1F2584923FDE2101,2020-10-09 03:26:31.423000,2020-10-09 03:26:33.620000
7tyfe4cqu552uezc,failed,not_found,208,B8F6E68B36BEE2BF548750BDCCC3C2A7DB56A623,99339F3E68BCCC1391BF14C821D80766FE0C5956,00E1649E69FF91D7F01E74A5E62EF14F7D9915E4,67549C743EB7A9D06A75E37BEB82417EBB22E97F,2020-10-09 03:26:33.621000,2020-10-09 03:26:36.157000
7tyfe4cqu552uezc,failed,not_found,342,B8F6E68B36BEE2BF548750BDCCC3C2A7DB56A623,157CED138D3DE9CBFB5AE0232A319C2980F6C409,0C039F35C2E40DCB71CD8A07E97C7FD7787D42D6,D8A2D0080B0C73E1DC0EC9F33B497F64E5FB3F52,2020-10-09 03:26:36.157000,2020-10-09 03:26:43.876000
7tyfe4cqu552uezc,failed,not_found,466,B8F6E68B36BEE2BF548750BDCCC3C2A7DB56A623,E1DE607E31C2C0FB6F8FC959BF7B58CE35D95990,B05B3AB0159238FB7AEB1BF08A406D6F31A45ADF,D87698D8E2276C7E93D531B7C2A1B27D58C71876,2020-10-09 03:26:43.876000,2020-10-09 03:26:54.282000
7tyfe4cqu552uezc,,,,,,,D89267FB10BF625D31FF7687AF7D12B03BBF757C,2020-10-09 03:26:54.283000,
vi4fr3wo4nl2q264,failed,not_found,175,B8F6E68B36BEE2BF548750BDCCC3C2A7DB56A623,DB5A100152FB7937F02F00B5DDFFFD012789C242,C8B23EA543FAD6F820E5841A8380DC28C83AEA0F,1115E5065C3EE149B683CA2D7131839F2656B5AD,2020-10-09 03:26:32.347000,2020-10-09 03:26:35.189000
vi4fr3wo4nl2q264,failed,not_found,248,B8F6E68B36BEE2BF548750BDCCC3C2A7DB56A623,5C83A9F985E2ACFBC3D3E5DB7F5C7C91FF7FE7AA,9B047A91AC809AA020A1F42E3E785DBCEBF3652F,026DD786689D26A4C1B96ABDE3797CF01941D276,2020-10-09 03:26:35.190000,2020-10-09 03:26:38.001000
vi4fr3wo4nl2q264,failed,not_found,318,B8F6E68B36BEE2BF548750BDCCC3C2A7DB56A623,928382AC862513334547CA3E5DA23ADBD59C7171,67F70E92EF05EA3CBB3C311B6411AFBBE89BD1B8,025B66CEBC070FCB0519D206CF0CF4965C20C96E,2020-10-09 03:26:38.002000,2020-10-09 03:26:41.951000
vi4fr3wo4nl2q264,failed,not_found,416,B8F6E68B36BEE2BF548750BDCCC3C2A7DB56A623,986858650F01053230CD061034F2A45ADDF83BAE,40C773D9F2B16143CDB2ADB661DDC6BB12EF3E2C,110F26C0BFB2122BBB856EADC9A2D497989DE949,2020-10-09 03:26:41.952000,2020-10-09 03:26:49.375000
vi4fr3wo4nl2q264,failed,not_found,546,B8F6E68B36BEE2BF548750BDCCC3C2A7DB56A623,8CC7474E0671B257AA821624F6B43D9B07CBDC89,968CB7DA0C56E66F22B78CBA0562FE132939D8BF,0258C142CA27DAE7FE9CC8ECFC899F3358635989,2020-10-09 03:26:49.375000,2020-10-09 03:27:09.113000
vi4fr3wo4nl2q264,,,,,,,10CA859C429A17EFF704CC53D0080940148D59DA,2020-10-09 03:27:09.114000,
lzwy7odnmkspbbda,failed,not_found,176,B8F6E68B36BEE2BF548750BDCCC3C2A7DB56A623,51CD9DB00357405FC41AF0FA513688D02BDA0C0E,6118DDB580EEDD6FE5F8D3CC0DF1EE17D8A2A4C6,1B1351D85E8328BE21539EA9C0C0317E3A1CE380,2020-10-09 03:26:32.355000,2020-10-09 03:26:35.018000
lzwy7odnmkspbbda,failed,not_found,244,B8F6E68B36BEE2BF548750BDCCC3C2A7DB56A623,C3CFCC9B5993A6F0D1349858C598C4A78AFE51F9,61B2102DB3D97F16FBB359EFE86EC6887A1B3B5A,1B3E48D75E7F7E61D1B9BBE24BA15A38B454380D,2020-10-09 03:26:35.018000,2020-10-09 03:26:38.659000
lzwy7odnmkspbbda,failed,not_found,331,B8F6E68B36BEE2BF548750BDCCC3C2A7DB56A623,CDAF0B74C45FD5B1955198A8D92C8A518A53D07B,11D3EB91761414F94F3C6BDF8E4875D5E6B783AF,1B3576CD20069CE2FCC6D922133CA7ABB5EBFECA,2020-10-09 03:26:38.660000,2020-10-09 03:26:43.837000
lzwy7odnmkspbbda,failed,not_found,465,B8F6E68B36BEE2BF548750BDCCC3C2A7DB56A623,88DF5D708E931C431902AAABEA981E7951E00085,D076561769F5C93D628777E3E05D4633D783EB8E,525D5386F858580E93B88D21727869555DFC654C,2020-10-09 03:26:43.838000,2020-10-09 03:27:03.439000
lzwy7odnmkspbbda,,,,,,,525EE34C1A7B89AB9DF585246DE30E32702913F5,2020-10-09 03:27:03.440000,
chogimtsigelhwr5,failed,not_found,177,B8F6E68B36BEE2BF548750BDCCC3C2A7DB56A623,EC38686ACAC6E373BF3BE0847B3AD6299ABA4D91,D5C6F62A5D1B3C711CA5E6F9D3772A432E96F6C2,EFA2E7B073AA4CE2DAF7160F23C90DB805948F4A,2020-10-09 03:26:32.361000,2020-10-09 03:26:35.201000
chogimtsigelhwr5,failed,not_found,250,B8F6E68B36BEE2BF548750BDCCC3C2A7DB56A623,980B28A19B0A66948035A3FE143E5CF613C84122,425835370C1FBE178C21CB53C76672F12BDE091A,32EB288C0EFB52964CCF8EF28BE6BC7FF592BB58,2020-10-09 03:26:35.202000,2020-10-09 03:26:38.168000
chogimtsigelhwr5,failed,not_found,346,B8F6E68B36BEE2BF548750BDCCC3C2A7DB56A623,4011E1BB0E5B9A22AF665B553BFFDDE22A517B16,D52A160303C638D9FB03463F8A6B7934D5787F4C,32E6CC6C6B428B2043F0B3E78F7332F1016D73E1,2020-10-09 03:26:38.169000,2020-10-09 03:26:44.256000
chogimtsigelhwr5,,,,,,,EF9C4611FAA7C21155A8BA2A721DDC3D27816035,2020-10-09 03:26:44.257000,
rak5lkxjanlp4bm5,failed,not_found,178,B8F6E68B36BEE2BF548750BDCCC3C2A7DB56A623,875F74A3DC14737BECA06F8B500022154D1A29D1,2CE9BE1FC88B9D0FA03F387C9E4F000B5D4B2AE9,FEEF24CDF15BB59B418D1BF94A64BD3E62BB2CF3,2020-10-09 03:26:32.429000,2020-10-09 03:26:35.393000
rak5lkxjanlp4bm5,failed,not_found,251,B8F6E68B36BEE2BF548750BDCCC3C2A7DB56A623,81E18725397D620DA548ABBE24D9CD263DEF2FDC,D6C75D06698F08DBE77B56ECBD5216805B82068F,FF154E0265ADC24FDB1D8BBA34455E324C9FE407,2020-10-09 03:26:35.393000,2020-10-09 03:26:38.276000
rak5lkxjanlp4bm5,failed,not_found,321,B8F6E68B36BEE2BF548750BDCCC3C2A7DB56A623,C8BEF3DF07AF38B68DD0DA91B23B19EBD2C7667F,1099983E2C5C3ECDAD0B7D5AABD2AC6BF2CBBF70,FF1E4DFC8C713B2092E76401C472FDCC03B7F809,2020-10-09 03:26:38.277000,2020-10-09 03:26:41.980000
rak5lkxjanlp4bm5,failed,not_found,417,B8F6E68B36BEE2BF548750BDCCC3C2A7DB56A623,5A8DE0AF6D319C1F1D4E541A3176AC9D70AC35A0,754CB99117E6ED570DFCFB7D9F12674B97A4E28E,08F4692B60862640F688B86826B66F30DEA7AB73,2020-10-09 03:26:41.981000,2020-10-09 03:26:49.001000
rak5lkxjanlp4bm5,failed,not_found,539,B8F6E68B36BEE2BF548750BDCCC3C2A7DB56A623,FBCD5D8428C342B02D94156F52358B02B3F2E519,9B2BC7EFD661072AFADC533BE8DCF1C19D8C2DCC,091BB38D8A641014A652A36A8827A9E30EEEA882,2020-10-09 03:26:49.002000,2020-10-09 03:27:08.662000
rak5lkxjanlp4bm5,,,,,,,091F0E777170A967C60069B10F5404C3D14E90E8,2020-10-09 03:27:08.662000,
qeonyinhbsui2avg,failed,not_found,179,B8F6E68B36BEE2BF548750BDCCC3C2A7DB56A623,16AE2704B794C6C0013C7E47AF11DCABA808A0B9,71D15B4A7DD9FB70B0E1439F7D350B8FACCFC306,29B1FF46029E21D60C9C544E22E8453CC461EF7D,2020-10-09 03:26:32.429000,2020-10-09 03:26:35.609000
qeonyinhbsui2avg,failed,not_found,262,B8F6E68B36BEE2BF548750BDCCC3C2A7DB56A623,76543749510CD00CB16E1DD4940CAA8FAC727F58,EAB20BD4083C820EC8329ED5AEBF12019A7749F3,29AA1984FEEFA60093F72160B5EF44CA50B4EBBD,2020-10-09 03:26:35.610000,2020-10-09 03:26:38.936000
qeonyinhbsui2avg,failed,not_found,337,B8F6E68B36BEE2BF548750BDCCC3C2A7DB56A623,276AE7A0E974FC96B0933F1DA8FD51FD3BA59944,7A3E534C033E3836BD5AF223B642853C502AB33A,FD709DBF3AF5DDE2812BCE5A5CA2FBB733DEF520,2020-10-09 03:26:38.937000,2020-10-09 03:26:43.729000
qeonyinhbsui2avg,failed,not_found,463,B8F6E68B36BEE2BF548750BDCCC3C2A7DB56A623,FC4D03403ECD90463198B9F2F81E0B37ED7AFE1D,A6C7821BE00C9A951181296EE12EB5AD8B7CFA17,29A39144AD141242436D07901F7A8B91F7516A66,2020-10-09 03:26:43.730000,2020-10-09 03:26:53.779000
qeonyinhbsui2avg,,,,,,,FD79B7F9230858B48E75F389661840C702511078,2020-10-09 03:26:53.780000,
2pvecals3kalcuxg,failed,not_found,197,B8F6E68B36BEE2BF548750BDCCC3C2A7DB56A623,1F768F39EDFA445C14E18E915B0CED7E14E450CF,DB5A100152FB7937F02F00B5DDFFFD012789C242,F94A7BAC5D1E3D9372437141E10695A625B8B533,2020-10-09 03:26:33.425000,2020-10-09 03:26:35.560000
2pvecals3kalcuxg,failed,not_found,261,B8F6E68B36BEE2BF548750BDCCC3C2A7DB56A623,7D2595ABBB2F83E10275C0F3D2944DC580B4B55E,EE7CD2A763435C7006095BD167C790ABE5BC4DEA,F959CBDE3403ED478355F6281B96D476684F416C,2020-10-09 03:26:35.561000,2020-10-09 03:26:38.936000
2pvecals3kalcuxg,failed,not_found,336,B8F6E68B36BEE2BF548750BDCCC3C2A7DB56A623,F94A7BAC5D1E3D9372437141E10695A625B8B533,970F0966DAA7EBDEE44E3772045527A6854E997B,F935633F907506C3327C9CEE2B7F39A54B88C375,2020-10-09 03:26:38.936000,2020-10-09 03:26:43.679000
2pvecals3kalcuxg,failed,not_found,461,B8F6E68B36BEE2BF548750BDCCC3C2A7DB56A623,A1B7C1F83E5DA4376FD2E1DBA7AC28A71AB332AD,E5CC91BAFE7CCD68003E873D32E38027638D49D7,2E12778C3FBE28C9E9C8AC6A76FF4509DC41599B,2020-10-09 03:26:43.680000,2020-10-09 03:26:53.411000
2pvecals3kalcuxg,,,,,,,2E408F8D1CDA3AA22FF44C4C4B6A9F51D8E74042,2020-10-09 03:26:53.411000,
x7k5spps73xsk5os,failed,not_found,200,B8F6E68B36BEE2BF548750BDCCC3C2A7DB56A623,D14EC16949648CEE84EA1664445029EA4B597074,FEDE31337E4E19E06B97D282F08B0A0E8B9C5526,0011BD2485AD45D984EC4159C88FC066E5E3300E,2020-10-09 03:26:33.453000,2020-10-09 03:26:35.821000
x7k5spps73xsk5os,failed,not_found,265,B8F6E68B36BEE2BF548750BDCCC3C2A7DB56A623,1E03D81C9744DE0E3C9DE6E6FBDF1DF9DAEA5AFC,B86BE002D4D6F3E2999E8EEAC9B72CAA796944BE,0020D8A204A81FC8C8A1D79E2324621705DE4F2F,2020-10-09 03:26:35.821000,2020-10-09 03:26:38.993000
x7k5spps73xsk5os,failed,not_found,338,B8F6E68B36BEE2BF548750BDCCC3C2A7DB56A623,D39F2CD90A236F94A61B76616B4873329DA77888,E916F2ACBA67EC57AFAF450AA84E528308835418,00240ECB2B535AA4C1E1874D744DFA6AF2E5E941,2020-10-09 03:26:38.994000,2020-10-09 03:26:43.682000
x7k5spps73xsk5os,failed,not_found,561,B8F6E68B36BEE2BF548750BDCCC3C2A7DB56A623,3A9443710224E5182895C342D1D36C1D460A1206,425835370C1FBE178C21CB53C76672F12BDE091A,58FAB58A7DC8E99B9313F6E488E2140D4BE28416,2020-10-09 03:26:43.683000,2020-10-09 03:27:12.771000
x7k5spps73xsk5os,,,,,,,58FC2AAB3792AC37897D34331F4F4E00341DEC0C,2020-10-09 03:27:12.771000,
zb724gc3lxfprotd,failed,not_found,201,B8F6E68B36BEE2BF548750BDCCC3C2A7DB56A623,21C9D9F1633246269DEB84A79495E85C07E8466D,81A1D777C023EBB1DEE9E7FA8735629BA8F7497C,22E6FBDB8D77B4C0FA017D6C5F9B45BECDCBCFF8,2020-10-09 03:26:33.455000,2020-10-09 03:26:35.767000
zb724gc3lxfprotd,failed,not_found,249,B8F6E68B36BEE2BF548750BDCCC3C2A7DB56A623,AE4FAE2EB5DC5D078458F0FCBF2B37F5D73F0868,E00DFD54DC165D5452FBD3530D30186DAD016A0C,22E1D1DB4723A174E713B1BF4073DAC1C25351B3,2020-10-09 03:26:35.767000,2020-10-09 03:26:38.595000
zb724gc3lxfprotd,failed,not_found,330,B8F6E68B36BEE2BF548750BDCCC3C2A7DB56A623,CDAF0B74C45FD5B1955198A8D92C8A518A53D07B,B7EF647EF659726C716243A82877D20AA7978EBC,3EEEB7021D974D38B6D97BEFB55E5E48551A8FEA,2020-10-09 03:26:38.596000,2020-10-09 03:26:43.069000
zb724gc3lxfprotd,failed,not_found,447,B8F6E68B36BEE2BF548750BDCCC3C2A7DB56A623,327F5823438B8EC86EC33355C147D8455AB1C14B,9EA4649400C7D35E20C734FA737CF615E925F1E4,3EE2A784ADB2F56E631F281F2688104A656E19C2,2020-10-09 03:26:43.070000,2020-10-09 03:26:51.967000
zb724gc3lxfprotd,,,,,,,3EDD00245D93664A33A724BA377150E5531ED033,2020-10-09 03:26:51.968000,
7u4wbuazc2tbdyns,failed,not_found,186,B8F6E68B36BEE2BF548750BDCCC3C2A7DB56A623,980B28A19B0A66948035A3FE143E5CF613C84122,18B160CD5E22BFC345AEE7BA84B7EA45BF457FCA,81A1D777C023EBB1DEE9E7FA8735629BA8F7497C,2020-10-09 03:26:33.466000,2020-10-09 03:26:34.960000
7u4wbuazc2tbdyns,failed,not_found,243,B8F6E68B36BEE2BF548750BDCCC3C2A7DB56A623,3E53D3979DB07EFD736661C934A1DED14127B684,7C22E89AB620E77DF1B4A33787A5EC3F2AB4A8D1,819C8AFEDAC733315A8F3DB80F043F13090C49F6,2020-10-09 03:26:34.961000,2020-10-09 03:26:37.677000
7u4wbuazc2tbdyns,failed,not_found,309,B8F6E68B36BEE2BF548750BDCCC3C2A7DB56A623,8BE79CE3261C027CE94F84D6CBE45F03BE9B8B59,4E98AA295B7171996D18DD1F6A19F64AB4036B4A,81A59766272894D27FE8375C4F83A6BA453671EF,2020-10-09 03:26:37.678000,2020-10-09 03:26:41.216000
7u4wbuazc2tbdyns,failed,not_found,429,B8F6E68B36BEE2BF548750BDCCC3C2A7DB56A623,99EFED3DE32D6FDC822F140CB42A0D8A9F7EFF87,F4F605AA21C4633CCB5B8DBBC1CEEE5C590C6DCE,EFA2E7B073AA4CE2DAF7160F23C90DB805948F4A,2020-10-09 03:26:41.217000,2020-10-09 03:26:49.103000
7u4wbuazc2tbdyns,failed,not_found,541,B8F6E68B36BEE2BF548750BDCCC3C2A7DB56A623,49BC7301250F6D87BCD676DFC9AF22048F96F599,B568135C5E345BAFB080C11FDDF348E545A722E5,EF6604B95A942F1C7AD807DF10F93B9E00C47A6B,2020-10-09 03:26:49.103000,2020-10-09 03:27:08.444000
7u4wbuazc2tbdyns,,,,,,,EF9C4611FAA7C21155A8BA2A721DDC3D27816035,2020-10-09 03:27:08.445000,
uadotp5zsqa2f7rv,failed,not_found,202,B8F6E68B36BEE2BF548750BDCCC3C2A7DB56A623,4011E1BB0E5B9A22AF665B553BFFDDE22A517B16,128FC6D8FBF753121C5662FEE309CCD47B64BA6B,8C858D558310D4D5EAB3DEAF33CEE356ACA01810,2020-10-09 03:26:33.467000,2020-10-09 03:26:36.059000
uadotp5zsqa2f7rv,failed,not_found,268,B8F6E68B36BEE2BF548750BDCCC3C2A7DB56A623,7A3E534C033E3836BD5AF223B642853C502AB33A,863CD660DE6A4F72D014011BCC66E4A6A195B66F,53B379F4063B3B91B24A7DFFCC2F6533F51B3245,2020-10-09 03:26:36.059000,2020-10-09 03:26:39.347000
uadotp5zsqa2f7rv,failed,not_found,344,B8F6E68B36BEE2BF548750BDCCC3C2A7DB56A623,0C11264CE26FBE53956784ADCE11C2A5EDA45287,F15F5BBB91175B81980FD0704F1762C04CF6AF1E,53B8B5C2A33C489B54300D558BFEE2C3B12F3875,2020-10-09 03:26:39.347000,2020-10-09 03:26:44.021000
uadotp5zsqa2f7rv,failed,not_found,470,B8F6E68B36BEE2BF548750BDCCC3C2A7DB56A623,A4F11D693FAB6E949B2B7C18153C3F7989896007,47A83EC4D144FB8094A57DC5AEB39E9F6F174036,53B1C6E35706C9EC30B9468B61DFBB67F29BFC2F,2020-10-09 03:26:44.022000,2020-10-09 03:26:55.331000
uadotp5zsqa2f7rv,,,,,,,8C783822E216B1545235966AD141D87BC64EE8FD,2020-10-09 03:26:55.332000,
2yvwxirsc5zb7af6,failed,not_found,227,B8F6E68B36BEE2BF548750BDCCC3C2A7DB56A623,7B10E2D82A60EFC4E97CE5A9F4E8C9A79C59DFC5,9C97E5840578697030ABFC7784442E32EFD8E91D,AC00AEBA1AE2A80CF4184C4362157BF91487B902,2020-10-09 03:26:34.342000,2020-10-09 03:26:37.480000
2yvwxirsc5zb7af6,failed,not_found,298,B8F6E68B36BEE2BF548750BDCCC3C2A7DB56A623,8A6F5A21493685B50F1B46A87A2099D6C410F237,F50CF02A0E6A9D9B25F7EB220FC26F7BD1B74999,ABA31795BAD2AB8097F3AD0FE1A920E518D3D3F3,2020-10-09 03:26:37.480000,2020-10-09 03:26:40.750000
2yvwxirsc5zb7af6,failed,not_found,380,B8F6E68B36BEE2BF548750BDCCC3C2A7DB56A623,0A7208B8903DD3FF5CDFA218A3823AF498CE69CE,0D7C69551F9186DB589BDF00858314AC136A33DA,C2481FAAA5508F6C2A64873972281220E9778476,2020-10-09 03:26:40.751000,2020-10-09 03:26:45.993000
2yvwxirsc5zb7af6,failed,not_found,492,B8F6E68B36BEE2BF548750BDCCC3C2A7DB56A623,51C367582993D68F8215610B85A99902C945324B,C2E3E1A73D46982994551380919F08EC5021A908,ABF940561A8E528559747D2237847E1BD823CDB8,2020-10-09 03:26:45.994000,2020-10-09 03:27:00.091000
2yvwxirsc5zb7af6,,,,,,,C239952D0C8E4EABC3E6B0A8E0B623689174E3C6,2020-10-09 03:27:00.091000,
rnmhla3rpqapf6dc,failed,not_found,228,B8F6E68B36BEE2BF548750BDCCC3C2A7DB56A623,3C79699D4FBC37DE1A212D5033B56DAE079AC0EF,B204DE75B37064EF6A4C6BAF955C5724578D0B32,A41E8E3246F5750A16566DF04B38CE82CB111879,2020-10-09 03:26:34.392000,2020-10-09 03:26:36.894000
rnmhla3rpqapf6dc,failed,not_found,289,B8F6E68B36BEE2BF548750BDCCC3C2A7DB56A623,0FE31E8B143BCA123905993356D1DE49C715E455,CB92FA4D7D71F134CE1F1FFF2BFF53E88DD4A1DB,09DEA9A672FDEF38CE01E3F453E7D7CD0707E7C6,2020-10-09 03:26:36.894000,2020-10-09 03:26:40.407000
rnmhla3rpqapf6dc,failed,not_found,363,B8F6E68B36BEE2BF548750BDCCC3C2A7DB56A623,861BCFDD148973985E7FE97C7455C9E4AC4E13BE,9EA4649400C7D35E20C734FA737CF615E925F1E4,A44062AE3484310CE728BBD7769E9CD44C09FBB0,2020-10-09 03:26:40.408000,2020-10-09 03:26:45.337000
rnmhla3rpqapf6dc,failed,not_found,563,B8F6E68B36BEE2BF548750BDCCC3C2A7DB56A623,D24F1851779BFE3C982C40ECC9C1EFD344EFDA9B,BF50E09EED25B82861CF95E1AAA42DCFEF53E5D1,A40D5345ACA7439DAEA3801C3C473731B68A6E9B,2020-10-09 03:26:45.337000,2020-10-09 03:27:14.523000
rnmhla3rpqapf6dc,,,,,,,09DCA3360179C6C8A5A20DDDE1C54662965EF1BA,2020-10-09 03:27:14.524000,
bwfg7fzk4qfsij6w,failed,not_found,230,B8F6E68B36BEE2BF548750BDCCC3C2A7DB56A623,F6AAFCFB722532DA3E2A54135000E672B9473835,8AAD0B090311B7A43D44FD353F32D21628C85D52,814B549F6397288BDF6A1FA3DB6299066714AFF6,2020-10-09 03:26:34.393000,2020-10-09 03:26:37.229000
bwfg7fzk4qfsij6w,failed,not_found,292,B8F6E68B36BEE2BF548750BDCCC3C2A7DB56A623,856DAB2FDC9EED88A27BE2265FA6BD5489EF178E,8E5F4EE45E0631A60E59CAA42E1464FD7120459D,194ED740056DD75140C82FEEB2CDD9099F60284D,2020-10-09 03:26:37.230000,2020-10-09 03:26:40.866000
bwfg7fzk4qfsij6w,failed,not_found,389,B8F6E68B36BEE2BF548750BDCCC3C2A7DB56A623,41145C3169D810DB360FF2FCA232093B02C0B262,A7956FE34B15B6A9B7D4835AA51D34810DF449F2,1944F3A473CB77B12BDB4E3D15963A24DF58E4E7,2020-10-09 03:26:40.866000,2020-10-09 03:26:47.078000
bwfg7fzk4qfsij6w,,,,,,,1939CC1B41298A49C0684878813DED5CD1A9EE98,2020-10-09 03:26:47.078000,
qyxsetuqmywjabcj,failed,not_found,232,B8F6E68B36BEE2BF548750BDCCC3C2A7DB56A623,37BB3233098BF9B9095C27834E65A2E17FF807F8,12D552E8AF7AA2B71B218B5BBF6A5FEFA6F26BA0,4E9796481C1E75F75D57E8C1FC8C8ED111433316,2020-10-09 03:26:34.393000,2020-10-09 03:26:37.366000
qyxsetuqmywjabcj,failed,not_found,293,B8F6E68B36BEE2BF548750BDCCC3C2A7DB56A623,A1B28D636A56AAFFE92ADCCA937AA4BD5333BB4C,855BC2DABE24C861CD887DB9B2E950424B49FC34,4E98AA295B7171996D18DD1F6A19F64AB4036B4A,2020-10-09 03:26:37.367000,2020-10-09 03:26:40.574000
qyxsetuqmywjabcj,failed,not_found,370,B8F6E68B36BEE2BF548750BDCCC3C2A7DB56A623,1CDCB48F64E21D5ACAFE2471912E2E76F600EDFA,FCE1FA95BC61BC2FF9752EE9BB5651805A30FD99,4EA381A1CAF4422C14201B4BF799039942A97FFD,2020-10-09 03:26:40.574000,2020-10-09 03:26:46.751000
qyxsetuqmywjabcj,failed,not_found,507,B8F6E68B36BEE2BF548750BDCCC3C2A7DB56A623,E5CC91BAFE7CCD68003E873D32E38027638D49D7,22E6FBDB8D77B4C0FA017D6C5F9B45BECDCBCFF8,AEF0EADA8C92A4DF1500FAE303ECD8E1EBD56670,2020-10-09 03:26:46.752000,2020-10-09 03:27:03.277000
qyxsetuqmywjabcj,,,,,,,AEDFB1F1F69DC74A90BCF87B587252334D7D180E,2020-10-09 03:27:03.280000,
3rzrkqmz5fgjqjrh,failed,not_found,233,B8F6E68B36BEE2BF548750BDCCC3C2A7DB56A623,38F21DEE29E40DCDF9460A80662B7723562CA008,2998955C80A5C5575A960202AFCE0D7DF633F6EF,7D8EBB86CF2EB560F938BEF018E1D8FD6B36B327,2020-10-09 03:26:34.394000,2020-10-09 03:26:37.521000
3rzrkqmz5fgjqjrh,failed,not_found,301,B8F6E68B36BEE2BF548750BDCCC3C2A7DB56A623,9FAF5DB5DF3A2AB135C38A86389ECAA9B1B1217D,4B919C783B1145060DF518940252FE2B5B128F67,BEA635C89C057DB8E879572C6A2C188239CFAD68,2020-10-09 03:26:37.521000,2020-10-09 03:26:41.256000
3rzrkqmz5fgjqjrh,failed,not_found,445,B8F6E68B36BEE2BF548750BDCCC3C2A7DB56A623,AF1FC704A5243CC0F08A335343D18A7D9FD871DE,50E43E33EBAB7EB9EAB6B352F3685229DAB25A84,BE9B12FAAB7429842D643E2308390ECD8961E0A1,2020-10-09 03:26:41.257000,2020-10-09 03:26:51.971000
3rzrkqmz5fgjqjrh,,,,,,,BEA7C058ECD27BE8E73A76CBE13A917A83192685,2020-10-09 03:26:51.971000,
swoeyk6z2iqhbtly,failed,not_found,253,B8F6E68B36BEE2BF548750BDCCC3C2A7DB56A623,DD0AA66DD9E4E71FFAFAB658DF8300F1CEEA0364,CED424DF844971572655A1351D159ED79B6C1511,019839E66C7229039367BEB4E83B27D08A9C2B37,2020-10-09 03:26:35.437000,2020-10-09 03:26:38.745000
swoeyk6z2iqhbtly,failed,not_found,334,B8F6E68B36BEE2BF548750BDCCC3C2A7DB56A623,AE3C3B7165B912E1AA5EC4F177CA8E4DA7C8EC18,651A05E6651DDA283B85223303A01066B1FFAEF8,7335A5A83067AE1BDB073F2E00A3E3982FFFE23D,2020-10-09 03:26:38.746000,2020-10-09 03:26:43.179000
swoeyk6z2iqhbtly,failed,not_found,449,B8F6E68B36BEE2BF548750BDCCC3C2A7DB56A623,2AE2CA4BD2B7754F29432C25E03314D52AC4CAF1,263907E9D48FBEAE6E64B10C628AE8BDF466869B,01981F09AF08EB1EC69F91B31D89B6C76757620A,2020-10-09 03:26:43.181000,2020-10-09 03:26:52.175000
swoeyk6z2iqhbtly,,,,,,,7327876AE79C997DFE311A7B15B4FA875736BBD1,2020-10-09 03:26:52.176000,
2ccw43uxehelcrrm,failed,not_found,254,B8F6E68B36BEE2BF548750BDCCC3C2A7DB56A623,6E4B0D429CD87AB6C25D72E298294C583FF8BA4A,6DCCA448F8EDC79553CE60E8E21030E942CCC3B9,C577C56EAD654C829D1FF2F86133F89A1A59AA89,2020-10-09 03:26:35.439000,2020-10-09 03:26:38.495000
2ccw43uxehelcrrm,failed,not_found,323,B8F6E68B36BEE2BF548750BDCCC3C2A7DB56A623,1C8B3C3D8BC705883B7799C915B2FE1E0FEB006F,CDA2C336AD87E22DF02983887A3F74B21070D02D,C5A6FEE5BC3BE19F5B9EB086CA95DAD393D8A4F6,2020-10-09 03:26:38.496000,2020-10-09 03:26:43.178000
2ccw43uxehelcrrm,failed,not_found,448,B8F6E68B36BEE2BF548750BDCCC3C2A7DB56A623,198F12E2DEFBE6BEEBC38B2FEDD615AECB38DA7A,F92819F9B74BDF438FA9DA2E0163C3A1B44B0CEA,C59E079437340E3AD14E6785C0A91A5B6F328566,2020-10-09 03:26:43.179000,2020-10-09 03:26:53.623000
2ccw43uxehelcrrm,,,,,,,3FFDFB5A9A278C7C303745606DB5B68FC5B9FADF,2020-10-09 03:26:53.625000,
g5ecf5xp2jc5aeo5,failed,not_found,312,B8F6E68B36BEE2BF548750BDCCC3C2A7DB56A623,82ED9AEC94184EC6DD299A5CDB3378B04BB17489,037B6C60DAD4DF32FDA29BF458D5C8C816AA8F3E,4BF3D299BC500C350868F078749291C766C7AA6F,2020-10-09 03:26:35.479000,2020-10-09 03:26:39.034000
g5ecf5xp2jc5aeo5,failed,not_found,420,B8F6E68B36BEE2BF548750BDCCC3C2A7DB56A623,334DF2164322B98FCC567BC444947B74AC92DAEA,318CAD1A00B33D2F65958210B09B8937836E99AF,4BED68DF9EAF6C111D8778E19CC9AC7AFEC4FC02,2020-10-09 03:26:39.035000,2020-10-09 03:26:43.990000
g5ecf5xp2jc5aeo5,failed,not_found,469,B8F6E68B36BEE2BF548750BDCCC3C2A7DB56A623,681D82B559E2DEC25A966B0CE593168CD75ADB16,BF0FB582E37F738CD33C3651125F2772705BB8E8,A6AAFAEABBBACC74CEB15BE9CE69F3B3A4087841,2020-10-09 03:26:43.991000,2020-10-09 03:26:56.139000
g5ecf5xp2jc5aeo5,,,,,,,A6AA94B4007A0E2919B2DA8ECF2CFA3CA1761A13,2020-10-09 03:26:56.140000,
yoira5so2btodica,failed,not_found,256,B8F6E68B36BEE2BF548750BDCCC3C2A7DB56A623,06BBEAA6F73759A1795EB461D39D2AA168F305D1,BF0FB582E37F738CD33C3651125F2772705BB8E8,9ECFD67230D09E5E8F3431BDC4FD8E52428AFC09,2020-10-09 03:26:35.501000,2020-10-09 03:26:38.743000
yoira5so2btodica,failed,not_found,333,B8F6E68B36BEE2BF548750BDCCC3C2A7DB56A623,438E8C214576AF13480A550D45C116F43333C319,69122296D37FC7D338753E3EC19BC666A10566A1,9EEAA02E338CDF5919F983F3245AA95A790B9B6C,2020-10-09 03:26:38.744000,2020-10-09 03:26:43.927000
yoira5so2btodica,failed,not_found,467,B8F6E68B36BEE2BF548750BDCCC3C2A7DB56A623,0A930AD7BAAF24C5773C22730EB1FBB3F02391FE,74AEC0978787393E563C587A3055545DA5035C26,F1B6FA0ED8C60E9C7317AF027E7C0E5C1AE1DD39,2020-10-09 03:26:43.927000,2020-10-09 03:26:55.402000
yoira5so2btodica,,,,,,,9ECEC047BA0596C51EDD098616C8A86697A12824,2020-10-09 03:26:55.402000,
ggplnnvfl4alwhpt,failed,not_found,311,B8F6E68B36BEE2BF548750BDCCC3C2A7DB56A623,D87698D8E2276C7E93D531B7C2A1B27D58C71876,FE547E7D1D2B3797EA07BECD5E75C85AA94A5E4A,DE1F613AEF875E5FCD1E471866A8DE4BEC2F1160,2020-10-09 03:26:35.502000,2020-10-09 03:26:41.612000
ggplnnvfl4alwhpt,failed,not_found,413,B8F6E68B36BEE2BF548750BDCCC3C2A7DB56A623,A6C983C2F7EEADD55CE9169E540EBD95423FC260,0C475BA4D3AA3C289B716F95954CAD616E50C4E5,DE0421FBD771E6189205D353366874B1790185C7,2020-10-09 03:26:41.612000,2020-10-09 03:26:48.881000
ggplnnvfl4alwhpt,failed,not_found,537,B8F6E68B36BEE2BF548750BDCCC3C2A7DB56A623,3C65C588DA6EDD77257E2129C5F94705C2021BED,A3407CC403CF39DFA40ED9E1D14A8B54431F6104,01664D41A81F817A3E71400D6BFD40947AA40AFB,2020-10-09 03:26:48.881000,2020-10-09 03:27:07.728000
ggplnnvfl4alwhpt,,,,,,,016093EE4BAE9AF473FC0C811A9D10FDAA9CA34B,2020-10-09 03:27:07.729000,
2v53nf2vmqbthdnb,failed,not_found,277,B8F6E68B36BEE2BF548750BDCCC3C2A7DB56A623,5AD3FB658E490BAD9515F363374AA41D65D31A02,ACBBB426CE1D0641A590BF1FC1CF05416FC0FF6F,4F9BE3A549730D4B5705E1B89D637CA824A57DA1,2020-10-09 03:26:36.337000,2020-10-09 03:26:39.643000
2v53nf2vmqbthdnb,failed,not_found,388,B8F6E68B36BEE2BF548750BDCCC3C2A7DB56A623,AE17FAAF8F302A506AF2167666EC62882804403F,59A755782C1F977D6DCD76C0EC450FFCC7C29E56,4F7A7A61D20234B2C453FB8CD3014C100F1E0DE3,2020-10-09 03:26:39.643000,2020-10-09 03:26:47.074000
2v53nf2vmqbthdnb,failed,not_found,511,B8F6E68B36BEE2BF548750BDCCC3C2A7DB56A623,449CB1390069ACE64874C3DB5246932C04D602C1,645C3F0545E0975A49F69EC272C0C3EA28586825,4FA1F401F8C3E8326031E7994045BE67F36033A6,2020-10-09 03:26:47.075000,2020-10-09 03:27:05.781000
2v53nf2vmqbthdnb,,,,,,,5DE37A3371AAE7638748EB43C9F1CE66E09D4470,2020-10-09 03:27:05.782000,
ik6rpfxwx6lpqxmo,failed,not_found,255,B8F6E68B36BEE2BF548750BDCCC3C2A7DB56A623,34DF8443F6ACD1A543AAA10A7621A389E31A4422,5C83A9F985E2ACFBC3D3E5DB7F5C7C91FF7FE7AA,4BF3D299BC500C350868F078749291C766C7AA6F,2020-10-09 03:26:36.354000,2020-10-09 03:26:42.082000
ik6rpfxwx6lpqxmo,failed,not_found,339,B8F6E68B36BEE2BF548750BDCCC3C2A7DB56A623,B22C4BF9747DBBC843F1BBBA272FDB7B6045EB01,36FA576EE55BE5F1297370FBECBBBEB6125BBE4A,4BED68DF9EAF6C111D8778E19CC9AC7AFEC4FC02,2020-10-09 03:26:42.083000,2020-10-09 03:26:49.978000
ik6rpfxwx6lpqxmo,failed,not_found,587,B8F6E68B36BEE2BF548750BDCCC3C2A7DB56A623,F94CCEA0042765AA7EE66BEA5B39C9E03E286EA2,EECADDB0CBB5725D4DDFE3D7E734E8261E0E9D09,B2741D35F0FDACE03350DBECD8BE8A84FEFB33DC,2020-10-09 03:26:49.978000,2020-10-09 03:27:19.934000
ik6rpfxwx6lpqxmo,,,,,,,4BFC9C631A93FF4BA3AA84BC6931B4310C38A263,2020-10-09 03:27:19.934000,
2q2hn2dk5grjvysv,failed,not_found,390,B8F6E68B36BEE2BF548750BDCCC3C2A7DB56A623,547E6E68ADE1B6F492C44443588A939610401DFB,99D5C9A5A7238986D1EA1D7771CF81B4A192C4D0,A44062AE3484310CE728BBD7769E9CD44C09FBB0,2020-10-09 03:26:36.355000,2020-10-09 03:26:46.939000
2q2hn2dk5grjvysv,failed,not_found,509,B8F6E68B36BEE2BF548750BDCCC3C2A7DB56A623,91BA193FB362FB7B6679A7A83A3050F3C44A5468,62274AC17DCCF4030A6AD8CEBED0C36E7B8592D8,A13281DBD8F8E484E95DD273B3EE7FC14C1B0A7A,2020-10-09 03:26:46.940000,2020-10-09 03:27:04.391000
2q2hn2dk5grjvysv,,,,,,,A123F404BD9A15D96CC7930C2BE28103341AC68B,2020-10-09 03:27:04.391000,
e35effuwcrfb5zwt,,,,,,,C2A3F4315DEC7F4E31D18818E1002B0C6A2E5535,2020-10-09 03:26:36.356000,
unsrdjtcagvknf6v,failed,not_found,282,B8F6E68B36BEE2BF548750BDCCC3C2A7DB56A623,C8A95933320878FCAAACB331915E926BAF78A259,E7EF73B4722CFAF0E8AA2151D3AA78701DE5F19B,E6C04728E9339DF22F331B7017D4A7AA3F252F0B,2020-10-09 03:26:36.356000,2020-10-09 03:26:39.661000
unsrdjtcagvknf6v,failed,not_found,385,B8F6E68B36BEE2BF548750BDCCC3C2A7DB56A623,842B1F6C4B9E41FC9059DF675C5DF5BDA9F0FC73,D87698D8E2276C7E93D531B7C2A1B27D58C71876,E6C532D7C7614F19EF809F50AA735054BAB47979,2020-10-09 03:26:39.661000,2020-10-09 03:26:46.876000
unsrdjtcagvknf6v,failed,not_found,495,B8F6E68B36BEE2BF548750BDCCC3C2A7DB56A623,81E18725397D620DA548ABBE24D9CD263DEF2FDC,6C333B5BDBA3DFE7A782E40CB970C271ABFED119,E6D4332BF40FDEE7814F2DBC926650EF8032B643,2020-10-09 03:26:46.877000,2020-10-09 03:27:00.174000
unsrdjtcagvknf6v,,,,,,,9C4DAED4759AA66D0E93EB27093BD21CFE2C2271,2020-10-09 03:27:00.175000,
2lxvx5p74cmjhure,failed,not_found,294,B8F6E68B36BEE2BF548750BDCCC3C2A7DB56A623,B0537CD220A60ECF8045439658A53254C0D63DCB,33AA6CFE161A698169B548C9D973DAE6DED6BF0E,9C66AB3B7D9DDA2EA81AAF51BABA6D4331DF9592,2020-10-09 03:26:37.388000,2020-10-09 03:26:40.410000
2lxvx5p74cmjhure,failed,not_found,422,B8F6E68B36BEE2BF548750BDCCC3C2A7DB56A623,578A44CD233FF5F05EC97A7C9371F7C3F9A7C628,5DE37A3371AAE7638748EB43C9F1CE66E09D4470,9C7FD5461AE339DAD8A39316ECCD0178C6541D26,2020-10-09 03:26:40.410000,2020-10-09 03:26:49.379000
2lxvx5p74cmjhure,failed,not_found,553,B8F6E68B36BEE2BF548750BDCCC3C2A7DB56A623,A7956FE34B15B6A9B7D4835AA51D34810DF449F2,EAA823552F959DFD038E9AC8FA89345A738B6C00,D6AC8B8513372F6474344C93B8A5A8AE3E3C962C,2020-10-09 03:26:49.379000,2020-10-09 03:27:11.299000
2lxvx5p74cmjhure,,,,,,,9C69356D254BB5BDA6403F3D3FBF486BDCC798F6,2020-10-09 03:27:11.300000,
nunq7ogpyedjuyj4,failed,not_found,296,B8F6E68B36BEE2BF548750BDCCC3C2A7DB56A623,2FFE5FAF70D20E76B0474AE9E40C2A0B53F8D9F0,3A7528436E0DD9675FB12750F3EDE23CF74F4ACB,628732744F45C7C24B94E1E6221545E04BDF48E2,2020-10-09 03:26:37.398000,2020-10-09 03:26:40.648000
nunq7ogpyedjuyj4,failed,not_found,379,B8F6E68B36BEE2BF548750BDCCC3C2A7DB56A623,C8A95933320878FCAAACB331915E926BAF78A259,0085057C17BD2E1809E284825F06F94E72FB418C,91C6AE74A3520AE890F051E992F5C7F6D391E61F,2020-10-09 03:26:40.648000,2020-10-09 03:26:46.173000
nunq7ogpyedjuyj4,failed,not_found,493,B8F6E68B36BEE2BF548750BDCCC3C2A7DB56A623,708A968F3644F8A547156368FEA3DB664110E631,103336165A0D2EFCAD3605339843A0A7710B8B92,6287129CB9EC475E816A0D283FE4E45D632A4A4B,2020-10-09 03:26:46.173000,2020-10-09 03:27:00.385000
nunq7ogpyedjuyj4,,,,,,,6290A2D08E5EB89C809223C5C7BF52597690751D,2020-10-09 03:27:00.385000,
azdcilpuasyl5sd3,failed,not_found,372,B8F6E68B36BEE2BF548750BDCCC3C2A7DB56A623,10A5EFCCD2FB9C1A4AC20FB779A5DB11B58957A7,38E48C9509E18F405749859EEF299EBC1B829602,5D716DBBCD8D52E054E29659CCA2A7571832D7AB,2020-10-09 03:26:37.480000,2020-10-09 03:26:45.774000
azdcilpuasyl5sd3,failed,not_found,479,B8F6E68B36BEE2BF548750BDCCC3C2A7DB56A623,DBE82FA23B9FE3CB2462A6FCF5289DED3CBF4AEE,E787CB1DDAC5583A82B448E12FC4468DFCF93388,A9B7059C582AB54AF1BE9E4822405312BDC2A9E5,2020-10-09 03:26:45.774000,2020-10-09 03:26:56.475000
azdcilpuasyl5sd3,,,,,,,5D5498F76347A2451839667C0913BDDFF302C8F2,2020-10-09 03:26:56.476000,
46vp5c7ffxqxzfi4,failed,not_found,299,B8F6E68B36BEE2BF548750BDCCC3C2A7DB56A623,65C362597C3AB32C18442D45C061B08167E5F401,24F97F98C45E4754655BE66799049763DAEE99CE,15571673BCE30678EC5F895C9F59EB1C01CBBC56,2020-10-09 03:26:37.482000,2020-10-09 03:26:41.840000
46vp5c7ffxqxzfi4,failed,not_found,415,B8F6E68B36BEE2BF548750BDCCC3C2A7DB56A623,1D54F7CCB7C7A185EE8AA5616C079DD923EB57F2,12AD30E5D25AA67F519780E2111E611A455FDC89,0DDC190D45A6C452F6814408284DDF7DA8175006,2020-10-09 03:26:41.841000,2020-10-09 03:26:50.086000
46vp5c7ffxqxzfi4,failed,not_found,589,B8F6E68B36BEE2BF548750BDCCC3C2A7DB56A623,6117337636B8CB979F09B67530477DFFCA61BF88,816E0058746B155EADD0EBD85C0465E3C778051F,0DD55CF27BBA1F51131A46BC0A0EED68A177D1BB,2020-10-09 03:26:50.087000,2020-10-09 03:27:20.084000
46vp5c7ffxqxzfi4,,,,,,,156AAC3FAD1ACC8906316519DCB444B8C77E4EBF,2020-10-09 03:27:20.084000,
gzg3x3djnuavx2xu,failed,not_found,302,B8F6E68B36BEE2BF548750BDCCC3C2A7DB56A623,CD5CF125FED4BE5DA5F259F75AF3D4DD182C54D0,2CE9BE1FC88B9D0FA03F387C9E4F000B5D4B2AE9,EAF639CC9B126F1775F9D66FCC46DBCAF2485BFB,2020-10-09 03:26:37.524000,2020-10-09 03:26:43.432000
gzg3x3djnuavx2xu,failed,not_found,451,B8F6E68B36BEE2BF548750BDCCC3C2A7DB56A623,39DF2E6803720BC0750FA69872A3E3F432108BA0,DAD19570682F47FB775B263330BD62B7BF0DEEA8,E4B478B4C4B7B489276E7BF5BF257A0F1EDF67BA,2020-10-09 03:26:43.432000,2020-10-09 03:26:52.994000
gzg3x3djnuavx2xu,,,,,,,E4CB7449182806088DCD6A707F45809F0694A50A,2020-10-09 03:26:52.994000,
ul6m3ehhesmojmoh,failed,not_found,324,B8F6E68B36BEE2BF548750BDCCC3C2A7DB56A623,5B0DBAC2C854B8EB0E0DD39AD94B66F2FEDC4871,59C1F61668FDA4BE84DABBCF0A80EC0E530D9150,FBBC3BD58B471F6227DC0F05265C6A37C770905F,2020-10-09 03:26:38.497000,2020-10-09 03:26:42.281000
ul6m3ehhesmojmoh,failed,not_found,421,B8F6E68B36BEE2BF548750BDCCC3C2A7DB56A623,36045C1900EC3FDF1DDA9BEC72DDF7DE50DAF021,16EC5B79F147C6A05649E84E4AC90802446E8158,FBCD5D8428C342B02D94156F52358B02B3F2E519,2020-10-09 03:26:42.282000,2020-10-09 03:26:49.686000
ul6m3ehhesmojmoh,failed,not_found,565,B8F6E68B36BEE2BF548750BDCCC3C2A7DB56A623,0794E378A1EE9337D917BEE88607A1C12AC7F906,79D110419709C4B3D1F92FC3CE121B5317DBE8B3,FBC2856A48705F3ED17E504F8FC89EC6433ED25D,2020-10-09 03:26:49.687000,2020-10-09 03:27:14.381000
ul6m3ehhesmojmoh,,,,,,,F8E9C0C3A4B61E7599AA7A23D7ADE77E5BAB2663,2020-10-09 03:27:14.381000,
cso2kmrrs2yiimjj,failed,not_found,325,B8F6E68B36BEE2BF548750BDCCC3C2A7DB56A623,982A103489DF8410585B8077B7FD813217093EB4,E76E2BC2FC9273BFBA38947EB5572076270D49D5,A33573C935B34CD07D988E774819DF0D30359F8B,2020-10-09 03:26:38.558000,2020-10-09 03:26:42.180000
cso2kmrrs2yiimjj,failed,not_found,438,B8F6E68B36BEE2BF548750BDCCC3C2A7DB56A623,E09EEE72EA58E68C799A32D6FC00E0C9EA2B6F45,4352D58B2641E8C1787750EFD3A07A88224967AC,181F48BFF5D425BCEC1E78DAC5B5F0E45FFDAF4D,2020-10-09 03:26:42.181000,2020-10-09 03:26:51.118000
cso2kmrrs2yiimjj,,,,,,,1841CB960128806151B61FC6D87AFBE9A98B99D7,2020-10-09 03:26:51.118000,
jlgj23pgv5uyeqc5,failed,not_found,327,B8F6E68B36BEE2BF548750BDCCC3C2A7DB56A623,1CE9AB21F6A077CFD5588DC0868AC56AED5EA504,2CE96A8A1DA032664C90F574AFFBECE18A6E8DFC,8D112569E620CB316F1FDC08BCFD93FF54F22ED9,2020-10-09 03:26:38.560000,2020-10-09 03:26:43.498000
jlgj23pgv5uyeqc5,failed,not_found,454,B8F6E68B36BEE2BF548750BDCCC3C2A7DB56A623,070229A4CC2CFFB24EB667298A7DB5E8D11EB701,3FEC03EA94C6B7A944F1358D7953F4A228067271,035396269F6D00503D1765DF36ED1B203A028D74,2020-10-09 03:26:43.499000,2020-10-09 03:26:54.525000
jlgj23pgv5uyeqc5,,,,,,,0338F9F55111FE8E3570E7DE117EF3AF999CC1D7,2020-10-09 03:26:54.525000,
fhcauud4akiro5ry,failed,not_found,328,B8F6E68B36BEE2BF548750BDCCC3C2A7DB56A623,ED3ACBBB89C5F1597A44A65D2FA203BDB8E208F2,B6F03C344830AD50DF28EA7848C216801CF9AD8D,D937890C0A73F83E42FEDE3CA8B1BA80A59A29C0,2020-10-09 03:26:38.594000,2020-10-09 03:26:43.647000
fhcauud4akiro5ry,failed,not_found,459,B8F6E68B36BEE2BF548750BDCCC3C2A7DB56A623,4E98AA295B7171996D18DD1F6A19F64AB4036B4A,A4A2FE36988069304CFF837064277FAB6348AF03,F8AA8D8CCBA0C5F2836DE6315CDFA6E4A31A0890,2020-10-09 03:26:43.647000,2020-10-09 03:26:53.626000
fhcauud4akiro5ry,,,,,,,D91F295BFAF865BF76DA0820485B6650DD832DC5,2020-10-09 03:26:53.626000,
3eqxmjtrlre4cpqj,failed,not_found,383,B8F6E68B36BEE2BF548750BDCCC3C2A7DB56A623,2F69F8C4DC02DD15A39BFDB4078A791D89ECEAA2,E8D550E6ACFAAAF75A7A3672C55D5114882953C7,2D418A89F79DB4A8E658BA549FBB974D1D22DD1A,2020-10-09 03:26:38.595000,2020-10-09 03:26:46.577000
3eqxmjtrlre4cpqj,failed,not_found,498,B8F6E68B36BEE2BF548750BDCCC3C2A7DB56A623,55F7F56D58C8C40A9A9DF3D508C1F26A04DE360C,CE694BA8D019EE60D8E7838CC177E689CEA825EA,A7F80AB7E04C0004E8DE0A0037F8ED54292458BF,2020-10-09 03:26:46.578000,2020-10-09 03:27:01.080000
3eqxmjtrlre4cpqj,,,,,,,A7FA78D175541179556D66C8C78D69D238274F7A,2020-10-09 03:27:01.080000,
i22jhlptvocr5dpw,failed,not_found,348,B8F6E68B36BEE2BF548750BDCCC3C2A7DB56A623,A2CD32D9D0668DB764AD68C745CE29693CA851B9,AD7552F2CFBF472F9FFE748D3E82994EA6050A76,2D8A907F61CAED48170963B76BE4FB0ED33E5E88,2020-10-09 03:26:39.461000,2020-10-09 03:26:44.300000
i22jhlptvocr5dpw,failed,not_found,475,B8F6E68B36BEE2BF548750BDCCC3C2A7DB56A623,968CB7DA0C56E66F22B78CBA0562FE132939D8BF,21C9D9F1633246269DEB84A79495E85C07E8466D,2D8AFA912E2B8623BB2CDACD19332209D524D1A3,2020-10-09 03:26:44.313000,2020-10-09 03:26:55.846000
i22jhlptvocr5dpw,,,,,,,2F8B9500DC98C13FD28CC51E47D3416DE423ED78,2020-10-09 03:26:55.846000,
uxgfrdzwbr64iumo,failed,not_found,555,B8F6E68B36BEE2BF548750BDCCC3C2A7DB56A623,8B7C64EC9D8209C142530B3488050B85D55D69D6,3FEC03EA94C6B7A944F1358D7953F4A228067271,644074F47257F9A906F9AA5C6B8926C1540A1DA8,2020-10-09 03:26:39.464000,2020-10-09 03:27:15.009000
uxgfrdzwbr64iumo,,,,,,,D814C3CA8115AC4FB753D3E0CF54FAFE2A5F0A6F,2020-10-09 03:27:15.009000,
jwwmdeiaxiabduv5,failed,not_found,350,B8F6E68B36BEE2BF548750BDCCC3C2A7DB56A623,5C01B2D72D75F109550963F810C2010BDA208549,63540827C4832D214984EA47B7A68C593F9F862F,2F64EA527C4AA6F99E261318DD1FF127828E2525,2020-10-09 03:26:39.484000,2020-10-09 03:26:44.297000
jwwmdeiaxiabduv5,failed,not_found,474,B8F6E68B36BEE2BF548750BDCCC3C2A7DB56A623,120B535E53C4ACF968EF3AE269B224D1CF0F3C1E,870E97E5846D8308EA469A5BB5A50D2838503DBE,2F644DDEF8BAA31BA0240E6C6D36665D90DA57C9,2020-10-09 03:26:44.297000,2020-10-09 03:26:56.476000
jwwmdeiaxiabduv5,,,,,,,2F4F5FBB055B01D753FA8DC493B9DBB10438D31B,2020-10-09 03:26:56.477000,
hs3cxqwptjkwybfd,failed,not_found,375,B8F6E68B36BEE2BF548750BDCCC3C2A7DB56A623,C001C72093A7DB3F067088BC9EA7CFADAA8AADD2,2802B96E4BE4FDBFB0F5D5DFBF7E5AB541A18DF0,C7273E54DC970FD18543F521DA883C823BE4AF01,2020-10-09 03:26:39.484000,2020-10-09 03:26:45.954000
hs3cxqwptjkwybfd,failed,not_found,491,B8F6E68B36BEE2BF548750BDCCC3C2A7DB56A623,F94CCEA0042765AA7EE66BEA5B39C9E03E286EA2,08F06A0DDAFABF9A26FCB2E392A1435F9E048216,C7106F0C6A7CF0F592CBAFF7C79BD81153B1B5F5,2020-10-09 03:26:45.954000,2020-10-09 03:26:59.748000
hs3cxqwptjkwybfd,,,,,,,C74469EC04787CC458FB1DCDF456C5092CF08B19,2020-10-09 03:26:59.748000,
o2u5sjsabvbgdazz,failed,not_found,556,B8F6E68B36BEE2BF548750BDCCC3C2A7DB56A623,138ED47EE2156E6492FDE0B61338D973C9717F32,55804F9D37F7B27BD0426B3CB06C64B4D0F95546,DE0F5F8402B97563B6CD0D7889DCE8AC6AD288C0,2020-10-09 03:26:39.524000,2020-10-09 03:27:13.012000
o2u5sjsabvbgdazz,,,,,,,FB13B3060516E4C50E5E178227A036977103E4AD,2020-10-09 03:27:13.013000,
3cu35x34jfs5b7cp,failed,not_found,366,B8F6E68B36BEE2BF548750BDCCC3C2A7DB56A623,1BF8FFAFA88CC6BFDB0383EC61AFA645403CE44B,E7723680EA1F78E015DF312411990D5F5E815C27,F9A28AB71D7E4E446308641A556EA53BA55FCB50,2020-10-09 03:26:40.485000,2020-10-09 03:26:45.878000
3cu35x34jfs5b7cp,failed,not_found,473,B8F6E68B36BEE2BF548750BDCCC3C2A7DB56A623,8DBEF8D824437770261B4C7453F2815DB7FC9165,91517F219F7648E4B8BBF3C162C77DDC55315612,47F9D1E0155089917FFA734EF759089326C3761A,2020-10-09 03:26:45.878000,2020-10-09 03:26:57.136000
3cu35x34jfs5b7cp,,,,,,,482A687F14182974926CE0B3ACFFC8D6247ED7DF,2020-10-09 03:26:57.137000,
vshj3gpyddnir5u4,failed,not_found,423,B8F6E68B36BEE2BF548750BDCCC3C2A7DB56A623,3C2C0C158F47773FE6B4F5A8DA43DE5AE9ED975E,819C8AFEDAC733315A8F3DB80F043F13090C49F6,0A9771723D8DE2E015718303DCC8BCD88AFC620A,2020-10-09 03:26:40.500000,2020-10-09 03:26:49.935000
vshj3gpyddnir5u4,failed,not_found,583,B8F6E68B36BEE2BF548750BDCCC3C2A7DB56A623,40C773D9F2B16143CDB2ADB661DDC6BB12EF3E2C,7D928720EC0CB5C2AFE04DF0EBC37BD59B00EAB4,C50ED548D22C1908E58AA194AD3DC966FD267E06,2020-10-09 03:26:49.935000,2020-10-09 03:27:19.206000
vshj3gpyddnir5u4,,,,,,,0A7F10EFEA3204E7DA9B9F61E2A00D53D4953C08,2020-10-09 03:27:19.206000,
uczqqkbb2zqg6l7a,failed,not_found,368,B8F6E68B36BEE2BF548750BDCCC3C2A7DB56A623,AA7630738F82C4DF26BB8EFF131564DACDEAC64C,F740DDDB1A6B536B5CC47111BFE4E2F7CF9B4C28,88CF8D42D49B7C8E9D03ABE5DAE7AF25E9902008,2020-10-09 03:26:40.573000,2020-10-09 03:26:45.742000
uczqqkbb2zqg6l7a,failed,not_found,502,B8F6E68B36BEE2BF548750BDCCC3C2A7DB56A623,B5558CFA70A5308582B25767C9698E6DBE6A90B2,CF556653E704F7B619E1BBC0AE86A8E2E185A17F,CC701FCE86D6AF95FC3D5B71645D3430794910C1,2020-10-09 03:26:45.743000,2020-10-09 03:27:01.949000
uczqqkbb2zqg6l7a,,,,,,,CC651A7620A8129209BF865CA6ECC1F09023DD28,2020-10-09 03:27:01.950000,
tizp5efqsrlgj52m,failed,not_found,369,B8F6E68B36BEE2BF548750BDCCC3C2A7DB56A623,2E72EEABE4EE19183BEFAA10D88B3C16829C9F99,4856C97DC4F2271BC896DF9CABD217EE2D869D68,AA616315BA97729EA47DAD8718FA59269C7229E7,2020-10-09 03:26:40.573000,2020-10-09 03:26:45.713000
tizp5efqsrlgj52m,failed,not_found,489,B8F6E68B36BEE2BF548750BDCCC3C2A7DB56A623,36FA576EE55BE5F1297370FBECBBBEB6125BBE4A,CFBBD457FA6AA250564A882DDC11810DD3269164,AA4AF27D6A573B0EEB234AEF89750CA6E6141C0E,2020-10-09 03:26:45.713000,2020-10-09 03:26:59.076000
tizp5efqsrlgj52m,,,,,,,89FF4A0818D8BE9F8B71338D96A6B854F77F9FEC,2020-10-09 03:26:59.077000,
4lxvry6opyfdjlf4,failed,not_found,377,B8F6E68B36BEE2BF548750BDCCC3C2A7DB56A623,16DB78459B845F4E728405EB694E32929E2B318A,DEF35CE8FCC5B5ED35DEC379A9EDF420FF419677,9D2807BA2ABEC93EA7574F04827CC00402A6C92B,2020-10-09 03:26:40.612000,2020-10-09 03:26:46.265000
4lxvry6opyfdjlf4,failed,not_found,496,B8F6E68B36BEE2BF548750BDCCC3C2A7DB56A623,33AA6CFE161A698169B548C9D973DAE6DED6BF0E,56927E61B51E6F363FB55498150A6DDFCF7077F2,9D21F034C3BFF4E7737D08CF775DC1745706801F,2020-10-09 03:26:46.266000,2020-10-09 03:27:00.799000
4lxvry6opyfdjlf4,,,,,,,9E6BA60AFBF9A4946A52770ABCDFC95703DAD6CB,2020-10-09 03:27:00.799000,
qdqipxvfdavdnfnl,failed,not_found,434,B8F6E68B36BEE2BF548750BDCCC3C2A7DB56A623,014E24C0CD21D2B9829E841D5EC1D3C415F866BF,42B4F52C5B11E4D39855F654955425B0D5A0598B,63540827C4832D214984EA47B7A68C593F9F862F,2020-10-09 03:26:41.561000,2020-10-09 03:26:50.234000
qdqipxvfdavdnfnl,failed,not_found,566,B8F6E68B36BEE2BF548750BDCCC3C2A7DB56A623,0F6E5CA4BF5565D9AA9FDDCA165AFC6A5305763D,13F1229C41B8A67F4AB949A3AFA5E6F39EF68BFC,63408B7CA84E9F483C60D51ABCE0555D32D42ABA,2020-10-09 03:26:50.235000,2020-10-09 03:27:13.011000
qdqipxvfdavdnfnl,,,,,,,104DC15ACFA69CF94F89E8ED0F6CDB2D298234D2,2020-10-09 03:27:13.012000,
44zrva5k4kgbgnii,failed,not_found,435,B8F6E68B36BEE2BF548750BDCCC3C2A7DB56A623,431702B3A68A6015F9955DD4FD0129175B43EA0F,BCD2F039FC8B8F1D33742E72E15D710F777F664E,DB2682153AC0CCAECD2BD1E9EBE99C6815807A1E,2020-10-09 03:26:41.561000,2020-10-09 03:26:50.186000
44zrva5k4kgbgnii,,,,,,,26C28F29B611DF4DE23ACF5D9DC1EB4895EF5E8B,2020-10-09 03:26:50.187000,
ayigd46upl3xjnk2,failed,not_found,559,B8F6E68B36BEE2BF548750BDCCC3C2A7DB56A623,3B65EEA3DDB890CF4899E675A7B138D04759FAFA,3098CC656BB3F519FEBF93AF6E0CBBDE4D84002A,ADB98B27D7A3FB5732068FD23602A1BCB3BE9F38,2020-10-09 03:26:41.591000,2020-10-09 03:27:12.774000
ayigd46upl3xjnk2,,,,,,,ADB398B7F5AC2D936A8080758607F5CCB4B78F3E,2020-10-09 03:27:12.775000,
xvsrkvm6wwmzwise,failed,not_found,437,B8F6E68B36BEE2BF548750BDCCC3C2A7DB56A623,929BF37C657D4F69C76324E5FEA760A62483813B,17CF5B659F2FB7433573F6FD61E3E2228CB3448D,91E4015E1F82DAF0121D62267E54A1F661AB6DC7,2020-10-09 03:26:41.611000,2020-10-09 03:26:50.292000
xvsrkvm6wwmzwise,,,,,,,EE8134DD1697F6A700B450FC3910F636A8FCD07D,2020-10-09 03:26:50.293000,
vx2s4z6zyenro2bj,failed,not_found,411,B8F6E68B36BEE2BF548750BDCCC3C2A7DB56A623,3B65EEA3DDB890CF4899E675A7B138D04759FAFA,6206ABDDC29EC1D9388223580EB4B0BC81576609,C5D5E635D115C921C060929FDBEA08F214289198,2020-10-09 03:26:41.611000,2020-10-09 03:26:48.711000
vx2s4z6zyenro2bj,failed,not_found,569,B8F6E68B36BEE2BF548750BDCCC3C2A7DB56A623,99AC77667D8D606251B749DFDA473B2C781F78D0,B568135C5E345BAFB080C11FDDF348E545A722E5,24A17A4C1FA8C2108ACDE3BE681B0731384BF3A5,2020-10-09 03:26:48.712000,2020-10-09 03:27:13.529000
vx2s4z6zyenro2bj,,,,,,,24B1DF80768332990BA8F1230BA41D95D82D52BD,2020-10-09 03:27:13.530000,
ukocfo6anf4q2ntb,failed,not_found,440,B8F6E68B36BEE2BF548750BDCCC3C2A7DB56A623,EB5BCFB15ADA99B2C085E169DCC3C0B155C976A0,E81993EA52B73285CFFD02FEC003569D21483001,DBA2DBB852E06B58BAAF09BD1BE91FA30A1243C8,2020-10-09 03:26:42.542000,2020-10-09 03:26:52.298000
ukocfo6anf4q2ntb,failed,not_found,592,B8F6E68B36BEE2BF548750BDCCC3C2A7DB56A623,AE6A8C18E7499B586CD36246AC4BCAFFBBF93AB2,4B68D0E5392ED6F3469A37880631353A96558631,F50CF02A0E6A9D9B25F7EB220FC26F7BD1B74999,2020-10-09 03:26:52.299000,2020-10-09 03:27:20.902000
ukocfo6anf4q2ntb,,,,,,,DB7CCCF4C8FCAD445379523C8D3D4F50F4FCE57B,2020-10-09 03:27:20.905000,
rtwvkb2akc2f5fyl,failed,not_found,441,B8F6E68B36BEE2BF548750BDCCC3C2A7DB56A623,2B672822F131357C0CCD8C6037F9651EF976F941,55A92BE2A76C64A5A0DB0D4F61D5DCA37B55EE52,118496882F58E787DC24F5C219B93F22BA5820D8,2020-10-09 03:26:42.706000,2020-10-09 03:26:51.862000
rtwvkb2akc2f5fyl,,,,,,,C7A016E1F85CF7DD73914AE40F55B7183D11B8FD,2020-10-09 03:26:51.863000,
2bme2ufmy3ys3pkc,failed,not_found,442,B8F6E68B36BEE2BF548750BDCCC3C2A7DB56A623,6118DDB580EEDD6FE5F8D3CC0DF1EE17D8A2A4C6,E7EF73B4722CFAF0E8AA2151D3AA78701DE5F19B,25C5206EE19969289F291F22B23052DA48F948A5,2020-10-09 03:26:42.708000,2020-10-09 03:26:52.105000
2bme2ufmy3ys3pkc,,,,,,,EBE718E1A49EE229071702964F8DB1F318075FF8,2020-10-09 03:26:52.106000,
nc47pp4t6syaqung,failed,not_found,444,B8F6E68B36BEE2BF548750BDCCC3C2A7DB56A623,DAD151FDAF8964857FC88D7AA4DE110EFCEE6E2C,BD4C647508162F59CB44E4DFC1C2B2B8A9387CCA,906DCB390F2BA987AE258D745E60BAAABAD31DE8,2020-10-09 03:26:42.829000,2020-10-09 03:26:51.968000
nc47pp4t6syaqung,,,,,,,BACB47406A231AB60EC33D1ED5081C603B209655,2020-10-09 03:26:51.969000,
rjix5mh3xxvnhjnl,failed,not_found,446,B8F6E68B36BEE2BF548750BDCCC3C2A7DB56A623,5A14FBBBAF842124A0AF3C650F4302C5B549AB17,3CBC541F2A763ADD7BF742919229251E2C065E4E,156AAC3FAD1ACC8906316519DCB444B8C77E4EBF,2020-10-09 03:26:42.830000,2020-10-09 03:26:52.346000
rjix5mh3xxvnhjnl,,,,,,,D6670FB54B21818CE7C13524AA003258B8E35D38,2020-10-09 03:26:52.346000,
aoz3k3tdj2fbgrrn,failed,not_found,439,B8F6E68B36BEE2BF548750BDCCC3C2A7DB56A623,BF0FB582E37F738CD33C3651125F2772705BB8E8,76D2EBA82BBCCA3DF9F254A9A8372A10A26F3D14,3FF0DD5AC13713D319E09C40E93E0D26717B851D,2020-10-09 03:26:43.433000,2020-10-09 03:26:50.389000
aoz3k3tdj2fbgrrn,,,,,,,40108FDFA40EDB013F7291F3B4DA3D412ED3A5EF,2020-10-09 03:26:50.390000,
lxlu2fxncvdepfa7,failed,not_found,453,B8F6E68B36BEE2BF548750BDCCC3C2A7DB56A623,72614C16C578D6732A9D9079A0905E8159BC44E4,74A55E12F6A9FD17165A356C00407F4D206E8368,75FE5236E67FFA4A44C1152C35EAB36360E4D7DF,2020-10-09 03:26:43.498000,2020-10-09 03:26:52.992000
lxlu2fxncvdepfa7,,,,,,,0D97E4B39B1986B688E90BE1FD996E492F2552DB,2020-10-09 03:26:52.993000,
7lnbit4gyjqieqt4,failed,not_found,455,B8F6E68B36BEE2BF548750BDCCC3C2A7DB56A623,36EBA005CE1BBD9B164600A4666D9EA37082D838,2784EB941DEBB8061039B1766A2623B026BACD1A,5ACC0FB6043235708F7E018E315101FA2194CBB4,2020-10-09 03:26:43.501000,2020-10-09 03:26:52.988000
7lnbit4gyjqieqt4,,,,,,,5AE12CAAA489A0739F56E79CC287526FAB55A6FB,2020-10-09 03:26:52.988000,
fsnvpv43ifwul66p,failed,not_found,457,B8F6E68B36BEE2BF548750BDCCC3C2A7DB56A623,7D2595ABBB2F83E10275C0F3D2944DC580B4B55E,A066E7983758C7CC0097E16ACF4F7B71BAFA44E9,23A022058948867659E69A5282AC4E367B2ACFBD,2020-10-09 03:26:43.574000,2020-10-09 03:26:53.107000
fsnvpv43ifwul66p,,,,,,,AA98AE4BDB6E03BAA48011CAE828ECEC50B029C8,2020-10-09 03:26:53.108000,
noqgkbocwd2b73t7,failed,not_found,458,B8F6E68B36BEE2BF548750BDCCC3C2A7DB56A623,DC9564AE8BC7BF5F722E3677C897ED1B578C8D81,9BA9334DA769A7C96D464F9EA38A970088B6FECB,51F8C25ECF3A632CA8AB43EE243D606BB7C05812,2020-10-09 03:26:43.646000,2020-10-09 03:26:53.346000
noqgkbocwd2b73t7,,,,,,,51F733EAC4DFD128CF957A14D5F2DC023803D1A2,2020-10-09 03:26:53.347000,
hsh6wfbdt72n7u7t,failed,not_found,476,B8F6E68B36BEE2BF548750BDCCC3C2A7DB56A623,D1C60F9BCF2DBA07A775978F66C9927D3A9490BB,C964229B3A2379E07332A800E53009EAABBFAA30,953DB709F2A2DECC8D7560661F934E64411444F7,2020-10-09 03:26:44.425000,2020-10-09 03:26:55.768000
hsh6wfbdt72n7u7t,,,,,,,954B221CFDC3F56A15FE3C29F85D5FE34BB144B2,2020-10-09 03:26:55.768000,
np526f26vfctihan,failed,not_found,477,B8F6E68B36BEE2BF548750BDCCC3C2A7DB56A623,590136C13CC2747B8C48BF73D815454279F60C5D,2CE96A8A1DA032664C90F574AFFBECE18A6E8DFC,83B5DB940A719B67F5BF616FEEC9D8D4F764D1AB,2020-10-09 03:26:44.497000,2020-10-09 03:26:56.412000
np526f26vfctihan,,,,,,,83AEDBDB4BE3AD0ED91850BF1A521B843077759E,2020-10-09 03:26:56.412000,
h3nixnwvji2xyt3d,failed,not_found,478,B8F6E68B36BEE2BF548750BDCCC3C2A7DB56A623,5665A3904C89E22E971305EE8C1997BCA4123C69,06BBEAA6F73759A1795EB461D39D2AA168F305D1,4B170476D09459328438F3E68ED19516C9F75A80,2020-10-09 03:26:44.501000,2020-10-09 03:26:56.207000
h3nixnwvji2xyt3d,,,,,,,E5CC82DF823F15F9EEF99F22BFB1F3CC5F5076EF,2020-10-09 03:26:56.208000,
tizhf6xriqk5x7k2,failed,not_found,480,B8F6E68B36BEE2BF548750BDCCC3C2A7DB56A623,868A253C330F40FBE435D9320849397F85823E86,39BAEFE3A22CD8D57B191D86506F7A6A0F4EC2EB,35E98FB0B591DF3B357FFEDD3DADB10DAD027D7D,2020-10-09 03:26:44.556000,2020-10-09 03:26:56.618000
tizhf6xriqk5x7k2,,,,,,,36045C1900EC3FDF1DDA9BEC72DDF7DE50DAF021,2020-10-09 03:26:56.618000,
acizbcix63obkxxc,failed,not_found,481,B8F6E68B36BEE2BF548750BDCCC3C2A7DB56A623,6B13A4EC169E4FB0F3141E1AE4307966569FA47C,80F89CB42A1257A6145C1B1D6463C795CB99A6A4,45FD401243854294783CD83673613FF565D9A662,2020-10-09 03:26:44.558000,2020-10-09 03:26:57.296000
acizbcix63obkxxc,,,,,,,D59A0355562CCA21F292384F47C3DAE37DF81006,2020-10-09 03:26:57.297000,
dd2qrsq7ghxzkmjh,failed,not_found,484,B8F6E68B36BEE2BF548750BDCCC3C2A7DB56A623,FA1845C313B88EF49E8BE1F23B02CD0AC702B636,5047962E97AFDC89C9B9EE98322F3E4CB7BEB639,BCE0FDE68117375BF37408E761CB9BDE2613800B,2020-10-09 03:26:45.572000,2020-10-09 03:26:57.297000
dd2qrsq7ghxzkmjh,,,,,,,BCDE75725B927738B6FD34EA2D78F4FA77B99848,2020-10-09 03:26:57.298000,
52gf6jxlvo2ulrbi,failed,not_found,464,B8F6E68B36BEE2BF548750BDCCC3C2A7DB56A623,0B555940D37DC849728841C0B290074E1A1BDCA8,669BE4BBFA06BB7C77B95246F57DDF5BAFC48712,872B18761953254914F77C71846E8A2623C52591,2020-10-09 03:26:45.608000,2020-10-09 03:26:55.195000
52gf6jxlvo2ulrbi,,,,,,,87357FCC2BF2C21F069714381BCA6C3E7EFCBD5D,2020-10-09 03:26:55.196000,
ynfquj3svgog76ez,failed,not_found,485,B8F6E68B36BEE2BF548750BDCCC3C2A7DB56A623,837D5EA513DF7FDDA36BE569C646151CDA4B9935,C8F402FDF89E5B51D862AD68D8C17DFA5A371BA0,FEDF4998951A750D5D7974DF243035499E84882E,2020-10-09 03:26:45.609000,2020-10-09 03:26:58.105000
ynfquj3svgog76ez,,,,,,,FF154E0265ADC24FDB1D8BBA34455E324C9FE407,2020-10-09 03:26:58.105000,
nqas2ri6twrdrmn2,failed,not_found,486,B8F6E68B36BEE2BF548750BDCCC3C2A7DB56A623,9738F8F5C386CDAF5707D0DCED428F2813CA285F,D50EF9DF87048AC3C5929F625169145C21745247,EC1997D51892E4607C68E800549A1E7E4694005A,2020-10-09 03:26:45.669000,2020-10-09 03:26:57.460000
nqas2ri6twrdrmn2,,,,,,,EC1EEF4ABBAA11CE8C978E6C87182F63AD27A4F8,2020-10-09 03:26:57.460000,
6j4wrlgxhqea7ezu,failed,not_found,488,B8F6E68B36BEE2BF548750BDCCC3C2A7DB56A623,7DAC367AF33DBEFEDC684789490E213FD348BE36,FC5B4F90D1A9BB6B5885CA6B4F4EC47D1783952D,1AE039EE0B11DB79E4B4B29CBA9F752864A0259E,2020-10-09 03:26:45.670000,2020-10-09 03:26:59.557000
6j4wrlgxhqea7ezu,,,,,,,1AFF59F9B2579D78284EF7173A183F34086D4B56,2020-10-09 03:26:59.557000,
ntmw27wsrsl5qsss,failed,not_found,499,B8F6E68B36BEE2BF548750BDCCC3C2A7DB56A623,8B64F593CAC2ED05C0FA703AEF50FF71925B569C,66BD39FE805AED414ADE400CAAD862C9CC3AC34E,7E281CD2C315C4F7A84BC7C8721C3BC974DDBFA3,2020-10-09 03:26:46.619000,2020-10-09 03:27:00.604000
ntmw27wsrsl5qsss,,,,,,,CD27590779546AD86249936111753FBFC7099D7D,2020-10-09 03:27:00.604000,
ouk5lbihf7jdkycj,failed,not_found,501,B8F6E68B36BEE2BF548750BDCCC3C2A7DB56A623,91517F219F7648E4B8BBF3C162C77DDC55315612,B00B6BA943600447CF72D58DB7A35B16754E43C8,F15F5BBB91175B81980FD0704F1762C04CF6AF1E,2020-10-09 03:26:46.619000,2020-10-09 03:27:01.389000
ouk5lbihf7jdkycj,,,,,,,6AC1A5C13A6875FEA157D9A7DC30EE83F632150D,2020-10-09 03:27:01.390000,
prggf5m7unwiqx3z,failed,not_found,503,B8F6E68B36BEE2BF548750BDCCC3C2A7DB56A623,E2AB420FC7D9513C79D034BEF9A977635E4E7851,E6C04728E9339DF22F331B7017D4A7AA3F252F0B,8FF24DC61EA335CAFDD5699A937AD96D594E5904,2020-10-09 03:26:46.620000,2020-10-09 03:27:02.929000
prggf5m7unwiqx3z,,,,,,,8FF2896A94BCAA5F0A7C5A56AD6586492CD448AF,2020-10-09 03:27:02.929000,
xgq7ecj6yxgz5r72,failed,not_found,487,B8F6E68B36BEE2BF548750BDCCC3C2A7DB56A623,AEF0EADA8C92A4DF1500FAE303ECD8E1EBD56670,876C7CE43774366250D3E768E690DAB9D4B5D5A3,44FAF1249D46C79CE33A5234D8501261C40E670D,2020-10-09 03:26:46.657000,2020-10-09 03:26:58.404000
xgq7ecj6yxgz5r72,,,,,,,44FE825405384A8CE396D3369F45A4D62ECDAF66,2020-10-09 03:26:58.405000,
hgatakym3ehbi74u,failed,not_found,504,B8F6E68B36BEE2BF548750BDCCC3C2A7DB56A623,29A39144AD141242436D07901F7A8B91F7516A66,9B2BC7EFD661072AFADC533BE8DCF1C19D8C2DCC,91FBAE8A92F3BDFBF86D8860CC7FF189B6A0D165,2020-10-09 03:26:46.658000,2020-10-09 03:27:02.297000
hgatakym3ehbi74u,,,,,,,91E4015E1F82DAF0121D62267E54A1F661AB6DC7,2020-10-09 03:27:02.298000,
paufffeqft3ovrci,failed,not_found,514,B8F6E68B36BEE2BF548750BDCCC3C2A7DB56A623,331452F317390D3C78BCD759170699E55C5570C9,7F10F53210AD6D1DBD38B330CB3EBBDE08826588,46BC57CFDC91DE75CBDA7D264A1FD4684A048B5C,2020-10-09 03:26:47.454000,2020-10-09 03:27:05.677000
paufffeqft3ovrci,,,,,,,872108C52C52CC10217A351C883E991AEDF7C470,2020-10-09 03:27:05.677000,
fd2tlsbgkxf6vuzb,failed,not_found,549,B8F6E68B36BEE2BF548750BDCCC3C2A7DB56A623,331452F317390D3C78BCD759170699E55C5570C9,F73036C92CD94D5A16DEA9E50FE4BEC2AF3DE171,780728D3ED2F128431DFC3BB2DBE21E80C20758F,2020-10-09 03:26:47.551000,2020-10-09 03:27:11.796000
fd2tlsbgkxf6vuzb,,,,,,,E4B478B4C4B7B489276E7BF5BF257A0F1EDF67BA,2020-10-09 03:27:11.797000,
wck3s2cdehcdslxw,failed,not_found,550,B8F6E68B36BEE2BF548750BDCCC3C2A7DB56A623,F9246DEF2B653807236DA134F2AEAB103D58ABFE,A5F835A8438D84C146DD540502AFF27F96E8F72E,C5D29A323B1952CF783C84408804F01926139E69,2020-10-09 03:26:47.637000,2020-10-09 03:27:11.797000
wck3s2cdehcdslxw,,,,,,,2935E0F03B71BE44F6F265FEF976E810BAAD6F4E,2020-10-09 03:27:11.798000,
z3p2hjgdyug6nzo3,failed,not_found,552,B8F6E68B36BEE2BF548750BDCCC3C2A7DB56A623,FD79B7F9230858B48E75F389661840C702511078,1CD48F4ED0F1821FFBF1940802A13EEFD4C27502,D0CDC93C97C8D4C275117F6D44B95F8909A01E96,2020-10-09 03:26:47.637000,2020-10-09 03:27:10.813000
z3p2hjgdyug6nzo3,,,,,,,E46C3F0533709EE2112874B13A4FE3868B33E75E,2020-10-09 03:27:10.813000,
7ofipgf2yxqmunpp,failed,not_found,568,B8F6E68B36BEE2BF548750BDCCC3C2A7DB56A623,5008E49954AC0CA0565FE8AF61D61617212ACBC7,875F74A3DC14737BECA06F8B500022154D1A29D1,B27115A20B05D40730A4020145EFA63381D9D51B,2020-10-09 03:26:47.683000,2020-10-09 03:27:13.792000
7ofipgf2yxqmunpp,,,,,,,B2741D35F0FDACE03350DBECD8BE8A84FEFB33DC,2020-10-09 03:27:13.792000,
5ztzecedqocmnjxu,failed,not_found,505,B8F6E68B36BEE2BF548750BDCCC3C2A7DB56A623,CBD00958A3B897774E333D75C24E6A75F5220DCC,D14EC16949648CEE84EA1664445029EA4B597074,DF3D6CBDF643522830C80FAB1039878A468490D7,2020-10-09 03:26:48.758000,2020-10-09 03:27:02.468000
5ztzecedqocmnjxu,,,,,,,11ABDB4D0B944F186A898560CB82C70439957DCA,2020-10-09 03:27:02.469000,
lmywlkpjcuwu3sl7,,,,,,,25990FC54D7268C914170A118EE4EE75025451DA,2020-10-09 03:26:48.758000,
ds73qstx54ivuigu,failed,not_found,530,B8F6E68B36BEE2BF548750BDCCC3C2A7DB56A623,D87698D8E2276C7E93D531B7C2A1B27D58C71876,E8BAE7393740A700D50B010DED9D9EC9A66B390D,237F905E744850CFE3B5108C9112FDFCE8DC05D6,2020-10-09 03:26:48.798000,2020-10-09 03:27:06.260000
ds73qstx54ivuigu,,,,,,,A9F7185499C5784E35B5C25744ED4AB75437CE5D,2020-10-09 03:27:06.261000,
n2zmjpaaxllafpjg,failed,not_found,532,B8F6E68B36BEE2BF548750BDCCC3C2A7DB56A623,63540827C4832D214984EA47B7A68C593F9F862F,72614C16C578D6732A9D9079A0905E8159BC44E4,CB1CE5D58F07BCACBD06FBA82ED2359D5E8CE911,2020-10-09 03:26:48.799000,2020-10-09 03:27:05.353000
n2zmjpaaxllafpjg,,,,,,,064D3C4CC1B854839B0979FE1C2F05ABAB7F9D68,2020-10-09 03:27:05.354000,
5ncv4tp3mlsi2z5w,failed,not_found,535,B8F6E68B36BEE2BF548750BDCCC3C2A7DB56A623,99339F3E68BCCC1391BF14C821D80766FE0C5956,03910F285A33F365838EC66EF2C2EF754D046760,B8E514ADDC653D61DE1FCB67821BB0303778782F,2020-10-09 03:26:48.881000,2020-10-09 03:27:06.606000
5ncv4tp3mlsi2z5w,,,,,,,B8D8E07448E0405F4275E52884ED9CEF63FEE4A3,2020-10-09 03:27:06.607000,
ahc4lyladbi76tvn,failed,not_found,572,B8F6E68B36BEE2BF548750BDCCC3C2A7DB56A623,FB691D6E3FEE35C6979EE72AF03A53DD861B4CBB,241BC5CA1085B12D48574129F4ACED77A7A65377,F92819F9B74BDF438FA9DA2E0163C3A1B44B0CEA,2020-10-09 03:26:49.689000,2020-10-09 03:27:15.765000
ahc4lyladbi76tvn,,,,,,,96D4C61DB5B38EC7ABE3DB9BB87A97A8587B8087,2020-10-09 03:27:15.765000,
thp7spavdcinoj7q,failed,not_found,575,B8F6E68B36BEE2BF548750BDCCC3C2A7DB56A623,DE8A58FCD4B84ADEC1F25078CD63F4BFC3DC9C80,F0F13714732C347312426EC2B8D5C4940EAA45BA,93FFDC0C36C316208AC6291DE754D733B4D88A13,2020-10-09 03:26:49.784000,2020-10-09 03:27:16.690000
thp7spavdcinoj7q,,,,,,,73A5A81688BD536BFBABE18630F5BD6306C9AC8E,2020-10-09 03:27:16.691000,
54wpmkcwmcqeq52u,failed,not_found,577,B8F6E68B36BEE2BF548750BDCCC3C2A7DB56A623,E130296683B896A117CE5DA531A5645644178734,F0C9513539800F762ECAE37F16370D7CBA5E52C2,00CCE6A84E6D63A1A42E105839BC8ED5D4B16669,2020-10-09 03:26:49.786000,2020-10-09 03:27:15.878000
54wpmkcwmcqeq52u,,,,,,,00962D2DD0B9BF3A6AF1D5EB201132388ACA1424,2020-10-09 03:27:15.879000,
kafwmh5mj6mbfcwg,failed,not_found,579,B8F6E68B36BEE2BF548750BDCCC3C2A7DB56A623,DA96AC308288FBFD4641F25F1FA44DDD62FFE42B,C2E3E1A73D46982994551380919F08EC5021A908,B3C6B4D26A20151F568D39ACFA63E15DBC01CD5D,2020-10-09 03:26:49.787000,2020-10-09 03:27:16.824000
kafwmh5mj6mbfcwg,,,,,,,FF7A8216F1D5FCE0F8E08E7F584DADEB29C46B8D,2020-10-09 03:27:16.825000,
4ghqh76xcosunjdw,failed,not_found,547,B8F6E68B36BEE2BF548750BDCCC3C2A7DB56A623,0C6CA58153400FA077EABB14773E36FD61BF0D75,8FA200E9EA2E4E07DA67F2FFD8789104F6A06512,7185B69E3267E71D0E4CBE30209677205DEA5E67,2020-10-09 03:26:49.836000,2020-10-09 03:27:10.061000
4ghqh76xcosunjdw,,,,,,,719E0BA572DE9CA95C6663BFF44297305C5293EC,2020-10-09 03:27:10.068000,
zfpk77wiy4zwdozo,,,,,,,6BA54D7805A44F63A75D70AFEC8D2DF6BA7BCAE0,2020-10-09 03:26:50.446000,
3uk2ifwritxcrtbk,failed,not_found,573,B8F6E68B36BEE2BF548750BDCCC3C2A7DB56A623,786ECA0A66DDC507672BF5987985D9F6E811E79E,5AE12CAAA489A0739F56E79CC287526FAB55A6FB,2D418A89F79DB4A8E658BA549FBB974D1D22DD1A,2020-10-09 03:26:50.447000,2020-10-09 03:27:15.507000
3uk2ifwritxcrtbk,,,,,,,2CFDBB78544AF1062C1F70C76D6A900F0F82C3F8,2020-10-09 03:27:15.508000,
xtgapbvirqxxokyq,,,,,,,81F59E8936D0B2105182E4B8200AC07D9274961F,2020-10-09 03:26:50.448000,
eyxsrma3i2adyd4d,,,,,,,E5A3F4D29B0E3AC5DD93D9921FE203702F558BD0,2020-10-09 03:26:50.449000,
x77eo7wlaqylqhce,,,,,,,6ED6758622A73F54F0EF59A9D31D71AABD7A70DA,2020-10-09 03:26:50.450000,
indu5lco7ol4ks45,,,,,,,102EA149211F490C122CACC4054F1BC6A8503EB4,2020-10-09 03:26:51.966000,
gedtpob3nuphufh4,,,,,,,94F367A130296C9EB92BE32E25AAEB7F227DE0D6,2020-10-09 03:26:51.967000,
54tcx2mfm5vvqors,,,,,,,0A178D302936F209AF3DA77CCC4E3C4D5DBE11E9,2020-10-09 03:26:52.104000,
seyk6fgydl4cbm5f,,,,,,,8F7E120C1D4371FEA19E3C158C180D7DE4EE505C,2020-10-09 03:26:52.105000,
ekuxsdovf26tif5q,,,,,,,B49EAAE4690E5CE762D1DF8B00FDE05970880EAD,2020-10-09 03:26:52.175000,
bq2wihh5aytbiql2,,,,,,,93C1E14CD600CF51B117DE736741E7400A069AFC,2020-10-09 03:26:52.443000,
5pq27hzttxelaj4u,,,,,,,F8D27B163B9247B232A2EEE68DD8B698695C28DE,2020-10-09 03:26:52.501000,
4wuiuteymxjkheu6,,,,,,,8287DADC415B3E667C617EEFB6E7D654C7AC0C47,2020-10-09 03:26:52.782000,
zibd7tpk4rdsxvvy,,,,,,,5E16EF9247D192830EF696B554B5C633188FFE27,2020-10-09 03:26:52.783000,
qnybrdph534tzxry,,,,,,,0136696B025AC5503847D736FE9F3D65EB27A596,2020-10-09 03:26:52.784000,
bdbuzewxehw4vsfh,,,,,,,FD969C3C4C9869228D03F3D7540CCFD14889B2E8,2020-10-09 03:26:53.539000,
7xk3go55bmuwhkhp,,,,,,,0B25110BA3473A6DC04AB58A3A0D5E4D6922A0E0,2020-10-09 03:26:53.668000,
e4ybcq6rnusea2eb,,,,,,,213F2B4AB09EE6FF8CA21B804B2E1BD8835088D3,2020-10-09 03:26:53.669000,
6eja7ftg24nija5g,,,,,,,9A783CAA9DABA178D9864471E9287045CBFDC726,2020-10-09 03:26:53.775000,
fowdt2tg3r5l42nm,,,,,,,1FBEAFC6CFE71F1EEC3D5F62A2D896B1F87B2F4D,2020-10-09 03:26:53.777000,
u5ffc37kyxzjdlak,,,,,,,4D2FCB3C654AD6AFCA4AF87E87AE72735F643D8B,2020-10-09 03:26:54.751000,
vwdhvynzsuomyt7x,,,,,,,D0681DAAABC320310B8616951D6C19F69F778A6F,2020-10-09 03:26:54.847000,
kzyquymsma6cvacq,,,,,,,8EC720BE33B7F6D59A3495B400BF36DEA6B97D21,2020-10-09 03:26:54.848000,
45tj2c3hb35bnm2c,,,,,,,EECADDB0CBB5725D4DDFE3D7E734E8261E0E9D09,2020-10-09 03:26:54.849000,
axp6vzax5s3lkjql,,,,,,,C8F6F6C1834454F1E927A4A05E8E54EB623D4B73,2020-10-09 03:26:54.973000,
nb67tfj7njjk3qht,,,,,,,24AF1603CDF4D118E1F7AEBF680C18BDA5E8F793,2020-10-09 03:26:55.704000,
7gyj5obaurehpy7x,,,,,,,A5B93F8313132071E1E654EBCCBFE9F1F073D98F,2020-10-09 03:26:55.767000,
hoghsuhs5i6r7a34,,,,,,,644DECC5A1879C0FE23DE927DD7049F58BBDF349,2020-10-09 03:26:55.768000,
gumatd5hmcle5ser,,,,,,,059208418A85DAEA537027F54AF9DB8A01AFF381,2020-10-09 03:26:55.846000,
ynbffdxay76q4okd,,,,,,,173EBA1FACA59718499AE8023187E5F95E8BF1C7,2020-10-09 03:26:55.923000,
k4lbmt7wq4mzuh6z,,,,,,,8AB40AD126DAC0C5A7C04B17CD85315E0D32B14E,2020-10-09 03:26:56.756000,
sj2brsdhsi4bdc5u,,,,,,,FF1E4DFC8C713B2092E76401C472FDCC03B7F809,2020-10-09 03:26:56.756000,
pgzd2nrbtvtqxwix,,,,,,,6796E53160714D908B39BCB0058CF488FF940336,2020-10-09 03:26:56.818000,
bez6ii7dcxprvtif,,,,,,,C50ED548D22C1908E58AA194AD3DC966FD267E06,2020-10-09 03:26:56.818000,
ipx5lhdaak2cag3r,,,,,,,98EAC67EA6814038285F1A100D786AD8A0CD2A5E,2020-10-09 03:26:56.962000,
pe2vi5s4eg6tkah2,,,,,,,90CBC3F3F13D5E0D5BFF3B1137A4AC64D389CF09,2020-10-09 03:26:57.715000,
d46covraimvojwok,,,,,,,0B3C8C2B2B1A1CA4429B9649F533BEB4D7470AEA,2020-10-09 03:26:57.880000,
s4nmfasbzllhsgb4,,,,,,,CE58CF666F209857502FCEAF1CB52F638AFFBD63,2020-10-09 03:26:57.880000,
6vubvljugdcpvxl2,,,,,,,E8AD8C4FDC3FE152150C005BB2EAA6A0990B74DF,2020-10-09 03:26:57.901000,
d3wtjlb6kkl4xree,,,,,,,C49E3E34591172A5340A1D37E5B4E3D0B91E0F15,2020-10-09 03:26:58.031000,
qupev26dcc6vfkpr,,,,,,,92E807AC5E23CCD9FE623EA4DC020B1627A0D09B,2020-10-09 03:26:58.660000,
ba365lebhw6lsmnj,,,,,,,F174EF31C85E764483F79B5E014C4D81C6F10AB3,2020-10-09 03:26:58.888000,
q5m67knb3h7nyu6n,,,,,,,6D4D5193A0E290C027FE6B66731133F70946A155,2020-10-09 03:26:58.889000,
kd3wva4apano2mv4,,,,,,,71539D1911ECB826069A4D156771AC4F9F4632A7,2020-10-09 03:26:58.984000,
xkcvwupuhmpswh4e,,,,,,,7430F66B1CABCB52D583C9C3035EE19A3E87A23E,2020-10-09 03:26:58.985000,
tzxe2ajkecy3toew,,,,,,,902A13399F14FFC7E2912463300C78A25C1F76B6,2020-10-09 03:26:59.838000,
wqxalm42lvba4zuo,,,,,,,2BA2C8E96B2590E1072AECE2BDB5C48921BF8510,2020-10-09 03:27:00.010000,
efttiuq7pe6vj7b3,,,,,,,742091486D04734C57D97BCEFB53D22ED0B77881,2020-10-09 03:27:00.011000,
ohbneahibr4ehat7,,,,,,,A8AC5C1BA09DB94123E2BB990984B8A89E2896B0,2020-10-09 03:27:00.012000,
pwnnsmal2lbwwkrb,,,,,,,9DA672F46D0AD9BA59B2FA56A8F343D38C78BF4C,2020-10-09 03:27:00.090000,
oqkyxjxotwilgmoy,,,,,,,61C2E2299BE15D8F3E3386D62D6D90F5DC2CA2F0,2020-10-09 03:27:00.796000,
faria3oa355t2r7y,,,,,,,0B3C8C2B2B1A1CA4429B9649F533BEB4D7470AEA,2020-10-09 03:27:00.797000,
aa625brgujs75hui,,,,,,,4FF3BECDCA79A51D1A83FF0A11A2FD9250B9B942,2020-10-09 03:27:00.799000,
gl5p5dsavlqlbwhb,,,,,,,425E358E94FB53E7F11AF2D9AB60DE25F534BA1A,2020-10-09 03:27:00.958000,
6fqxgenwh7ilap6t,,,,,,,DBD67767640197FF96EC6A87684464FC48F611B6,2020-10-09 03:27:00.959000,
uir3psjlb32kz4gj,,,,,,,2ABA91862FD0226372F063C94B8C37513EC8A6B7,2020-10-09 03:27:01.849000,
6n3vz4r33ysv5uyj,,,,,,,04D9CEA8D778ABA130B014F758C2BCADD31DA05E,2020-10-09 03:27:02.137000,
ohf6z4v5ya7bxtwy,,,,,,,B71E68A80C5156745DDE7741F6DE5E3202ABD092,2020-10-09 03:27:02.138000,
sgxd7jazuan3qsxe,,,,,,,B0537CD220A60ECF8045439658A53254C0D63DCB,2020-10-09 03:27:02.295000,
djnbxl42c2jvo3et,,,,,,,237F905E744850CFE3B5108C9112FDFCE8DC05D6,2020-10-09 03:27:02.296000,
c5mvzqi54mc23uov,,,,,,,BD32854443E891DBB685E43854BB382DEF081E94,2020-10-09 03:27:02.758000,
d3sxndocjwzigw6z,,,,,,,DD8BD7307017407FCC36F8D04A688F74A0774C02,2020-10-09 03:27:02.758000,
udym53xg4andeezs,,,,,,,E05EAB588285C01E8807F00A07CDBBC4662A58D9,2020-10-09 03:27:02.759000,
yvqkguljdu74qen3,,,,,,,CA95B3584C44DED8107AF5B3D8C25C562CC64DD4,2020-10-09 03:27:02.927000,
5uoucmseq7d3ed5s,,,,,,,ED325E5B2BBB2785D8DF5FC98BED9CB207A15B45,2020-10-09 03:27:02.929000,
g5orckufrtmnnjxi,,,,,,,1E5618C079D74CF9AE0C5370DE4C6E1AFD5C0B39,2020-10-09 03:27:03.638000,
p3waqptnogq6j24j,,,,,,,08CD9D4224058DC97A1F27679A5BEE5724C4C6EC,2020-10-09 03:27:03.928000,
pqwq4okqnrgezqpb,,,,,,,3AE9B85D5945000C2A65F4E054171928D5BDE91E,2020-10-09 03:27:03.931000,
vlbln4ybdbcgg3aw,,,,,,,DD0AA66DD9E4E71FFAFAB658DF8300F1CEEA0364,2020-10-09 03:27:04.044000,
c7bc3dcbjx6bwyfj,,,,,,,F9E32D4058F7F35E9BC4F1D8C3B2DAA0C4466660,2020-10-09 03:27:04.045000,
nxdyagipnxq66ivo,,,,,,,1A25F64FCACEB588B42429F5C463BD0396524280,2020-10-09 03:27:04.755000,
zaox5oefvj4hbknq,,,,,,,56DCA89A6B41ADA30E891EF65FDCC071DC05079B,2020-10-09 03:27:04.907000,
qlg5cttkw352qunv,,,,,,,0F6E5CA4BF5565D9AA9FDDCA165AFC6A5305763D,2020-10-09 03:27:04.908000,
fqjfzqjjfkowr74k,,,,,,,3D9CE80399B68C01377FEC42395E399B9ED16E18,2020-10-09 03:27:04.999000,
ozdesmzwczl5vep3,,,,,,,5EF0AAAEEE7B1282DA0DBAB94669B73E39DD51B6,2020-10-09 03:27:05,
a4tk6m6pjdhshzpv,,,,,,,78D1C8763DE548839DDA41C95E7796DD43240355,2020-10-09 03:27:05.784000,
nykdnbad6ej6mzwi,,,,,,,4B1F5DBFBFC81BDB719FC7A8C540A945DC487261,2020-10-09 03:27:05.959000,
ozo4cocynutqzk2o,,,,,,,5A8A80399011B703FDB40E11226A389162DE0DD1,2020-10-09 03:27:05.960000,
wpbwxc5742l7psok,,,,,,,1EDE36198865B97C22D94D94E4097C8BE963C33F,2020-10-09 03:27:06.259000,
oscbqxuk72chflgq,,,,,,,47A3D00525F041F382B398BF95BC58E0EC23276B,2020-10-09 03:27:06.260000,
qeuputwhqdcyrose,,,,,,,C78D4AB34C920D156160C811C39B1BB92A6BED7D,2020-10-09 03:27:06.747000,
g7jeisb2rarzcbhh,,,,,,,F43C497039F836FE32DE416F4CBD97892C3F6E9E,2020-10-09 03:27:07.046000,
vbudr6lef6bgzcfl,,,,,,,EC15DB62D9101481F364DE52EB8313C838BDDC29,2020-10-09 03:27:07.047000,
cgarazzyphcdnoqs,,,,,,,F8D27B163B9247B232A2EEE68DD8B698695C28DE,2020-10-09 03:27:07.149000,
2grb4yivgord5o76,,,,,,,E432C6B90254DD0675F86D3E4D5F3A2CA100DE8B,2020-10-09 03:27:07.390000,
jemgdcmdsf4fbkxk,,,,,,,B3D56C1E0AD84BA93AF6DC533A8569C3D0E8A58B,2020-10-09 03:27:08.151000,
pj7k764hfbwmgiwp,,,,,,,A2415E2FEF1972055EC0CBDF688717DF4C453AED,2020-10-09 03:27:08.153000,
m2evfasd3pogjqkd,,,,,,,0BE6EEB76C5641BF5D2E63C49C28CD50D2A40C15,2020-10-09 03:27:08.334000,
6eyfbv4y35ucuqds,,,,,,,A81B621D6401BBEEC8E2C84228141BAFA711D0D9,2020-10-09 03:27:08.336000,
rbugyruphupylqno,,,,,,,0D58067912EA84D955565C82A4C00A47CDEF11DC,2020-10-09 03:27:08.338000,
vmtagdsoavyieknn,,,,,,,C3B5C9391E36631ABEA89A19C24750DBDFF7CEC8,2020-10-09 03:27:09.116000,
bwipkggriovofqsd,,,,,,,D76110E770FB5F6D09CB801D6379C33A1A6C0CC3,2020-10-09 03:27:09.599000,
v6lrormt2zpjjp2d,,,,,,,6E66D978514FF86CDEF01FE30C23A1002925AA02,2020-10-09 03:27:09.602000,
67uzwwmb7yod3scu,,,,,,,51CD9DB00357405FC41AF0FA513688D02BDA0C0E,2020-10-09 03:27:09.830000,
wkpiyuk5q7jqfrun,,,,,,,7BB70F8585DFC27E75D692970C0EEB0F22983A63,2020-10-09 03:27:10.059000,
vfvbkrqjknvs24qv,,,,,,,D46F368FDCFB9363A2A9B8279FFC2331B540BD0E,2020-10-09 03:27:10.372000,
t6gl2roybzzquwcv,,,,,,,08602BACB604139F07C9530DFC243454C48B9749,2020-10-09 03:27:10.580000,
x3o3tnava43dsgkr,,,,,,,17CC4D25E33993D011CDA6E68806435FFFD2E6C7,2020-10-09 03:27:10.581000,
fcxnuz4hrhz53iy2,,,,,,,C643C72A103C7BF93B1DF9F4F8286512B9C4438C,2020-10-09 03:27:10.810000,
azxxiwukqkixqb2k,,,,,,,72A33E374DE5AD1E617394896F0FD8B092D3E7C4,2020-10-09 03:27:10.812000,
o2t6nyavy4khhhaj,,,,,,,425E358E94FB53E7F11AF2D9AB60DE25F534BA1A,2020-10-09 03:27:11.296000,
ikqxwhbmkflcikk4,,,,,,,7E3279806041BA178283F61ED9EF7B535C54B839,2020-10-09 03:27:11.299000,
syyptwh5cvbbi646,,,,,,,13E07E74D492BAC41B6C83DF66CD6022C576C4CF,2020-10-09 03:27:11.563000,
i52buudn3sodv6rg,,,,,,,C8AB1B2AF0CBAAE3611A814B4C7D38DCE0CBFEB4,2020-10-09 03:27:11.564000,
ld3vfzoajloxbf2z,,,,,,,2D8A907F61CAED48170963B76BE4FB0ED33E5E88,2020-10-09 03:27:11.693000,
tvuvtlfjkccotesf,,,,,,,5A224EFAC453F7EF2D0435E336890DECDC5CEBFD,2020-10-09 03:27:12.156000,
stepk2s5hgvgqr2d,,,,,,,AFC3229821ECB82E654DCFD1BC74ED533A6A383A,2020-10-09 03:27:12.641000,
2xyb56fwpd37eea3,,,,,,,60E4C5E306D2DB22890EE24A09F9B6C30AF396A8,2020-10-09 03:27:12.644000,
edwi7twc5xaruxal,,,,,,,C0833D395E81F19EC5F3BBC60D89470BE2F15199,2020-10-09 03:27:12.773000,
ffpiwsvuiznux26l,,,,,,,554CE9DE4480AC2F11825BEE0CD543CC14FE9C43,2020-10-09 03:27:12.773000,
pe4xnjbd54s7yjir,,,,,,,87987C8B85AEB73A866A67AC696114CFE27E7E77,2020-10-09 03:27:13.011000,
n2ocuslnx447vun2,,,,,,,89FD4FB2A5FD73B50F2E5D85C4707883F8CD5130,2020-10-09 03:27:13.265000,
56lpsu2wtydhrxgr,,,,,,,DF2A241897F04A7D0C2A195D81E0CB1271AD5B6F,2020-10-09 03:27:13.266000,
rlgmir4jzipd4c3y,,,,,,,C74469EC04787CC458FB1DCDF456C5092CF08B19,2020-10-09 03:27:13.529000,
k5btm2vn5kyfjk6r,,,,,,,1F00A270AFDA1172DEDEC138AFEE977CFFB0FAD1,2020-10-09 03:27:13.531000,
ppvzglpb6d2bclqi,,,,,,,24D0491A2ADAAB52C17625FBC926D84477AEA322,2020-10-09 03:27:14.158000,
kqrkakx5qe42zvsr,,,,,,,3B5C6ED2C1DECEB32BF1AD9B7B272F4CE9CE0656,2020-10-09 03:27:14.160000,
4idifie4bto6jbzo,,,,,,,99D56885FD9160FBA33A6468BA1134B60837DC21,2020-10-09 03:27:14.160000,
o42flnosqm65q2pq,,,,,,,14CF04009FFE81448391F3FA626E9D2F114BDE54,2020-10-09 03:27:14.375000,
434bbuqz5tpecqgs,,,,,,,2A2317324FEE89B9E6B0E3F53AF42B4C7BA34882,2020-10-09 03:27:14.381000,
aexqn4bly4fa4tc3,,,,,,,8839E8FBE28219B85392EEA5A4DBC41D315F4B83,2020-10-09 03:27:14.890000,
74bma7yjl5yig3jt,,,,,,,56731D73A7BF7600C2942ED84F2371B9BE26117C,2020-10-09 03:27:14.891000,
nlv4p6r5imo4fsxu,,,,,,,8FD3BAF5E14EBE1124D6253D59882AFE1C2B9B8E,2020-10-09 03:27:14.892000,
k7zhsx5fddmwqi3j,,,,,,,270835EE49A6090065A7555A734C414F8E5F03FE,2020-10-09 03:27:15.008000,
n2bx7zglxgpch2un,,,,,,,7DEE0F8F19D4C3BF646C8041BC5BE7A9085DFCF4,2020-10-09 03:27:15.390000,
wk2viivqdw7wec65,,,,,,,E8F0AE14151458A57A3812EFB139A97CC489C8DF,2020-10-09 03:27:15.655000,
p4iy53lsar2vcxkr,,,,,,,CE863C22AD5ABBEAF606AE35A22781C409D895E5,2020-10-09 03:27:15.766000,
meluibzjxnv6qgx5,,,,,,,9556C2C62CA9A9A296C049BA7BDC10ABD3FF0170,2020-10-09 03:27:15.767000,
rfovvzgdfjhjye33,,,,,,,2CCCE975EAA30BC303DE0B5FCE50A25917F6A531,2020-10-09 03:27:16.004000,
5a2vghalcpfbkdco,,,,,,,97755455E7DC4E95F0F2EE660FCF11726B6BF69A,2020-10-09 03:27:16.005000,
p44u5ufwdjsyswg2,,,,,,,46EC7BB31BFEC251B89E0C0715DEC4AA8208A1BA,2020-10-09 03:27:16.960000,
x6xykz4ufmotym6v,,,,,,,7A8089D801EC09B20B1091CB031C79B7E0371818,2020-10-09 03:27:17.205000,
47xooqi7biu7txyf,,,,,,,2A6E7ABF43F9796AD4A13DF2B2047F90E7291A5F,2020-10-09 03:27:17.206000,
oskozwsojxgj3zwq,,,,,,,1A2B77AD0A742CD804B9DD747E2DD8E38D06C915,2020-10-09 03:27:17.207000,
kymexb7yzlhpbehf,,,,,,,B204DE75B37064EF6A4C6BAF955C5724578D0B32,2020-10-09 03:27:17.457000,
ktsfyv6bdglag52m,,,,,,,96A5167371D784ECE979A1E4504D25ABFE853E8C,2020-10-09 03:27:18.216000,
puivwzgplj4sttqp,,,,,,,F0832608B0D52E7B4418E54E655CA18A585DEDB8,2020-10-09 03:27:18.216000,
uxkwg4gjqf2tr6vy,,,,,,,90A5D1355C4B5840E950EB61E673863A6AE3ACA1,2020-10-09 03:27:18.475000,
7q4oxpjlre6nlgpu,,,,,,,4B4D7C727B603EF6777DC0BC3D169179CA977140,2020-10-09 03:27:18.765000,
oajcupuk2ttwdg3a,,,,,,,A95E579F730F719941392B6282676319839627F5,2020-10-09 03:27:18.767000,
hi4wmdgb5gjfazba,,,,,,,7CD234DFEFE8F215EC9AE2BC1D2CAFC9E0D1CC00,2020-10-09 03:27:19.347000,
tdon62ua3ffvvngd,,,,,,,AA4AF27D6A573B0EEB234AEF89750CA6E6141C0E,2020-10-09 03:27:19.348000,
ertwo26apmufpkks,,,,,,,06F3D7DCAB6AA14AD1D6A277DDAB1120D86E394E,2020-10-09 03:27:19.636000,
rr7aoxj74rnb374r,,,,,,,1283EBDEEC2B9D745F1E7FBE83407655B984FD66,2020-10-09 03:27:19.646000,
sds4edfvucanzu54,,,,,,,754CB99117E6ED570DFCFB7D9F12674B97A4E28E,2020-10-09 03:27:19.646000,
uvbytm5qp6ojgl6h,,,,,,,90FD830C357A5109AB3C505287713F1AC811174C,2020-10-09 03:27:20.082000,
tboeilno4t57ewp7,,,,,,,FB13B3060516E4C50E5E178227A036977103E4AD,2020-10-09 03:27:20.083000,
7gf3huwcoe2gpsbv,,,,,,,9CFA49D7F6C1774FFECC12AD3F3E59BD781285EF,2020-10-09 03:27:20.386000,
6twebm42rymh4a5m,,,,,,,654D634FC4281B16FAB7217BABDC3F179A8F2D29,2020-10-09 03:27:20.387000,
plblbz6a46ijubrw,,,,,,,0258C142CA27DAE7FE9CC8ECFC899F3358635989,2020-10-09 03:27:20.388000,
